
U-Boot SPL 2026.04-rc3-dirty (Feb 24 2026 - 23:57:14 -0300)
DDR version: dc2e84f0.
Trying to boot from SPI










This is EPOS!

Setting up this machine as follows: 
  Mode:         library
  Processor:    4 x RV64 at 600 MHz (BUS clock = 33 MHz)
  Machine:      VisionFive2
  Memory:       131072 KB [0x0000000040000000:0x0000000047ffffff]
  User memory:  130551 KB [0x0000000040000000:0x0000000047f7dfff]
  I/O space:    524288 KB [0x0000000000000000:0x000000001fffffff]
  Node Id:      will get from the network!
  Position:     will get from the network!

<0>: Monitor::init: system event 0 at 10 Hz created :<0>
<0>: Monitor::init: system event 1 at 10 Hz created :<0>
<0>: Monitor::init: system event 2 at 10 Hz created :<0>
<0>: Monitor::init: system event 3 at 10 Hz created :<0>
<0>: Monitor::init: system event 4 at 10 Hz created :<0>
Stress feature test
Running experiments with the following configurations:
>  Measure time: true
>  Test duration: 5
>  Selected taskset: 1
CPU Clock: clk_mux_sel: 1
pll0_fbdiv: 125
saif_syscfg_32: 1163220309
pll0_frac: 5592405
pll0_postdiv1_shift: 0
pll0_prediv: 2
clk_cpu_div: 1
1503999999Hz
PMIC Voltage: 1040mV
Taskset initialization...
Done.
Creating threads...
>  Thread[0]: period = 500000, deadline = 500000, wcet = 100000, activation = 10
000, times = 10, cpu = 1
>  Thread[1]: period = 500000, deadline = 500000, wcet = 100000, activation = 10
000, times = 10, cpu = 1
>  Thread[2]: period = 500000, deadline = 500000, wcet = 100000, activation = 10
000, times = 10, cpu = 2
>  Thread[3]: period = 500000, deadline = 500000, wcet = 100000, activation = 10
000, times = 10, cpu = 2
>  Thread[4]: period = 500000, deadline = 500000, wcet = 100000, activation = 10
000, times = 10, cpu = 3
>  Thread[5]: period = 500000, deadline = 500000, wcet = 100000, activation = 10
000, times = 10, cpu = 3
Done
Current time: 8088835
>  Iteration [0]...
<1>: IC::Exception(7) => {thread=0x0000000047c51890,atp=0x0000000000000000,usp=0
x0000000000000000,ksp=0x0000000047c514f8,status=0x8000000a00007880,cause=7,epc=0
x0000000040001da8,tval=0xfffffffe4d62186c} => data protection violation (write) 
:<1>

PANIC: unexpected error!
Rebooting the machine!
>  Iteration [1]...
>  Iteration [2]...
>  Iteration [3]...

U-Boot SPL 2026.04-rc3-dirty (Feb 24 2026 - 23:57:14 -0300)
DDR version: dc2e84f0.
Trying to boot from SPI










This is EPOS!

Setting up this machine as follows: 
  Mode:         library
  Processor:    4 x RV64 at 600 MHz (BUS clock = 33 MHz)
  Machine:      VisionFive2
  Memory:       131072 KB [0x0000000040000000:0x0000000047ffffff]
  User memory:  130551 KB [0x0000000040000000:0x0000000047f7dfff]
  I/O space:    524288 KB [0x0000000000000000:0x000000001fffffff]
  Node Id:      will get from the network!
  Position:     will get from the network!

<0>: Monitor::init: system event 0 at 10 Hz created :<0>
<0>: Monitor::init: system event 1 at 10 Hz created :<0>
<0>: Monitor::init: system event 2 at 10 Hz created :<0>
<0>: Monitor::init: system event 3 at 10 Hz created :<0>
<0>: Monitor::init: system event 4 at 10 Hz created :<0>
Stress feature test
Running experiments with the following configurations:
>  Measure time: true
>  Test duration: 5
>  Selected taskset: 1
CPU Clock: clk_mux_sel: 1
pll0_fbdiv: 125
saif_syscfg_32: 1163220309
pll0_frac: 5592405
pll0_postdiv1_shift: 0
pll0_prediv: 2
clk_cpu_div: 1
1503999999Hz
PMIC Voltage: 1040mV
Taskset initialization...
Done.
Creating threads...
>  Thread[0]: period = 500000, deadline = 500000, wcet = 100000, activation = 10
000, times = 10, cpu = 1
>  Thread[1]: period = 500000, deadline = 500000, wcet = 100000, activation = 10
000, times = 10, cpu = 1
>  Thread[2]: period = 500000, deadline = 500000, wcet = 100000, activation = 10
000, times = 10, cpu = 2
>  Thread[3]: period = 500000, deadline = 500000, wcet = 100000, activation = 10
000, times = 10, cpu = 2
>  Thread[4]: period = 500000, deadline = 500000, wcet = 100000, activation = 10
000, times = 10, cpu = 3
>  Thread[5]: period = 500000, deadline = 500000, wcet = 100000, activation = 10
000, times = 10, cpu = 3
Done
Current time: 8088765
>  Iteration [0]...
<1>: IC::Exception(7) => {thread=0x0000000047c51890,atp=0x0000000000000000,usp=0
x0000000000000000,ksp=0x0000000047c514f8,status=0x8000000a00007880,cause=7,epc=0
x0000000040001da8,tval=0xffffffff48703ac4} => data protection violation (write) 
:<1>

PANIC: unexpected error!
Rebooting the machine!
>  Iteration [1]...
>  Iteration [2]...
>  Iteration [3]...
>  Iteration [4]...

U-Boot SPL 2026.04-rc3-dirty (Feb 24 2026 - 23:57:14 -0300)
DDR version: dc2e84f0.
Trying to boot from SPI










This is EPOS!

Setting up this machine as follows: 
  Mode:         library
  Processor:    4 x RV64 at 600 MHz (BUS clock = 33 MHz)
  Machine:      VisionFive2
  Memory:       131072 KB [0x0000000040000000:0x0000000047ffffff]
  User memory:  130551 KB [0x0000000040000000:0x0000000047f7dfff]
  I/O space:    524288 KB [0x0000000000000000:0x000000001fffffff]
  Node Id:      will get from the network!
  Position:     will get from the network!

<0>: Monitor::init: system event 0 at 10 Hz created :<0>
<0>: Monitor::init: system event 1 at 10 Hz created :<0>
<0>: Monitor::init: system event 2 at 10 Hz created :<0>
<0>: Monitor::init: system event 3 at 10 Hz created :<0>
<0>: Monitor::init: system event 4 at 10 Hz created :<0>
Stress feature test
Running experiments with the following configurations:
>  Measure time: true
>  Test duration: 5
>  Selected taskset: 1
CPU Clock: clk_mux_sel: 1
pll0_fbdiv: 125
saif_syscfg_32: 1163220309
pll0_frac: 5592405
pll0_postdiv1_shift: 0
pll0_prediv: 2
clk_cpu_div: 1
1503999999Hz
PMIC Voltage: 1040mV
Taskset initialization...
Done.
Creating threads...
>  Thread[0]: period = 500000, deadline = 500000, wcet = 100000, activation = 10
000, times = 10, cpu = 1
>  Thread[1]: period = 500000, deadline = 500000, wcet = 100000, activation = 10
000, times = 10, cpu = 1
>  Thread[2]: period = 500000, deadline = 500000, wcet = 100000, activation = 10
000, times = 10, cpu = 2
>  Thread[3]: period = 500000, deadline = 500000, wcet = 100000, activation = 10
000, times = 10, cpu = 2
>  Thread[4]: period = 500000, deadline = 500000, wcet = 100000, activation = 10
000, times = 10, cpu = 3
>  Thread[5]: period = 500000, deadline = 500000, wcet = 100000, activation = 10
000, times = 10, cpu = 3
Done
Current time: 8088786
>  Iteration [0]...
>  Iteration [1]...
<1>: IC::Exception(7) => {thread=0x0000000047c51890,atp=0x0000000000000000,usp=0
x0000000000000000,ksp=0x0000000047c514f8,status=0x8000000a00007880,cause=7,epc=0
x0000000040001da8,tval=0xfffffffe4ff68cb0} => data protection violation (write) 
:<1>

PANIC: unexpected error!
Rebooting the machine!
>  Iteration [2]...
>  Iteration [3]...
>  Iteration [4]...

(C)StarFive
CCCCCCCCCCC
U-Boot SPL 2026.04-rc3-dirty (Feb 24 2026 - 23:57:14 -0300)
DDR version: dc2e84f0.
Trying to boot from SPI










This is EPOS!

Setting up this machine as follows: 
  Mode:         library
  Processor:    4 x RV64 at 600 MHz (BUS clock = 33 MHz)
  Machine:      VisionFive2
  Memory:       131072 KB [0x0000000040000000:0x0000000047ffffff]
  User memory:  130551 KB [0x0000000040000000:0x0000000047f7dfff]
  I/O space:    524288 KB [0x0000000000000000:0x000000001fffffff]
  Node Id:      will get from the network!
  Position:     will get from the network!

<0>: Monitor::init: system event 0 at 10 Hz created :<0>
<0>: Monitor::init: system event 1 at 10 Hz created :<0>
<0>: Monitor::init: system event 2 at 10 Hz created :<0>
<0>: Monitor::init: system event 3 at 10 Hz created :<0>
<0>: Monitor::init: system event 4 at 10 Hz created :<0>
Stress feature test
Running experiments with the following configurations:
>  Measure time: true
>  Test duration: 10
>  Selected taskset: 1
CPU Clock: clk_mux_sel: 1
pll0_fbdiv: 125
saif_syscfg_32: 1163220309
pll0_frac: 5592405
pll0_postdiv1_shift: 0
pll0_prediv: 2
clk_cpu_div: 1
1503999999Hz
PMIC Voltage: 1040mV
Taskset initialization...
Done.
Creating threads...
>  Thread[0]: period = 500000, deadline = 500000, wcet = 100000, activation = 10
000, times = 20, cpu = 1
Done
Current time: 8079824
>  Iteration [0]...
>  Iteration [1]...
>  Iteration [2]...
>  Iteration [3]...
>  Iteration [4]...
>  Iteration [5]...
>  Iteration [6]...
>  Iteration [7]...
>  Iteration [8]...
>  Iteration [9]...
Returned to application main!
Elapsed: 10516675
Threads: 1
-----------------------------------------------------
...............Threads Timing Behavior...............
-----------------------------------------------------
Task [0]: 0x0000000047ea1b58
>   Counted iterations: 20
>   Execution time: 2884833 us
>   Job WCET: 144295 us
>   Iteration WCET: 144295 us
>   Average job runtime: 144241 us
>   Agerage iteration runtime: 144241 us
>   Iterations per job: 1
Taskset deallocation...
>  Deleting thread 0x0000000047ea1b58
Done.
FINAL_TS<10563171>
begin_data
CPU0
TS,0
102885,646
203035,746
303185,846
403335,946
503487,1046
603621,1146
703763,1246
803913,1346
904063,1446
1004215,1546
1105349,1647
1205490,1747
1305640,1847
1405790,1947
1505941,2047
1606074,2147
1706215,2247
1806365,2347
1906515,2447
2006666,2547
2107800,2648
2207941,2748
2308091,2848
2408241,2948
2508392,3048
2608525,3148
2708667,3248
2808817,3348
2908967,3448
3009119,3548
3110252,3649
3210395,3749
3310545,3849
3410695,3949
3510846,4049
3610976,4149
3711118,4249
3811268,4349
3911418,4449
4011570,4549
4112704,4650
4212848,4750
4312998,4850
4413148,4950
4513299,5050
4613431,5150
4713573,5250
4813723,5350
4913873,5450
5014024,5550
5115158,5651
5215300,5751
5315449,5851
5415599,5951
5515750,6051
5615881,6151
5716023,6251
5816173,6351
5916323,6451
6016473,6551
6117607,6652
6217749,6752
6317899,6852
6418049,6952
6518199,7052
6618330,7152
6718472,7252
6818622,7352
6918772,7452
7018922,7552
7120056,7653
7220197,7753
7320348,7853
7420497,7953
7520647,8053
7620779,8153
7720921,8253
7821071,8353
7921221,8453
8021372,8553
8122506,8654
8222646,8754
8322796,8854
8422946,8954
8523097,9054
8623229,9154
8723370,9254
8823520,9354
8923670,9454
9023821,9554
9124953,9655
9225095,9755
9325245,9855
9425395,9955
9525545,10055
9625675,10155
9725816,10255
9825966,10355
9926116,10455
10026266,10555
10126397,10655
10226538,10755
10326688,10855
10426838,10955
TS,1
102886,0
203036,0
303185,0
403335,0
503488,0
603622,0
703764,0
803913,0
904063,0
1004215,0
1105350,0
1205491,0
1305641,0
1405791,0
1505942,0
1606075,0
1706215,0
1806365,0
1906515,0
2006667,0
2107801,0
2207941,0
2308091,0
2408241,0
2508393,0
2608526,0
2708668,0
2808817,0
2908967,0
3009120,0
3110252,0
3210395,0
3310545,0
3410695,0
3510846,0
3610977,0
3711119,0
3811269,0
3911419,0
4011571,0
4112705,0
4212848,0
4312998,0
4413148,0
4513299,0
4613431,0
4713574,0
4813723,0
4913873,0
5014025,0
5115159,0
5215300,0
5315450,0
5415600,0
5515750,0
5615881,0
5716023,0
5816173,0
5916323,0
6016474,0
6117607,0
6217749,0
6317899,0
6418049,0
6518200,0
6618331,0
6718472,0
6818622,0
6918772,0
7018923,0
7120057,0
7220198,0
7320348,0
7420498,0
7520648,0
7620780,0
7720921,0
7821071,0
7921221,0
8021373,0
8122506,0
8222647,0
8322797,0
8422947,0
8523097,0
8623230,0
8723371,0
8823520,0
8923670,0
9023822,0
9124954,0
9225095,0
9325245,0
9425395,0
9525546,0
9625676,0
9725816,0
9825966,0
9926116,0
10026267,0
10126398,0
10226539,0
10326688,0
10426838,0
TS,2
102886,0
203036,0
303186,0
403336,0
503488,0
603623,0
703764,0
803914,0
904064,0
1004216,0
1105350,0
1205491,0
1305641,0
1405791,0
1505943,0
1606076,0
1706215,0
1806365,0
1906515,0
2006667,0
2107802,0
2207942,0
2308091,0
2408241,0
2508394,0
2608527,0
2708668,0
2808818,0
2908968,0
3009120,0
3110253,0
3210396,0
3310545,0
3410695,0
3510847,0
3610978,0
3711119,0
3811269,0
3911419,0
4011572,0
4112705,0
4212849,0
4312998,0
4413148,0
4513300,0
4613432,0
4713574,0
4813724,0
4913874,0
5014026,0
5115160,0
5215300,0
5315450,0
5415600,0
5515751,0
5615882,0
5716024,0
5816173,0
5916323,0
6016475,0
6117608,0
6217750,0
6317899,0
6418049,0
6518200,0
6618332,0
6718473,0
6818622,0
6918772,0
7018924,0
7120058,0
7220199,0
7320348,0
7420498,0
7520649,0
7620781,0
7720922,0
7821071,0
7921221,0
8021374,0
8122507,0
8222647,0
8322797,0
8422947,0
8523098,0
8623231,0
8723371,0
8823521,0
8923671,0
9023822,0
9124955,0
9225096,0
9325245,0
9425395,0
9525546,0
9625677,0
9725817,0
9825966,0
9926116,0
10026268,0
10126399,0
10226539,0
10326689,0
10426839,0
TS,3
102886,4611686018427387903
203036,4611686018427387903
303186,4611686018427387903
403336,4611686018427387903
503489,4611686018427387903
603623,4611686018427387903
703764,4611686018427387903
803914,4611686018427387903
904064,4611686018427387903
1004217,4611686018427387903
1105351,4611686018427387903
1205492,4611686018427387903
1305641,4611686018427387903
1405791,4611686018427387903
1505943,4611686018427387903
1606076,4611686018427387903
1706216,4611686018427387903
1806365,4611686018427387903
1906515,4611686018427387903
2006668,4611686018427387903
2107802,4611686018427387903
2207942,4611686018427387903
2308091,4611686018427387903
2408241,4611686018427387903
2508394,4611686018427387903
2608527,4611686018427387903
2708668,4611686018427387903
2808818,4611686018427387903
2908968,4611686018427387903
3009121,4611686018427387903
3110254,4611686018427387903
3210396,4611686018427387903
3310545,4611686018427387903
3410695,4611686018427387903
3510848,4611686018427387903
3610978,4611686018427387903
3711119,4611686018427387903
3811269,4611686018427387903
3911419,4611686018427387903
4011572,4611686018427387903
4112706,4611686018427387903
4212849,4611686018427387903
4312998,4611686018427387903
4413148,4611686018427387903
4513301,4611686018427387903
4613433,4611686018427387903
4713574,4611686018427387903
4813724,4611686018427387903
4913874,4611686018427387903
5014027,4611686018427387903
5115160,4611686018427387903
5215300,4611686018427387903
5315450,4611686018427387903
5415600,4611686018427387903
5515752,4611686018427387903
5615883,4611686018427387903
5716024,4611686018427387903
5816173,4611686018427387903
5916323,4611686018427387903
6016476,4611686018427387903
6117609,4611686018427387903
6217750,4611686018427387903
6317899,4611686018427387903
6418049,4611686018427387903
6518201,4611686018427387903
6618332,4611686018427387903
6718473,4611686018427387903
6818622,4611686018427387903
6918772,4611686018427387903
7018924,4611686018427387903
7120059,4611686018427387903
7220199,4611686018427387903
7320348,4611686018427387903
7420498,4611686018427387903
7520650,4611686018427387903
7620782,4611686018427387903
7720922,4611686018427387903
7821072,4611686018427387903
7921221,4611686018427387903
8021374,4611686018427387903
8122508,4611686018427387903
8222648,4611686018427387903
8322797,4611686018427387903
8422947,4611686018427387903
8523099,4611686018427387903
8623232,4611686018427387903
8723371,4611686018427387903
8823521,4611686018427387903
8923671,4611686018427387903
9023823,4611686018427387903
9124956,4611686018427387903
9225096,4611686018427387903
9325245,4611686018427387903
9425395,4611686018427387903
9525547,4611686018427387903
9625678,4611686018427387903
9725817,4611686018427387903
9825966,4611686018427387903
9926116,4611686018427387903
10026269,4611686018427387903
10126399,4611686018427387903
10226539,4611686018427387903
10326689,4611686018427387903
10426839,4611686018427387903
TS,4
102887,1207149584
203036,1207149584
303186,1207149584
403336,1207149584
503490,1207149584
603624,1207149584
703765,1207149584
803914,1207149584
904064,1207149584
1004218,1207149584
1105352,1207149584
1205492,1207149584
1305641,1207149584
1405791,1207149584
1505944,1207149584
1606077,1207149584
1706216,1207149584
1806366,1207149584
1906515,1207149584
2006669,1207149584
2107803,1207149584
2207942,1207149584
2308092,1207149584
2408242,1207149584
2508395,1207149584
2608528,1207149584
2708669,1207149584
2808818,1207149584
2908968,1207149584
3009122,1207149584
3110255,1207149584
3210396,1207149584
3310545,1207149584
3410696,1207149584
3510849,1207149584
3610979,1207149584
3711120,1207149584
3811269,1207149584
3911419,1207149584
4011573,1207149584
4112707,1207149584
4212849,1207149584
4312998,1207149584
4413148,1207149584
4513302,1207149584
4613433,1207149584
4713575,1207149584
4813724,1207149584
4913874,1207149584
5014028,1207149584
5115162,1207149584
5215301,1207149584
5315450,1207149584
5415600,1207149584
5515753,1207149584
5615884,1207149584
5716024,1207149584
5816174,1207149584
5916323,1207149584
6016477,1207149584
6117610,1207149584
6217750,1207149584
6317899,1207149584
6418049,1207149584
6518202,1207149584
6618333,1207149584
6718473,1207149584
6818622,1207149584
6918772,1207149584
7018925,1207149584
7120060,1207149584
7220199,1207149584
7320348,1207149584
7420498,1207149584
7520651,1207149584
7620782,1207149584
7720922,1207149584
7821072,1207149584
7921222,1207149584
8021375,1207149584
8122509,1207149584
8222648,1207149584
8322797,1207149584
8422947,1207149584
8523100,1207149584
8623232,1207149584
8723372,1207149584
8823521,1207149584
8923671,1207149584
9023825,1207149584
9124957,1207149584
9225096,1207149584
9325245,1207149584
9425396,1207149584
9525548,1207149584
9625679,1207149584
9725817,1207149584
9825967,1207149584
9926116,1207149584
10026270,1207149584
10126400,1207149584
10226540,1207149584
10326689,1207149584
10426839,1207149584
TS,5
102887,10102183936
203036,10102217184
303186,10102250431
403336,10102283679
503491,10102317249
603625,10102350497
703765,10102383745
803914,10102416993
904064,10102450241
1004219,10102483812
1105353,10102535570
1205492,10102571497
1305641,10102604745
1405791,10102637993
1505945,10102671563
1606078,10102704811
1706216,10102738059
1806366,10102771307
1906515,10102804555
2006670,10102838126
2107804,10102889899
2207943,10102923146
2308092,10102956394
2408242,10102989642
2508396,10103023212
2608529,10103056460
2708669,10103089708
2808818,10103122956
2908968,10103156204
3009123,10103189775
3110256,10103241518
3210396,10103274765
3310545,10103308013
3410696,10103341261
3510849,10103374831
3610980,10103408079
3711120,10103441327
3811269,10103474575
3911419,10103507823
4011574,10103541394
4112708,10103596480
4212850,10103633963
4312999,10103667211
4413149,10103700459
4513303,10103734029
4613434,10103767277
4713575,10103800525
4813724,10103833773
4913874,10103867021
5014028,10103900592
5115162,10103952356
5215301,10103985603
5315450,10104018851
5415600,10104052099
5515754,10104085669
5615885,10104118917
5716024,10104152165
5816174,10104185413
5916324,10104218661
6016478,10104252232
6117610,10104303999
6217751,10104337246
6317899,10104370494
6418049,10104403742
6518202,10104437312
6618334,10104470560
6718474,10104503808
6818622,10104537056
6918773,10104570304
7018926,10104603875
7120060,10104655642
7220199,10104688889
7320349,10104722137
7420498,10104755385
7520651,10104788955
7620783,10104822203
7720923,10104855451
7821072,10104888699
7921222,10104921947
8021376,10104955518
8122509,10105007267
8222648,10105040514
8322797,10105073762
8422947,10105107010
8523101,10105140580
8623233,10105173828
8723372,10105207076
8823521,10105240324
8923671,10105273572
9023825,10105307143
9124957,10105358910
9225096,10105392157
9325245,10105425405
9425396,10105458653
9525549,10105492223
9625679,10105525471
9725817,10105558719
9825967,10105591967
9926117,10105625215
10026271,10105658786
10126401,10105693604
10226540,10105726852
10326689,10105760099
10426839,10105793347
CPU1
TS,0
108951,148127867
209101,148151779
309251,148175692
409401,148199605
518562,158630222
618688,216223229
722836,230722221
822986,230746133
923136,230770046
1029289,247003649
1129417,304601259
1233567,313291681
1333717,313315593
1433867,313339506
1540018,335313794
1640147,392912936
1744301,395861141
1844451,395885053
1944601,395908966
2050751,423596187
2155886,478406898
2256036,478430810
2356186,478454723
2456335,478478636
2561480,511943161
2665618,560976141
2765768,561000053
2865917,561023966
2966068,561047879
3072212,600225334
3177352,643545807
3277502,643569719
3377652,643593632
3477802,643617545
3582945,688561377
3688089,726115256
3788240,726139168
3888390,726163081
3988541,726186994
4093681,776881128
4198820,808685921
4298970,808709833
4399120,808733746
4499271,808757659
4605409,865765608
4709552,891255385
4809702,891279297
4909852,891303210
5016012,896589829
5116138,954102359
5220284,973824849
5320434,973848761
5420584,973872674
5526741,984871329
5626868,1042458903
5731017,1056394313
5831167,1056418225
5931317,1056442138
6037472,1073203970
6137601,1130753376
6241751,1138963777
6341901,1138987689
6442051,1139011602
6548204,1161483856
6648333,1219090994
6752485,1221533241
6852635,1221557153
6952785,1221581066
7058934,1249826029
7163067,1304078788
7263217,1304102700
7363367,1304126613
7463517,1304150526
7569664,1338087066
7673801,1386648252
7773951,1386672164
7874101,1386696077
7974251,1386719990
8080395,1426451290
8184533,1469217712
8284683,1469241624
8384833,1469265537
8484983,1469289450
8591126,1514722544
8695266,1551787172
8795416,1551811084
8895566,1551834997
8995716,1551858910
9101857,1603075627
9205997,1634356632
9306147,1634380544
9406297,1634404457
9506447,1634428370
9612586,1691369233
9716731,1716926092
9816880,1716950004
9917030,1716973917
10023190,1722223651
10123316,1779724478
10227462,1799495552
10327612,1799519464
10427762,1799543377
CPU2
TS,0
106964,116391320
207114,116415232
307265,116439145
407415,116463058
507565,116486971
607712,116510884
707861,116534797
808011,116558710
908161,116582623
1008311,116606536
1108460,116630449
1208609,116654362
1308759,116678275
1408909,116702188
1509060,116726101
1609206,116750014
1709354,116773927
1809504,116797840
1909654,116821753
2009804,116845666
2109949,116869579
2210098,116893492
2310248,116917405
2410398,116941318
2510549,116965231
2610697,116989144
2710843,117013057
2810993,117036970
2911143,117060883
3011294,117084796
3111439,117108709
3211586,117132622
3311736,117156535
3411886,117180448
3512037,117204361
3612183,117228274
3712332,117252187
3812482,117276100
3912632,117300013
4012782,117323926
4112926,117347839
4213071,117371752
4313221,117395665
4413371,117419578
4513521,117443491
4613663,117467404
4713810,117491317
4813960,117515230
4914110,117539143
5014261,117563056
5114407,117586969
5214554,117610882
5314704,117634795
5414854,117658708
5515005,117682621
5615150,117706534
5715297,117730447
5815447,117754360
5915597,117778273
6015748,117802186
6115891,117826099
6216036,117850012
6316185,117873925
6416335,117897838
6516486,117921751
6616628,117945664
6716774,117969577
6816924,117993490
6917074,118017403
7017224,118041316
7117367,118065229
7217514,118089142
7317664,118113055
7417814,118136968
7517965,118160881
7618107,118184794
7718253,118208707
7818403,118232620
7918553,118256533
8018704,118280446
8118844,118304359
8218991,118328272
8319141,118352185
8419292,118376098
8519442,118400011
8619586,118423924
8719731,118447837
8819881,118471750
8920031,118495663
9020182,118519576
9120322,118543489
9220467,118567402
9320617,118591315
9420767,118615228
9520919,118639141
9621062,118663054
9721206,118686967
9821356,118710880
9921507,118734793
10021656,118758706
10121797,118782619
10221942,118806532
10322092,118830445
10422242,118854358
CPU3
TS,0
106959,116387116
207109,116411028
307259,116434941
407409,116458854
507558,116482767
607700,116506680
707848,116530593
807998,116554506
908148,116578419
1008297,116602332
1108438,116626245
1208587,116650158
1308737,116674071
1408887,116697984
1509036,116721897
1609181,116745810
1709327,116769723
1809477,116793636
1909627,116817549
2009777,116841462
2109922,116865375
2210068,116889288
2310218,116913201
2410368,116937114
2510517,116961027
2610659,116984940
2710807,117008853
2810957,117032766
2911107,117056679
3011256,117080592
3111396,117104505
3211542,117128418
3311692,117152331
3411842,117176244
3511992,117200157
3612134,117224070
3712279,117247983
3812429,117271896
3912579,117295809
4012728,117319722
4112868,117343635
4213015,117367548
4313165,117391461
4413315,117415374
4513465,117439287
4613603,117463200
4713749,117487113
4813899,117511026
4914049,117534939
5014199,117558852
5114336,117582765
5214482,117606678
5314632,117630591
5414782,117654504
5514932,117678417
5615066,117702330
5715211,117726243
5815361,117750156
5915511,117774069
6015661,117797982
6115799,117821895
6215944,117845808
6316094,117869721
6416244,117893634
6516393,117917547
6616530,117941460
6716676,117965373
6816826,117989286
6916976,118013199
7017125,118037112
7117260,118061025
7217407,118084938
7317557,118108851
7417707,118132764
7517857,118156677
7617993,118180590
7718139,118204503
7818289,118228416
7918439,118252329
8018589,118276242
8118722,118300155
8218867,118324068
8319017,118347981
8419167,118371894
8519317,118395807
8619453,118419720
8719597,118443633
8819747,118467546
8919897,118491459
9020047,118515372
9120182,118539285
9220327,118563198
9320477,118587111
9420627,118611024
9520777,118634937
9620911,118658850
9721056,118682763
9821206,118706676
9921356,118730589
10021505,118754502
10121638,118778415
10221782,118802328
10321932,118826241
10422082,118850154
end_data


*** The last thread under control of EPOS has finished.
*** EPOS is shutting down!

U-Boot SPL 2026.04-rc3-dirty (Feb 24 2026 - 23:57:14 -0300)
DDR version: dc2e84f0.
Trying to boot from SPI










This is EPOS!

Setting up this machine as follows: 
  Mode:         library
  Processor:    4 x RV64 at 600 MHz (BUS clock = 33 MHz)
  Machine:      VisionFive2
  Memory:       131072 KB [0x0000000040000000:0x0000000047ffffff]
  User memory:  130551 KB [0x0000000040000000:0x0000000047f7dfff]
  I/O space:    524288 KB [0x0000000000000000:0x000000001fffffff]
  Node Id:      will get from the network!
  Position:     will get from the network!

<0>: Monitor::init: system event 0 at 10 Hz created :<0>
<0>: Monitor::init: system event 1 at 10 Hz created :<0>
<0>: Monitor::init: system event 2 at 10 Hz created :<0>
<0>: Monitor::init: system event 3 at 10 Hz created :<0>
<0>: Monitor::init: system event 4 at 10 Hz created :<0>
Stress feature test
Running experiments with the following configurations:
>  Measure time: true
>  Test duration: 10
>  Selected taskset: 1
CPU Clock: clk_mux_sel: 1
pll0_fbdiv: 125
saif_syscfg_32: 1163220309
pll0_frac: 5592405
pll0_postdiv1_shift: 0
pll0_prediv: 2
clk_cpu_div: 1
1503999999Hz
PMIC Voltage: 1040mV
Taskset initialization...
Done.
Creating threads...
>  Thread[0]: period = 500000, deadline = 500000, wcet = 100000, activation = 10
000, times = 20, cpu = 1
Done
Current time: 8079869
>  Iteration [0]...
>  Iteration [1]...
>  Iteration [2]...
>  Iteration [3]...
>  Iteration [4]...
>  Iteration [5]...
>  Iteration [6]...
>  Iteration [7]...
>  Iteration [8]...
>  Iteration [9]...
Returned to application main!
Elapsed: 10516677
Threads: 1
-----------------------------------------------------
...............Threads Timing Behavior...............
-----------------------------------------------------
Task [0]: 0x0000000047ea1b58
>   Counted iterations: 20
>   Execution time: 2884547 us
>   Job WCET: 144313 us
>   Iteration WCET: 144313 us
>   Average job runtime: 144227 us
>   Agerage iteration runtime: 144227 us
>   Iterations per job: 1
Taskset deallocation...
>  Deleting thread 0x0000000047ea1b58
Done.
FINAL_TS<10563174>
begin_data
CPU0
TS,0
102883,646
203033,746
303183,846
403333,946
503485,1046
603620,1146
703762,1246
803912,1346
904062,1446
1004214,1546
1105350,1647
1205492,1747
1305642,1847
1405792,1947
1505943,2047
1606076,2147
1706217,2247
1806367,2347
1906517,2447
2006669,2547
2107804,2648
2207945,2748
2308095,2848
2408245,2948
2508396,3048
2608529,3148
2708671,3248
2808821,3348
2908971,3448
3009123,3548
3110254,3649
3210397,3749
3310547,3849
3410697,3949
3510848,4049
3610981,4149
3711122,4249
3811272,4349
3911422,4449
4011573,4549
4112703,4650
4212843,4750
4312993,4850
4413143,4950
4513293,5050
4613428,5150
4713571,5250
4813721,5350
4913871,5450
5014022,5550
5115156,5651
5215298,5751
5315448,5851
5415598,5951
5515749,6051
5615881,6151
5716023,6251
5816173,6351
5916323,6451
6016474,6551
6117605,6652
6217747,6752
6317897,6852
6418047,6952
6518197,7052
6618328,7152
6718469,7252
6818619,7352
6918769,7452
7018918,7552
7120052,7653
7220193,7753
7320343,7853
7420493,7953
7520643,8053
7620776,8153
7720919,8253
7821069,8353
7921219,8453
8021369,8553
8122504,8654
8222647,8754
8322797,8854
8422947,8954
8523097,9054
8623227,9154
8723369,9254
8823519,9354
8923669,9454
9023819,9554
9124952,9655
9225095,9755
9325245,9855
9425395,9955
9525545,10055
9625676,10155
9725818,10255
9825968,10355
9926118,10455
10026268,10555
10126399,10655
10226541,10755
10326691,10855
10426841,10955
TS,1
102884,0
203033,0
303183,0
403333,0
503485,0
603621,0
703762,0
803912,0
904062,0
1004215,0
1105351,0
1205492,0
1305642,0
1405792,0
1505944,0
1606077,0
1706217,0
1806367,0
1906517,0
2006669,0
2107805,0
2207946,0
2308095,0
2408245,0
2508397,0
2608530,0
2708671,0
2808821,0
2908971,0
3009124,0
3110255,0
3210397,0
3310547,0
3410697,0
3510849,0
3610981,0
3711122,0
3811272,0
3911422,0
4011574,0
4112704,0
4212843,0
4312993,0
4413143,0
4513294,0
4613429,0
4713571,0
4813721,0
4913871,0
5014023,0
5115157,0
5215298,0
5315448,0
5415598,0
5515750,0
5615882,0
5716023,0
5816173,0
5916323,0
6016474,0
6117606,0
6217748,0
6317897,0
6418047,0
6518198,0
6618329,0
6718469,0
6818619,0
6918769,0
7018919,0
7120054,0
7220194,0
7320344,0
7420494,0
7520644,0
7620777,0
7720919,0
7821069,0
7921219,0
8021370,0
8122505,0
8222647,0
8322797,0
8422947,0
8523098,0
8623228,0
8723369,0
8823519,0
8923669,0
9023820,0
9124953,0
9225095,0
9325245,0
9425395,0
9525546,0
9625677,0
9725818,0
9825968,0
9926118,0
10026268,0
10126400,0
10226542,0
10326691,0
10426841,0
TS,2
102884,0
203034,0
303183,0
403333,0
503486,0
603622,0
703763,0
803912,0
904062,0
1004216,0
1105351,0
1205493,0
1305642,0
1405793,0
1505945,0
1606078,0
1706218,0
1806367,0
1906517,0
2006670,0
2107805,0
2207946,0
2308095,0
2408246,0
2508398,0
2608531,0
2708672,0
2808821,0
2908971,0
3009125,0
3110256,0
3210397,0
3310547,0
3410697,0
3510850,0
3610982,0
3711122,0
3811272,0
3911422,0
4011575,0
4112705,0
4212844,0
4312993,0
4413143,0
4513295,0
4613430,0
4713572,0
4813721,0
4913871,0
5014023,0
5115158,0
5215298,0
5315448,0
5415598,0
5515751,0
5615883,0
5716023,0
5816173,0
5916323,0
6016475,0
6117607,0
6217748,0
6317897,0
6418047,0
6518199,0
6618330,0
6718470,0
6818619,0
6918769,0
7018920,0
7120054,0
7220194,0
7320344,0
7420494,0
7520645,0
7620778,0
7720919,0
7821069,0
7921219,0
8021371,0
8122505,0
8222648,0
8322797,0
8422947,0
8523099,0
8623229,0
8723369,0
8823519,0
8923669,0
9023821,0
9124954,0
9225095,0
9325245,0
9425395,0
9525546,0
9625678,0
9725819,0
9825968,0
9926118,0
10026269,0
10126401,0
10226542,0
10326691,0
10426841,0
TS,3
102884,4611686018427387903
203034,4611686018427387903
303183,4611686018427387903
403334,4611686018427387903
503487,4611686018427387903
603623,4611686018427387903
703763,4611686018427387903
803913,4611686018427387903
904062,4611686018427387903
1004216,4611686018427387903
1105352,4611686018427387903
1205493,4611686018427387903
1305643,4611686018427387903
1405793,4611686018427387903
1505945,4611686018427387903
1606078,4611686018427387903
1706218,4611686018427387903
1806368,4611686018427387903
1906517,4611686018427387903
2006671,4611686018427387903
2107806,4611686018427387903
2207946,4611686018427387903
2308096,4611686018427387903
2408246,4611686018427387903
2508399,4611686018427387903
2608531,4611686018427387903
2708672,4611686018427387903
2808822,4611686018427387903
2908971,4611686018427387903
3009126,4611686018427387903
3110257,4611686018427387903
3210398,4611686018427387903
3310547,4611686018427387903
3410697,4611686018427387903
3510850,4611686018427387903
3610983,4611686018427387903
3711122,4611686018427387903
3811272,4611686018427387903
3911422,4611686018427387903
4011575,4611686018427387903
4112705,4611686018427387903
4212844,4611686018427387903
4312993,4611686018427387903
4413143,4611686018427387903
4513295,4611686018427387903
4613430,4611686018427387903
4713572,4611686018427387903
4813722,4611686018427387903
4913871,4611686018427387903
5014024,4611686018427387903
5115159,4611686018427387903
5215299,4611686018427387903
5315448,4611686018427387903
5415598,4611686018427387903
5515752,4611686018427387903
5615884,4611686018427387903
5716024,4611686018427387903
5816173,4611686018427387903
5916323,4611686018427387903
6016476,4611686018427387903
6117607,4611686018427387903
6217748,4611686018427387903
6317897,4611686018427387903
6418048,4611686018427387903
6518199,4611686018427387903
6618331,4611686018427387903
6718470,4611686018427387903
6818620,4611686018427387903
6918769,4611686018427387903
7018920,4611686018427387903
7120055,4611686018427387903
7220195,4611686018427387903
7320344,4611686018427387903
7420494,4611686018427387903
7520645,4611686018427387903
7620779,4611686018427387903
7720919,4611686018427387903
7821069,4611686018427387903
7921219,4611686018427387903
8021371,4611686018427387903
8122506,4611686018427387903
8222648,4611686018427387903
8322797,4611686018427387903
8422947,4611686018427387903
8523099,4611686018427387903
8623230,4611686018427387903
8723369,4611686018427387903
8823519,4611686018427387903
8923669,4611686018427387903
9023822,4611686018427387903
9124955,4611686018427387903
9225096,4611686018427387903
9325245,4611686018427387903
9425395,4611686018427387903
9525547,4611686018427387903
9625678,4611686018427387903
9725819,4611686018427387903
9825969,4611686018427387903
9926118,4611686018427387903
10026270,4611686018427387903
10126401,4611686018427387903
10226542,4611686018427387903
10326691,4611686018427387903
10426842,4611686018427387903
TS,4
102884,1207149584
203034,1207149584
303184,1207149584
403334,1207149584
503488,1207149584
603623,1207149584
703764,1207149584
803913,1207149584
904063,1207149584
1004217,1207149584
1105353,1207149584
1205493,1207149584
1305643,1207149584
1405793,1207149584
1505946,1207149584
1606079,1207149584
1706218,1207149584
1806368,1207149584
1906518,1207149584
2006672,1207149584
2107807,1207149584
2207947,1207149584
2308096,1207149584
2408246,1207149584
2508399,1207149584
2608532,1207149584
2708672,1207149584
2808822,1207149584
2908972,1207149584
3009127,1207149584
3110258,1207149584
3210398,1207149584
3310547,1207149584
3410697,1207149584
3510851,1207149584
3610984,1207149584
3711123,1207149584
3811272,1207149584
3911422,1207149584
4011576,1207149584
4112706,1207149584
4212844,1207149584
4312993,1207149584
4413143,1207149584
4513296,1207149584
4613431,1207149584
4713573,1207149584
4813722,1207149584
4913872,1207149584
5014025,1207149584
5115161,1207149584
5215299,1207149584
5315448,1207149584
5415598,1207149584
5515753,1207149584
5615886,1207149584
5716024,1207149584
5816173,1207149584
5916323,1207149584
6016477,1207149584
6117608,1207149584
6217749,1207149584
6317898,1207149584
6418048,1207149584
6518200,1207149584
6618331,1207149584
6718471,1207149584
6818620,1207149584
6918770,1207149584
7018921,1207149584
7120056,1207149584
7220195,1207149584
7320344,1207149584
7420494,1207149584
7520646,1207149584
7620780,1207149584
7720920,1207149584
7821069,1207149584
7921219,1207149584
8021372,1207149584
8122507,1207149584
8222648,1207149584
8322797,1207149584
8422948,1207149584
8523101,1207149584
8623230,1207149584
8723370,1207149584
8823519,1207149584
8923669,1207149584
9023822,1207149584
9124956,1207149584
9225096,1207149584
9325245,1207149584
9425395,1207149584
9525548,1207149584
9625679,1207149584
9725819,1207149584
9825969,1207149584
9926119,1207149584
10026271,1207149584
10126402,1207149584
10226543,1207149584
10326692,1207149584
10426842,1207149584
TS,5
102885,10102191211
203034,10102224459
303184,10102257706
403334,10102290954
503489,10102324524
603624,10102357772
703764,10102391020
803913,10102424268
904063,10102457516
1004218,10102491087
1105354,10102542848
1205494,10102576095
1305643,10102609343
1405793,10102642591
1505947,10102676161
1606080,10102709409
1706219,10102742657
1806368,10102775905
1906518,10102809153
2006672,10102842724
2107807,10102894491
2207947,10102927738
2308096,10102960986
2408246,10102994234
2508400,10103027804
2608533,10103061052
2708673,10103094300
2808822,10103127548
2908972,10103160796
3009127,10103194367
3110259,10103246116
3210398,10103279363
3310547,10103312611
3410697,10103345859
3510852,10103379429
3610984,10103412677
3711123,10103445925
3811272,10103479173
3911422,10103512421
4011577,10103545992
4112707,10103601105
4212845,10103642408
4312993,10103687336
4413143,10103731912
4513297,10103775918
4613432,10103816530
4713573,10103849778
4813722,10103883026
4913872,10103916274
5014027,10103949845
5115161,10104001612
5215299,10104034859
5315448,10104068107
5415598,10104101355
5515753,10104134925
5615886,10104168173
5716024,10104201421
5816173,10104234669
5916323,10104267917
6016478,10104301488
6117609,10104353249
6217749,10104386496
6317898,10104419744
6418048,10104452992
6518200,10104486562
6618332,10104519810
6718471,10104553058
6818620,10104586306
6918770,10104619554
7018922,10104653125
7120057,10104704895
7220195,10104738142
7320344,10104771390
7420494,10104804638
7520647,10104838208
7620780,10104871456
7720920,10104904704
7821069,10104937952
7921219,10104971200
8021373,10105004771
8122508,10105056523
8222648,10105089770
8322798,10105123018
8422948,10105156266
8523101,10105189836
8623231,10105223084
8723370,10105256332
8823519,10105289580
8923669,10105322828
9023823,10105356399
9124956,10105408169
9225096,10105441416
9325245,10105474664
9425395,10105507912
9525549,10105541482
9625680,10105574730
9725820,10105607978
9825969,10105641226
9926119,10105674474
10026272,10105708045
10126403,10105742863
10226543,10105776111
10326692,10105809358
10426842,10105842606
CPU1
TS,0
108962,148021200
209112,148045112
309263,148069025
409412,148092938
518572,158536254
618701,216140458
722850,230615554
823000,230639466
923150,230663379
1029303,246920936
1129432,304514451
1233583,313185014
1333733,313208926
1433883,313232839
1540035,335220543
1640163,392824050
1744317,395754474
1844467,395778386
1944617,395802299
2050766,423512846
2154900,478300021
2255049,478323933
2355199,478347846
2455349,478371759
2561495,511839096
2665630,560869481
2765780,560893393
2865930,560917306
2966080,560941219
3072226,600127527
3176362,643438941
3276513,643462853
3376662,643486766
3476812,643510679
3582953,688456552
3688095,726008611
3788245,726032523
3888395,726056436
3988545,726080349
4093682,776764193
4198821,808580916
4298971,808604828
4399121,808628741
4499271,808652654
4605408,865662451
4709551,891151024
4809701,891174936
4909851,891198849
5016011,896485750
5116137,954002973
5220283,973720488
5320433,973744400
5420583,973768313
5526740,984770786
5626866,1042366081
5731015,1056289948
5831165,1056313860
5931315,1056337773
6037469,1073090896
6137595,1130650337
6241745,1138859408
6341895,1138883320
6442045,1138907233
6548197,1161382370
6648324,1219004565
6752476,1221428868
6852626,1221452780
6952776,1221476693
7058926,1249710816
7163059,1303974419
7263209,1303998331
7363359,1304022244
7463509,1304046157
7569656,1337984336
7673792,1386543879
7773942,1386567791
7874092,1386591704
7974242,1386615617
8080387,1426343610
8184526,1469113339
8284675,1469137251
8384825,1469161164
8484975,1469185077
8591118,1514616636
8695259,1551682799
8795409,1551706711
8895559,1551730624
8995709,1551754537
9101849,1602983961
9205992,1634252259
9306142,1634276171
9406292,1634300084
9506442,1634323997
9612581,1691282723
9716724,1716821719
9816874,1716845631
9917024,1716869544
10023184,1722111623
10123311,1779599977
10227457,1799391183
10327607,1799415095
10427757,1799439008
CPU2
TS,0
106966,116391342
207116,116415254
307266,116439167
407416,116463080
507567,116486993
607713,116510906
707861,116534819
808011,116558732
908161,116582645
1008312,116606558
1108460,116630471
1208609,116654384
1308759,116678297
1408909,116702210
1509060,116726123
1609207,116750036
1709355,116773949
1809505,116797862
1909655,116821775
2009806,116845688
2109953,116869601
2210101,116893514
2310251,116917427
2410401,116941340
2510551,116965253
2610698,116989166
2710845,117013079
2810995,117036992
2911145,117060905
3011296,117084818
3111443,117108731
3211591,117132644
3311741,117156557
3411891,117180470
3512042,117204383
3612186,117228296
3712334,117252209
3812484,117276122
3912634,117300035
4012785,117323948
4112928,117347861
4213076,117371774
4313226,117395687
4413376,117419600
4513525,117443513
4613661,117467426
4713804,117491339
4813954,117515252
4914104,117539165
5014254,117563078
5114389,117586991
5214532,117610904
5314682,117634817
5414832,117658730
5514983,117682643
5615118,117706556
5715264,117730469
5815414,117754382
5915564,117778295
6015715,117802208
6115851,117826121
6215996,117850034
6316146,117873947
6416296,117897860
6516447,117921773
6616584,117945686
6716729,117969599
6816879,117993512
6917029,118017425
7017180,118041338
7117315,118065251
7217460,118089164
7317610,118113077
7417760,118136990
7517911,118160903
7618049,118184816
7718195,118208729
7818345,118232642
7918495,118256555
8018646,118280468
8118783,118304381
8218929,118328294
8319079,118352207
8419229,118376120
8519380,118400033
8619515,118423946
8719660,118447859
8819810,118471772
8919960,118495685
9020111,118519598
9120250,118543511
9220395,118567424
9320545,118591337
9420695,118615250
9520845,118639163
9620982,118663076
9721128,118686989
9821278,118710902
9921428,118734815
10021579,118758728
10121717,118782641
10221863,118806554
10322013,118830467
10422163,118854380
CPU3
TS,0
106945,116395420
207095,116419332
307245,116443245
407395,116467158
507545,116491071
607690,116514984
707838,116538897
807988,116562810
908138,116586723
1008288,116610636
1108432,116634549
1208580,116658462
1308730,116682375
1408880,116706288
1509030,116730201
1609173,116754114
1709320,116778027
1809470,116801940
1909620,116825853
2009771,116849766
2109914,116873679
2210061,116897592
2310211,116921505
2410361,116945418
2510511,116969331
2610652,116993244
2710800,117017157
2810950,117041070
2911100,117064983
3011249,117088896
3111393,117112809
3211539,117136722
3311689,117160635
3411839,117184548
3511989,117208461
3612131,117232374
3712276,117256287
3812426,117280200
3912576,117304113
4012726,117328026
4112868,117351939
4212981,117375852
4313081,117399765
4413181,117423678
4513300,117452115
4613441,117476028
4713590,117499941
4813740,117523854
4913890,117547767
5014040,117571680
5114185,117595593
5214333,117619506
5314483,117643419
5414633,117667332
5514784,117691245
5614927,117715158
5715074,117739071
5815224,117762984
5915374,117786897
6015525,117810810
6115666,117834723
6215812,117858636
6315962,117882549
6416112,117906462
6516262,117930375
6616404,117954288
6716552,117978201
6816702,118002114
6916852,118026027
7017002,118049940
7117144,118073853
7217291,118097766
7317441,118121679
7417591,118145592
7517741,118169505
7617881,118193418
7718027,118217331
7818177,118241244
7918327,118265157
8018478,118289070
8118619,118312983
8218766,118336896
8318916,118360809
8419066,118384722
8519216,118408635
8619357,118432548
8719503,118456461
8819653,118480374
8919803,118504287
9019954,118528200
9120095,118552113
9220240,118576026
9320390,118599939
9420540,118623852
9520691,118647765
9620832,118671678
9720977,118695591
9821127,118719504
9921277,118743417
10021428,118767330
10121569,118791243
10221715,118815156
10321865,118839069
10422015,118862982
end_data


*** The last thread under control of EPOS has finished.
*** EPOS is shutting down!

(C)StarFive
CCCCCCCCCCCCCCCCCCCCCCCCCCCCCCCCCCCC