
U-Boot SPL 2026.04-rc3-dirty (Feb 24 2026 - 23:57:14 -0300)
DDR version: dc2e84f0.
Trying to boot from SPI








Changed voltage


This is EPOS!

Setting up this machine as follows: 
  Mode:         library
  Processor:    4 x RV64 at 600 MHz (BUS clock = 33 MHz)
  Machine:      VisionFive2
  Memory:       131072 KB [0x0000000040000000:0x0000000047ffffff]
  User memory:  130551 KB [0x0000000040000000:0x0000000047f7dfff]
  I/O space:    524288 KB [0x0000000000000000:0x000000001fffffff]
  Node Id:      will get from the network!
  Position:     will get from the network!

<0>: Monitor::init: system event 0 at 10 Hz created :<0>
<0>: Monitor::init: system event 1 at 10 Hz created :<0>
<0>: Monitor::init: system event 2 at 10 Hz created :<0>
<0>: Monitor::init: system event 3 at 10 Hz created :<0>
<0>: Monitor::init: system event 4 at 10 Hz created :<0>
Stress feature test
Running experiments with the following configurations:
>  Measure time: true
>  Test duration: 30
>  Selected taskset: 1
>  Size of image 1: 49160
>  Size of image 2: 49160
>  Size of the bandwidth allocation: 2097152
>  CPU Clock: 1503MHz
>  CPU voltage: 1040mV
Changed voltage
>  New clock: 375999999Hz
>  New voltage: 800mV
Taskset initialization...
Done.
Creating threads...
>  Thread[0]: period = 500000, deadline = 500000, wcet = 100000, activation = 10
000, times = 60, cpu = 1
>  Thread[1]: period = 500000, deadline = 500000, wcet = 100000, activation = 10
000, times = 60, cpu = 1
>  Thread[2]: period = 500000, deadline = 500000, wcet = 100000, activation = 10
000, times = 60, cpu = 2
>  Thread[3]: period = 500000, deadline = 500000, wcet = 100000, activation = 10
000, times = 60, cpu = 3
Done
Current time: 3944086
>  Iteration [0]...
>  Iteration [1]...
>  Iteration [2]...
>  Iteration [3]...
>  Iteration [4]...
>  Iteration [5]...
>  Iteration [6]...
>  Iteration [7]...
>  Iteration [8]...
>  Iteration [9]...
>  Iteration [10]...
>  Iteration [11]...
>  Iteration [12]...
>  Iteration [13]...
>  Iteration [14]...
>  Iteration [15]...
>  Iteration [16]...
>  Iteration [17]...
>  Iteration [18]...
>  Iteration [19]...
>  Iteration [20]...
>  Iteration [21]...
>  Iteration [22]...
>  Iteration [23]...
>  Iteration [24]...
>  Iteration [25]...
>  Iteration [26]...
>  Iteration [27]...
>  Iteration [28]...
>  Iteration [29]...
Returned to application main!
Elapsed: 30934550
Threads: 4
-----------------------------------------------------
...............Threads Timing Behavior...............
-----------------------------------------------------
Task [0]: 0x0000000047ca1b50
>   Counted iterations: 60
>   Execution time: 10334016 us
>   Job WCET: 183328 us
>   Iteration WCET: 1833 us
>   Average job runtime: 172233 us
>   Agerage iteration runtime: 1722 us
>   Iterations per job: 100
Task [1]: 0x0000000047c818d0
>   Counted iterations: 45
>   Execution time: 30071976 us
>   Job WCET: 806633 us
>   Iteration WCET: 806633 us
>   Average job runtime: 501199 us
>   Agerage iteration runtime: 501199 us
>   Iterations per job: 1
Task [2]: 0x0000000047c61650
>   Counted iterations: 60
>   Execution time: 8046 us
>   Job WCET: 134 us
>   Iteration WCET: 5 us
>   Average job runtime: 134 us
>   Agerage iteration runtime: 5 us
>   Iterations per job: 25
Task [3]: 0x0000000047c413d0
>   Counted iterations: 60
>   Execution time: 8046 us
>   Job WCET: 134 us
>   Iteration WCET: 5 us
>   Average job runtime: 134 us
>   Agerage iteration runtime: 5 us
>   Iterations per job: 25
Taskset deallocation...
>  Deleting thread 0x0000000047ca1b50
>  Deleting thread 0x0000000047c818d0
>  Deleting thread 0x0000000047c61650
>  Deleting thread 0x0000000047c413d0
Done.
FINAL_TS<31025247>
begin_data
CPU0
TS,0
102768,698
203042,798
303317,898
403592,998
503865,1098
604124,1198
704382,1298
804635,1398
904888,1498
1005142,1598
1106399,1699
1206662,1799
1306918,1899
1407181,1999
1507432,2099
1607689,2199
1707949,2299
1808213,2399
1908470,2499
2008737,2599
2109991,2700
2210252,2800
2310522,2900
2410782,3000
2511044,3100
2611309,3200
2711575,3300
2811841,3400
2912104,3500
3012366,3600
3113631,3701
3213898,3801
3314163,3901
3414430,4001
3514696,4101
3614960,4201
3715224,4301
3815496,4401
3915759,4501
4016022,4601
4117286,4702
4217554,4802
4317826,4902
4418093,5002
4518359,5102
4618628,5202
4718894,5302
4819160,5402
4919429,5502
5019693,5602
5120957,5703
5221228,5803
5321496,5903
5421767,6003
5522037,6103
5622302,6203
5722570,6303
5822842,6403
5923109,6503
6023378,6603
6124648,6704
6224916,6804
6325189,6904
6425454,7004
6525719,7104
6625989,7204
6726258,7304
6826527,7404
6926796,7504
7027064,7604
7128335,7705
7228604,7805
7328872,7905
7429139,8005
7529406,8105
7629674,8205
7729941,8305
7830213,8405
7930478,8505
8030745,8605
8132012,8706
8232278,8806
8332550,8906
8432817,9006
8533083,9106
8633354,9206
8733621,9306
8833889,9406
8934158,9506
9034425,9606
9135695,9707
9235966,9807
9336233,9907
9436501,10007
9536774,10107
9637040,10207
9737305,10307
9837575,10407
9937841,10507
10038109,10607
10139380,10708
10239642,10808
10339915,10908
10440182,11008
10540449,11108
10640715,11208
10740985,11308
10841254,11408
10941524,11508
11041791,11608
11143059,11709
11243328,11809
11343595,11909
11443859,12009
11544130,12109
11644394,12209
11744661,12309
11844933,12409
11945201,12509
12045470,12609
12146740,12710
12247005,12810
12347277,12910
12447544,13010
12547809,13110
12648075,13210
12748346,13310
12848612,13410
12948882,13510
13049147,13610
13150415,13711
13250681,13811
13350944,13911
13451211,14011
13551483,14111
13651747,14211
13752014,14311
13852284,14411
13952549,14511
14052817,14611
14154086,14712
14254357,14812
14354627,14912
14454892,15012
14555158,15112
14655428,15212
14755693,15312
14855959,15412
14956229,15512
15056494,15612
15157762,15713
15258030,15813
15358296,15913
15458562,16013
15558832,16113
15659098,16213
15759365,16313
15859636,16413
15959902,16513
16060168,16613
16161432,16714
16261698,16814
16361969,16914
16462234,17014
16562502,17114
16662767,17214
16763038,17314
16863303,17414
16963572,17514
17063839,17614
17165106,17715
17265376,17815
17365644,17915
17465915,18015
17566183,18115
17666449,18215
17766717,18315
17866990,18415
17967254,18515
18067518,18615
18168785,18716
18269051,18816
18369321,18916
18469587,19016
18569852,19116
18670121,19216
18770392,19316
18870660,19416
18970928,19516
19071197,19616
19172465,19717
19272735,19817
19373002,19917
19473268,20017
19573534,20117
19673804,20217
19774070,20317
19874336,20417
19974600,20517
20074869,20617
20176137,20718
20276403,20818
20376674,20918
20476942,21018
20577209,21118
20677477,21218
20777746,21318
20878012,21418
20978280,21518
21078548,21618
21179814,21719
21280082,21819
21380349,21919
21480620,22019
21580885,22119
21681155,22219
21781422,22319
21881692,22419
21981961,22519
22082225,22619
22183495,22720
22283762,22820
22384033,22920
22484305,23020
22584570,23120
22684835,23220
22785108,23320
22885375,23420
22985641,23520
23085909,23620
23187178,23721
23287443,23821
23387707,23921
23487974,24021
23588241,24121
23688507,24221
23788779,24321
23889050,24421
23989313,24521
24089580,24621
24190848,24722
24291115,24822
24391386,24922
24491653,25022
24591922,25122
24692187,25222
24792453,25322
24892719,25422
24992989,25522
25093254,25622
25194522,25723
25294792,25823
25395060,25923
25495327,26023
25595594,26123
25695860,26223
25796130,26323
25896404,26423
25996670,26523
26096938,26623
26198204,26724
26298471,26824
26398739,26924
26499004,27024
26599272,27124
26699539,27224
26799809,27324
26900078,27424
27000345,27524
27100612,27624
27201880,27725
27302152,27825
27402419,27925
27502685,28025
27602953,28125
27703221,28225
27803490,28325
27903762,28425
28004027,28525
28104292,28625
28205557,28726
28305823,28826
28406093,28926
28506362,29026
28606627,29126
28706898,29226
28807168,29326
28907434,29426
29007703,29526
29107967,29626
29209239,29727
29309507,29827
29409774,29927
29510042,30027
29610309,30127
29710575,30227
29810841,30327
29911109,30427
30011374,30527
30111642,30627
30211907,30727
30312177,30827
30412446,30927
30512713,31027
30612985,31127
30713251,31227
TS,1
102769,0
203043,0
303318,0
403593,0
503866,0
604126,0
704384,0
804636,0
904889,0
1005144,0
1106400,0
1206664,0
1306920,0
1407182,0
1507433,0
1607691,0
1707951,0
1808214,0
1908471,0
2008738,0
2109993,0
2210254,0
2310524,0
2410784,0
2511045,0
2611311,0
2711576,0
2811842,0
2912105,0
3012367,0
3113633,0
3213899,0
3314164,0
3414432,0
3514697,0
3614961,0
3715225,0
3815498,0
3915760,0
4016023,0
4117288,0
4217556,0
4317828,0
4418094,0
4518361,0
4618630,0
4718896,0
4819162,0
4919431,0
5019695,0
5120958,0
5221230,0
5321497,0
5421768,0
5522038,0
5622304,0
5722571,0
5822844,0
5923111,0
6023379,0
6124650,0
6224918,0
6325190,0
6425455,0
6525721,0
6625990,0
6726260,0
6826529,0
6926797,0
7027066,0
7128336,0
7228605,0
7328874,0
7429141,0
7529408,0
7629677,0
7729943,0
7830215,0
7930479,0
8030746,0
8132014,0
8232280,0
8332551,0
8432818,0
8533084,0
8633356,0
8733622,0
8833890,0
8934159,0
9034427,0
9135697,0
9235968,0
9336234,0
9436502,0
9536775,0
9637041,0
9737307,0
9837577,0
9937843,0
10038110,0
10139382,0
10239644,0
10339916,0
10440183,0
10540450,0
10640716,0
10740987,0
10841256,0
10941526,0
11041793,0
11143060,0
11243330,0
11343596,0
11443861,0
11544132,0
11644395,0
11744662,0
11844935,0
11945202,0
12045471,0
12146741,0
12247007,0
12347279,0
12447545,0
12547810,0
12648076,0
12748347,0
12848613,0
12948883,0
13049148,0
13150416,0
13250682,0
13350945,0
13451212,0
13551485,0
13651748,0
13752015,0
13852286,0
13952551,0
14052818,0
14154088,0
14254358,0
14354629,0
14454894,0
14555160,0
14655430,0
14755695,0
14855961,0
14956231,0
15056495,0
15157763,0
15258031,0
15358298,0
15458564,0
15558833,0
15659099,0
15759366,0
15859638,0
15959904,0
16060169,0
16161434,0
16261700,0
16361970,0
16462235,0
16562503,0
16662768,0
16763039,0
16863305,0
16963573,0
17063841,0
17165108,0
17265378,0
17365645,0
17465917,0
17566184,0
17666450,0
17766719,0
17866991,0
17967255,0
18067520,0
18168787,0
18269053,0
18369323,0
18469588,0
18569853,0
18670123,0
18770394,0
18870661,0
18970929,0
19071199,0
19172466,0
19272737,0
19373003,0
19473269,0
19573536,0
19673805,0
19774071,0
19874338,0
19974602,0
20074871,0
20176139,0
20276405,0
20376675,0
20476944,0
20577210,0
20677478,0
20777747,0
20878014,0
20978282,0
21078549,0
21179815,0
21280084,0
21380351,0
21480621,0
21580887,0
21681156,0
21781424,0
21881694,0
21981962,0
22082227,0
22183496,0
22283764,0
22384035,0
22484306,0
22584572,0
22684837,0
22785110,0
22885377,0
22985642,0
23085911,0
23187179,0
23287444,0
23387708,0
23487976,0
23588243,0
23688509,0
23788780,0
23889051,0
23989315,0
24089581,0
24190850,0
24291117,0
24391387,0
24491655,0
24591923,0
24692188,0
24792455,0
24892721,0
24992990,0
25093255,0
25194523,0
25294793,0
25395062,0
25495329,0
25595596,0
25695861,0
25796132,0
25896405,0
25996672,0
26096939,0
26198205,0
26298473,0
26398740,0
26499006,0
26599273,0
26699541,0
26799811,0
26900079,0
27000346,0
27100614,0
27201882,0
27302153,0
27402421,0
27502687,0
27602955,0
27703222,0
27803491,0
27903763,0
28004028,0
28104294,0
28205559,0
28305824,0
28406095,0
28506363,0
28606628,0
28706899,0
28807170,0
28907436,0
29007704,0
29107969,0
29209240,0
29309509,0
29409775,0
29510043,0
29610310,0
29710576,0
29810843,0
29911111,0
30011376,0
30111643,0
30211909,0
30312179,0
30412448,0
30512714,0
30612986,0
30713252,0
TS,2
102769,0
203044,0
303318,0
403594,0
503868,0
604127,0
704385,0
804638,0
904891,0
1005146,0
1106402,0
1206665,0
1306921,0
1407184,0
1507434,0
1607693,0
1707952,0
1808216,0
1908473,0
2008740,0
2109994,0
2210256,0
2310525,0
2410785,0
2511047,0
2611312,0
2711578,0
2811844,0
2912107,0
3012369,0
3113635,0
3213901,0
3314166,0
3414434,0
3514698,0
3614963,0
3715227,0
3815499,0
3915762,0
4016025,0
4117289,0
4217557,0
4317829,0
4418096,0
4518362,0
4618631,0
4718897,0
4819164,0
4919432,0
5019696,0
5120960,0
5221232,0
5321499,0
5421770,0
5522039,0
5622305,0
5722573,0
5822845,0
5923112,0
6023381,0
6124651,0
6224919,0
6325191,0
6425457,0
6525722,0
6625992,0
6726261,0
6826530,0
6926799,0
7027067,0
7128338,0
7228607,0
7328875,0
7429143,0
7529410,0
7629679,0
7729945,0
7830217,0
7930481,0
8030748,0
8132016,0
8232282,0
8332553,0
8432820,0
8533086,0
8633358,0
8733624,0
8833892,0
8934161,0
9034428,0
9135698,0
9235969,0
9336236,0
9436504,0
9536777,0
9637043,0
9737308,0
9837579,0
9937844,0
10038112,0
10139383,0
10239645,0
10339918,0
10440185,0
10540452,0
10640718,0
10740988,0
10841257,0
10941527,0
11041794,0
11143062,0
11243331,0
11343597,0
11443863,0
11544133,0
11644397,0
11744664,0
11844937,0
11945204,0
12045473,0
12146743,0
12247009,0
12347280,0
12447547,0
12547812,0
12648078,0
12748349,0
12848615,0
12948885,0
13049150,0
13150418,0
13250684,0
13350947,0
13451214,0
13551486,0
13651750,0
13752017,0
13852287,0
13952552,0
14052820,0
14154090,0
14254360,0
14354630,0
14454895,0
14555161,0
14655431,0
14755696,0
14855963,0
14956232,0
15056497,0
15157765,0
15258033,0
15358299,0
15458565,0
15558835,0
15659101,0
15759368,0
15859639,0
15959905,0
16060171,0
16161435,0
16261701,0
16361972,0
16462237,0
16562505,0
16662769,0
16763041,0
16863306,0
16963575,0
17063843,0
17165109,0
17265380,0
17365647,0
17465918,0
17566185,0
17666452,0
17766721,0
17866993,0
17967256,0
18067521,0
18168788,0
18269054,0
18369324,0
18469590,0
18569854,0
18670125,0
18770395,0
18870663,0
18970931,0
19071200,0
19172468,0
19272739,0
19373005,0
19473271,0
19573537,0
19673807,0
19774073,0
19874339,0
19974603,0
20074873,0
20176140,0
20276407,0
20376677,0
20476946,0
20577212,0
20677480,0
20777749,0
20878015,0
20978283,0
21078551,0
21179817,0
21280086,0
21380352,0
21480623,0
21580888,0
21681158,0
21781425,0
21881696,0
21981964,0
22082229,0
22183498,0
22283765,0
22384036,0
22484308,0
22584573,0
22684839,0
22785111,0
22885379,0
22985644,0
23085912,0
23187181,0
23287446,0
23387710,0
23487977,0
23588244,0
23688512,0
23788782,0
23889053,0
23989316,0
24089583,0
24190851,0
24291118,0
24391389,0
24491656,0
24591925,0
24692190,0
24792456,0
24892722,0
24992992,0
25093257,0
25194525,0
25294795,0
25395063,0
25495330,0
25595597,0
25695863,0
25796133,0
25896407,0
25996673,0
26096941,0
26198207,0
26298474,0
26398742,0
26499007,0
26599274,0
26699542,0
26799812,0
26900081,0
27000347,0
27100615,0
27201883,0
27302155,0
27402422,0
27502688,0
27602956,0
27703224,0
27803492,0
27903765,0
28004029,0
28104295,0
28205560,0
28305826,0
28406096,0
28506365,0
28606630,0
28706901,0
28807171,0
28907437,0
29007705,0
29107970,0
29209242,0
29309511,0
29409777,0
29510045,0
29610311,0
29710578,0
29810844,0
29911112,0
30011377,0
30111645,0
30211910,0
30312180,0
30412449,0
30512716,0
30612987,0
30713254,0
TS,3
102770,4611686018427387903
203044,4611686018427387903
303319,4611686018427387903
403594,4611686018427387903
503869,4611686018427387903
604129,4611686018427387903
704387,4611686018427387903
804640,4611686018427387903
904892,4611686018427387903
1005147,4611686018427387903
1106403,4611686018427387903
1206667,4611686018427387903
1306923,4611686018427387903
1407185,4611686018427387903
1507436,4611686018427387903
1607694,4611686018427387903
1707954,4611686018427387903
1808217,4611686018427387903
1908474,4611686018427387903
2008742,4611686018427387903
2109996,4611686018427387903
2210257,4611686018427387903
2310527,4611686018427387903
2410787,4611686018427387903
2511049,4611686018427387903
2611314,4611686018427387903
2711579,4611686018427387903
2811845,4611686018427387903
2912108,4611686018427387903
3012371,4611686018427387903
3113636,4611686018427387903
3213903,4611686018427387903
3314167,4611686018427387903
3414435,4611686018427387903
3514700,4611686018427387903
3614964,4611686018427387903
3715228,4611686018427387903
3815500,4611686018427387903
3915763,4611686018427387903
4016026,4611686018427387903
4117291,4611686018427387903
4217559,4611686018427387903
4317831,4611686018427387903
4418097,4611686018427387903
4518363,4611686018427387903
4618633,4611686018427387903
4718899,4611686018427387903
4819165,4611686018427387903
4919434,4611686018427387903
5019698,4611686018427387903
5120961,4611686018427387903
5221233,4611686018427387903
5321500,4611686018427387903
5421771,4611686018427387903
5522041,4611686018427387903
5622307,4611686018427387903
5722574,4611686018427387903
5822847,4611686018427387903
5923114,4611686018427387903
6023382,4611686018427387903
6124653,4611686018427387903
6224921,4611686018427387903
6325193,4611686018427387903
6425458,4611686018427387903
6525724,4611686018427387903
6625993,4611686018427387903
6726263,4611686018427387903
6826532,4611686018427387903
6926800,4611686018427387903
7027069,4611686018427387903
7128339,4611686018427387903
7228608,4611686018427387903
7328877,4611686018427387903
7429144,4611686018427387903
7529411,4611686018427387903
7629680,4611686018427387903
7729946,4611686018427387903
7830218,4611686018427387903
7930482,4611686018427387903
8030749,4611686018427387903
8132017,4611686018427387903
8232283,4611686018427387903
8332554,4611686018427387903
8432821,4611686018427387903
8533087,4611686018427387903
8633359,4611686018427387903
8733625,4611686018427387903
8833894,4611686018427387903
8934162,4611686018427387903
9034430,4611686018427387903
9135700,4611686018427387903
9235971,4611686018427387903
9336237,4611686018427387903
9436505,4611686018427387903
9536778,4611686018427387903
9637044,4611686018427387903
9737310,4611686018427387903
9837580,4611686018427387903
9937846,4611686018427387903
10038113,4611686018427387903
10139385,4611686018427387903
10239647,4611686018427387903
10339919,4611686018427387903
10440187,4611686018427387903
10540453,4611686018427387903
10640719,4611686018427387903
10740989,4611686018427387903
10841259,4611686018427387903
10941529,4611686018427387903
11041795,4611686018427387903
11143063,4611686018427387903
11243333,4611686018427387903
11343599,4611686018427387903
11443864,4611686018427387903
11544135,4611686018427387903
11644398,4611686018427387903
11744665,4611686018427387903
11844938,4611686018427387903
11945205,4611686018427387903
12045474,4611686018427387903
12146745,4611686018427387903
12247010,4611686018427387903
12347282,4611686018427387903
12447548,4611686018427387903
12547813,4611686018427387903
12648079,4611686018427387903
12748350,4611686018427387903
12848617,4611686018427387903
12948887,4611686018427387903
13049151,4611686018427387903
13150419,4611686018427387903
13250685,4611686018427387903
13350948,4611686018427387903
13451216,4611686018427387903
13551488,4611686018427387903
13651751,4611686018427387903
13752018,4611686018427387903
13852289,4611686018427387903
13952554,4611686018427387903
14052821,4611686018427387903
14154091,4611686018427387903
14254361,4611686018427387903
14354632,4611686018427387903
14454897,4611686018427387903
14555163,4611686018427387903
14655433,4611686018427387903
14755698,4611686018427387903
14855964,4611686018427387903
14956234,4611686018427387903
15056498,4611686018427387903
15157766,4611686018427387903
15258034,4611686018427387903
15358301,4611686018427387903
15458567,4611686018427387903
15558836,4611686018427387903
15659103,4611686018427387903
15759369,4611686018427387903
15859641,4611686018427387903
15959907,4611686018427387903
16060173,4611686018427387903
16161437,4611686018427387903
16261703,4611686018427387903
16361973,4611686018427387903
16462238,4611686018427387903
16562506,4611686018427387903
16662771,4611686018427387903
16763042,4611686018427387903
16863308,4611686018427387903
16963576,4611686018427387903
17063844,4611686018427387903
17165111,4611686018427387903
17265381,4611686018427387903
17365648,4611686018427387903
17465920,4611686018427387903
17566187,4611686018427387903
17666453,4611686018427387903
17766722,4611686018427387903
17866994,4611686018427387903
17967258,4611686018427387903
18067523,4611686018427387903
18168790,4611686018427387903
18269056,4611686018427387903
18369325,4611686018427387903
18469591,4611686018427387903
18569856,4611686018427387903
18670126,4611686018427387903
18770397,4611686018427387903
18870664,4611686018427387903
18970932,4611686018427387903
19071202,4611686018427387903
19172469,4611686018427387903
19272740,4611686018427387903
19373006,4611686018427387903
19473272,4611686018427387903
19573538,4611686018427387903
19673808,4611686018427387903
19774074,4611686018427387903
19874341,4611686018427387903
19974605,4611686018427387903
20074874,4611686018427387903
20176142,4611686018427387903
20276408,4611686018427387903
20376678,4611686018427387903
20476947,4611686018427387903
20577213,4611686018427387903
20677481,4611686018427387903
20777750,4611686018427387903
20878017,4611686018427387903
20978285,4611686018427387903
21078552,4611686018427387903
21179818,4611686018427387903
21280087,4611686018427387903
21380354,4611686018427387903
21480624,4611686018427387903
21580890,4611686018427387903
21681159,4611686018427387903
21781427,4611686018427387903
21881697,4611686018427387903
21981965,4611686018427387903
22082230,4611686018427387903
22183500,4611686018427387903
22283767,4611686018427387903
22384038,4611686018427387903
22484310,4611686018427387903
22584575,4611686018427387903
22684840,4611686018427387903
22785113,4611686018427387903
22885380,4611686018427387903
22985645,4611686018427387903
23085914,4611686018427387903
23187182,4611686018427387903
23287448,4611686018427387903
23387711,4611686018427387903
23487979,4611686018427387903
23588245,4611686018427387903
23688514,4611686018427387903
23788783,4611686018427387903
23889054,4611686018427387903
23989318,4611686018427387903
24089584,4611686018427387903
24190853,4611686018427387903
24291120,4611686018427387903
24391390,4611686018427387903
24491658,4611686018427387903
24591926,4611686018427387903
24692191,4611686018427387903
24792458,4611686018427387903
24892724,4611686018427387903
24992993,4611686018427387903
25093258,4611686018427387903
25194526,4611686018427387903
25294796,4611686018427387903
25395065,4611686018427387903
25495332,4611686018427387903
25595599,4611686018427387903
25695864,4611686018427387903
25796135,4611686018427387903
25896408,4611686018427387903
25996675,4611686018427387903
26096942,4611686018427387903
26198208,4611686018427387903
26298476,4611686018427387903
26398743,4611686018427387903
26499009,4611686018427387903
26599276,4611686018427387903
26699544,4611686018427387903
26799813,4611686018427387903
26900082,4611686018427387903
27000349,4611686018427387903
27100617,4611686018427387903
27201885,4611686018427387903
27302157,4611686018427387903
27402424,4611686018427387903
27502690,4611686018427387903
27602958,4611686018427387903
27703225,4611686018427387903
27803494,4611686018427387903
27903768,4611686018427387903
28004031,4611686018427387903
28104297,4611686018427387903
28205562,4611686018427387903
28305827,4611686018427387903
28406098,4611686018427387903
28506366,4611686018427387903
28606632,4611686018427387903
28706902,4611686018427387903
28807173,4611686018427387903
28907439,4611686018427387903
29007707,4611686018427387903
29107972,4611686018427387903
29209243,4611686018427387903
29309512,4611686018427387903
29409778,4611686018427387903
29510047,4611686018427387903
29610313,4611686018427387903
29710579,4611686018427387903
29810845,4611686018427387903
29911114,4611686018427387903
30011379,4611686018427387903
30111646,4611686018427387903
30211912,4611686018427387903
30312182,4611686018427387903
30412451,4611686018427387903
30512717,4611686018427387903
30612989,4611686018427387903
30713255,4611686018427387903
TS,4
102771,1207149584
203045,1207149584
303320,1207149584
403594,1207149584
503871,1207149584
604130,1207149584
704390,1207149584
804641,1207149584
904894,1207149584
1005149,1207149584
1106405,1207149584
1206669,1207149584
1306924,1207149584
1407187,1207149584
1507438,1207149584
1607696,1207149584
1707956,1207149584
1808219,1207149584
1908476,1207149584
2008743,1207149584
2109998,1207149584
2210259,1207149584
2310529,1207149584
2410789,1207149584
2511050,1207149584
2611315,1207149584
2711581,1207149584
2811847,1207149584
2912110,1207149584
3012373,1207149584
3113638,1207149584
3213904,1207149584
3314169,1207149584
3414437,1207149584
3514702,1207149584
3614966,1207149584
3715230,1207149584
3815502,1207149584
3915765,1207149584
4016028,1207149584
4117293,1207149584
4217561,1207149584
4317833,1207149584
4418099,1207149584
4518365,1207149584
4618635,1207149584
4718901,1207149584
4819167,1207149584
4919436,1207149584
5019699,1207149584
5120964,1207149584
5221235,1207149584
5321502,1207149584
5421773,1207149584
5522043,1207149584
5622309,1207149584
5722576,1207149584
5822848,1207149584
5923116,1207149584
6023384,1207149584
6124654,1207149584
6224922,1207149584
6325195,1207149584
6425460,1207149584
6525726,1207149584
6625995,1207149584
6726265,1207149584
6826534,1207149584
6926802,1207149584
7027070,1207149584
7128341,1207149584
7228610,1207149584
7328879,1207149584
7429146,1207149584
7529413,1207149584
7629682,1207149584
7729948,1207149584
7830220,1207149584
7930484,1207149584
8030751,1207149584
8132019,1207149584
8232285,1207149584
8332556,1207149584
8432823,1207149584
8533089,1207149584
8633361,1207149584
8733627,1207149584
8833895,1207149584
8934164,1207149584
9034431,1207149584
9135702,1207149584
9235973,1207149584
9336239,1207149584
9436507,1207149584
9536780,1207149584
9637046,1207149584
9737312,1207149584
9837582,1207149584
9937847,1207149584
10038115,1207149584
10139386,1207149584
10239648,1207149584
10339921,1207149584
10440188,1207149584
10540455,1207149584
10640721,1207149584
10740991,1207149584
10841261,1207149584
10941531,1207149584
11041797,1207149584
11143065,1207149584
11243335,1207149584
11343601,1207149584
11443866,1207149584
11544136,1207149584
11644400,1207149584
11744667,1207149584
11844940,1207149584
11945207,1207149584
12045476,1207149584
12146746,1207149584
12247012,1207149584
12347284,1207149584
12447550,1207149584
12547815,1207149584
12648081,1207149584
12748352,1207149584
12848618,1207149584
12948888,1207149584
13049153,1207149584
13150421,1207149584
13250687,1207149584
13350950,1207149584
13451217,1207149584
13551490,1207149584
13651753,1207149584
13752020,1207149584
13852290,1207149584
13952555,1207149584
14052823,1207149584
14154094,1207149584
14254363,1207149584
14354634,1207149584
14454898,1207149584
14555165,1207149584
14655435,1207149584
14755700,1207149584
14855966,1207149584
14956235,1207149584
15056500,1207149584
15157768,1207149584
15258036,1207149584
15358303,1207149584
15458569,1207149584
15558838,1207149584
15659104,1207149584
15759371,1207149584
15859642,1207149584
15959909,1207149584
16060174,1207149584
16161438,1207149584
16261704,1207149584
16361975,1207149584
16462240,1207149584
16562508,1207149584
16662773,1207149584
16763044,1207149584
16863310,1207149584
16963578,1207149584
17063846,1207149584
17165113,1207149584
17265383,1207149584
17365650,1207149584
17465921,1207149584
17566189,1207149584
17666455,1207149584
17766724,1207149584
17866996,1207149584
17967260,1207149584
18067525,1207149584
18168792,1207149584
18269057,1207149584
18369327,1207149584
18469593,1207149584
18569858,1207149584
18670128,1207149584
18770399,1207149584
18870666,1207149584
18970934,1207149584
19071204,1207149584
19172471,1207149584
19272742,1207149584
19373008,1207149584
19473274,1207149584
19573540,1207149584
19673810,1207149584
19774076,1207149584
19874342,1207149584
19974607,1207149584
20074876,1207149584
20176143,1207149584
20276410,1207149584
20376680,1207149584
20476949,1207149584
20577215,1207149584
20677483,1207149584
20777752,1207149584
20878018,1207149584
20978286,1207149584
21078554,1207149584
21179820,1207149584
21280089,1207149584
21380355,1207149584
21480626,1207149584
21580892,1207149584
21681161,1207149584
21781428,1207149584
21881699,1207149584
21981967,1207149584
22082232,1207149584
22183501,1207149584
22283768,1207149584
22384040,1207149584
22484312,1207149584
22584576,1207149584
22684842,1207149584
22785114,1207149584
22885382,1207149584
22985647,1207149584
23085916,1207149584
23187184,1207149584
23287449,1207149584
23387713,1207149584
23487981,1207149584
23588248,1207149584
23688515,1207149584
23788785,1207149584
23889056,1207149584
23989320,1207149584
24089586,1207149584
24190855,1207149584
24291122,1207149584
24391392,1207149584
24491659,1207149584
24591928,1207149584
24692193,1207149584
24792460,1207149584
24892726,1207149584
24992996,1207149584
25093260,1207149584
25194528,1207149584
25294798,1207149584
25395066,1207149584
25495333,1207149584
25595600,1207149584
25695867,1207149584
25796137,1207149584
25896410,1207149584
25996677,1207149584
26096944,1207149584
26198210,1207149584
26298477,1207149584
26398745,1207149584
26499011,1207149584
26599278,1207149584
26699545,1207149584
26799815,1207149584
26900084,1207149584
27000351,1207149584
27100618,1207149584
27201888,1207149584
27302158,1207149584
27402425,1207149584
27502692,1207149584
27602960,1207149584
27703227,1207149584
27803496,1207149584
27903770,1207149584
28004033,1207149584
28104298,1207149584
28205564,1207149584
28305829,1207149584
28406100,1207149584
28506368,1207149584
28606633,1207149584
28706904,1207149584
28807175,1207149584
28907440,1207149584
29007708,1207149584
29107973,1207149584
29209245,1207149584
29309514,1207149584
29409780,1207149584
29510048,1207149584
29610315,1207149584
29710581,1207149584
29810847,1207149584
29911115,1207149584
30011381,1207149584
30111648,1207149584
30211913,1207149584
30312183,1207149584
30412452,1207149584
30512719,1207149584
30612990,1207149584
30713257,1207149584
TS,5
102771,923467473
203045,923500721
303320,923533969
403595,923567217
503873,923601842
604132,923635090
704393,923668338
804642,923702506
904895,923735754
1005150,923770051
1106407,923818518
1206670,923852123
1306926,923885371
1407188,923918619
1507439,923952904
1607697,923986152
1707957,924019649
1808220,924052897
1908478,924086145
2008745,924120442
2109999,924168897
2210261,924202390
2310530,924235638
2410790,924268886
2511052,924303171
2611317,924336419
2711583,924369916
2811849,924403164
2912111,924436412
3012374,924470709
3113640,924519125
3213906,924552618
3314170,924585866
3414438,924619114
3514703,924653399
3614967,924686647
3715231,924720144
3815503,924753392
3915767,924786640
4016029,924820937
4117294,924869380
4217562,924902873
4317834,924936121
4418100,924969369
4518366,925003834
4618636,925037082
4718902,925070579
4819169,925103827
4919437,925137075
5019701,925171372
5120965,925219821
5221236,925253314
5321503,925286562
5421774,925319810
5522044,925354095
5622310,925387343
5722577,925420840
5822850,925454088
5923117,925487336
6023386,925521633
6124656,925570085
6224924,925603578
6325196,925636826
6425461,925670074
6525727,925704359
6625996,925737607
6726266,925771104
6826535,925804352
6926803,925837600
7027072,925871897
7128343,925920325
7228611,925953818
7328880,925987066
7429147,926020314
7529414,926054599
7629683,926087847
7729949,926122888
7830221,926156136
7930485,926189384
8030752,926223681
8132020,926272145
8232286,926305638
8332558,926338886
8432824,926372134
8533090,926406419
8633362,926439667
8733629,926473164
8833896,926506412
8934165,926539660
9034433,926573957
9135703,926622391
9235974,926655884
9336240,926689132
9436508,926723460
9536782,926757745
9637047,926790993
9737313,926824490
9837583,926857738
9937849,926890986
10038116,926925283
10139388,926974430
10239650,927007923
10339922,927041171
10440190,927074419
10540456,927108704
10640723,927141952
10740993,927175449
10841262,927208697
10941532,927241945
11041798,927276242
11143066,927325389
11243336,927358882
11343602,927392130
11443867,927425378
11544138,927459663
11644401,927492911
11744669,927526408
11844941,927559656
11945209,927592904
12045477,927627201
12146748,927676351
12247013,927709844
12347285,927743092
12447551,927776340
12547816,927810625
12648082,927843873
12748354,927878082
12848620,927911330
12948890,927944578
13049154,927978875
13150423,928028019
13250689,928061512
13350951,928094760
13451219,928128008
13551491,928162293
13651754,928195541
13752021,928229038
13852292,928262286
13952557,928295534
14052824,928329831
14154095,928378978
14254364,928412471
14354635,928446859
14454900,928480107
14555166,928514392
14655436,928547640
14755701,928581137
14855967,928614385
14956237,928647633
15056501,928681930
15157769,928731077
15258037,928764570
15358304,928797818
15458570,928831066
15558839,928865351
15659105,928898599
15759372,928932096
15859644,928965344
15959910,928998592
16060176,929036073
16161440,929085244
16261706,929118737
16361977,929151985
16462241,929185233
16562509,929219518
16662774,929252766
16763046,929286263
16863311,929319511
16963579,929352759
17063847,929387056
17165114,929436206
17265384,929469699
17365651,929502947
17465923,929536195
17566190,929570480
17666456,929603728
17766725,929637225
17866997,929670473
17967261,929703721
18067526,929738018
18168793,929787168
18269058,929820661
18369329,929853909
18469594,929887157
18569859,929921442
18670129,929954690
18770400,929988187
18870667,930021435
18970935,930054683
19071205,930088980
19172472,930138145
19272743,930171638
19373010,930204886
19473275,930238134
19573543,930272419
19673811,930305667
19774077,930339164
19874344,930372412
19974608,930405660
20074877,930439957
20176145,930489122
20276411,930522615
20376682,930555863
20476950,930589111
20577216,930623396
20677484,930656644
20777753,930690141
20878020,930723389
20978288,930756637
21078556,930790934
21179821,930840102
21280090,930873595
21380357,930906843
21480627,930940091
21580893,930974376
21681163,931007624
21781430,931041121
21881700,931074369
21981969,931107617
22082233,931141914
22183503,931191070
22283770,931224563
22384041,931257811
22484313,931291059
22584578,931325344
22684843,931358592
22785116,931392089
22885383,931425337
22985648,931458585
23085918,931492882
23187185,931542044
23287451,931575537
23387714,931608785
23487982,931642033
23588249,931676318
23688517,931709566
23788786,931743063
23889058,931776311
23989321,931809559
24089587,931843856
24190856,931893006
24291123,931926499
24391394,931959747
24491661,931992995
24591929,932027280
24692194,932060528
24792461,932094025
24892727,932127273
24992997,932160521
25093261,932194818
25194530,932243986
25294799,932277479
25395068,932310727
25495335,932343975
25595602,932378260
25695869,932411508
25796138,932445005
25896412,932478253
25996678,932513381
26096945,932547678
26198211,932596831
26298479,932630324
26398746,932663572
26499012,932696820
26599279,932731105
26699547,932764353
26799817,932797850
26900085,932831098
27000352,932864346
27100620,932898643
27201889,932947784
27302159,932981277
27402426,933014525
27502693,933047773
27602961,933082058
27703228,933116970
27803497,933150467
27903771,933183715
28004034,933216963
28104300,933251260
28205565,933300401
28305830,933333894
28406101,933367142
28506369,933400390
28606634,933434675
28706905,933467923
28807176,933501420
28907442,933534668
29007710,933567916
29107975,933602213
29209247,933651357
29309515,933685770
29409781,933719018
29510050,933752266
29610316,933786551
29710582,933819799
29810849,933853296
29911117,933886544
30011382,933919792
30111649,933954089
30211915,933988919
30312185,934022409
30412454,934055657
30512720,934088905
30612992,934123058
30713258,934156306
CPU1
TS,0
100919,78265443
201194,78289356
301469,78313269
401744,78337182
511014,80867000
611210,87315312
714429,100955082
814634,119542764
914847,138091147
1023071,158140080
1131293,174583764
1235503,181305798
1338720,195037020
1438927,213623407
1544152,233105045
1644360,251669249
1744562,260555834
1844760,266983552
1946983,285434206
2055220,305497853
2155429,324036462
2255630,331728013
2359845,341914652
2460052,360467161
2566286,380001158
2666496,398588824
2766691,405031979
2873907,416626856
2974115,435197943
3078337,454477361
3178549,471738536
3278748,478178444
3385963,491033044
3489185,510140228
3589392,528709383
3689597,544837704
3789800,551303286
3897024,565321309
4000249,584315489
4100459,602874556
4200666,617769765
4300865,624235764
4404077,638045399
4512305,658088844
4612522,676510020
4712735,690233673
4812935,696676547
4913139,711491342
5013352,730042400
5113562,748588361
5213768,762264131
5313970,768694655
5420182,783856502
5524399,803159928
5624605,821716135
5724810,834228071
5825008,840693152
5927220,855599150
6035447,875533686
6135651,894099280
6235854,905392183
6336053,911835484
6440273,930518013
6547502,950380503
6647714,968812150
6747913,978925613
6855127,986895803
6955337,1005432853
7058555,1024545517
7158762,1043129480
7258962,1052007430
7366182,1061166732
7466393,1079642357
7569605,1098763573
7669811,1117329823
7770014,1124958335
7877233,1135384141
7977447,1153919024
8081672,1173121657
8181882,1191689814
8282084,1198107172
8385294,1208290765
8485504,1226851386
8592729,1246703075
8692941,1263920736
8793142,1270385218
8893341,1281559862
8993547,1300131352
9093761,1318663526
9193970,1336017376
9294169,1342483615
9400387,1353997010
9505615,1373428222
9605820,1391981521
9706027,1408113183
9806227,1414561822
9908436,1425863642
10016658,1445907939
10116877,1464365953
10217080,1479306561
10317283,1485771379
10421495,1500800799
10527715,1520469007
10627922,1539018768
10728129,1552605760
10828327,1559072088
10935541,1575539144
11039761,1594841449
11139970,1613387201
11240172,1625881247
11340372,1632349025
11447598,1649914884
11550819,1669036490
11651028,1687597460
11751229,1698897360
11851433,1705334223
11958656,1724205253
12061877,1743208095
12162079,1761788176
12262287,1771843713
12362488,1778309248
12465697,1796930874
12572922,1816780295
12673133,1835260747
12773339,1844053086
12873540,1851615180
12973750,1870187241
13074962,1888919325
13175173,1907470523
13275377,1916326574
13381589,1924296917
13481805,1942727871
13586033,1962036040
13686238,1980604728
13786443,1988268987
13888645,1995924325
13988855,2014467164
14097086,2034428233
14197288,2052971419
14297484,2059433667
14402699,2071014964
14502907,2089582529
14609131,2109239404
14709341,2126549323
14809538,2132984257
14916764,2145761587
15019988,2164880785
15120199,2183415292
15220401,2199577009
15320598,2206041645
15427816,2220062880
15531035,2239060289
15631242,2257610255
15731448,2272521100
15831651,2278988653
15938876,2294231221
16043093,2313541207
16143311,2331965004
16243525,2345671282
16343726,2352135584
16446938,2367169465
16554162,2387020283
16654372,2405562853
16754576,2418077375
16854777,2424517211
16954983,2440423554
17055189,2459001793
17155400,2477540348
17255605,2490068751
17355807,2496534759
17462025,2512924952
17566249,2532119749
17666461,2550693165
17766658,2561973057
17866861,2568440938
17969079,2584546682
18078306,2604778401
18178526,2623228526
18278729,2633345019
18382937,2641115499
18483148,2659673871
18589368,2679331543
18689578,2697883001
18789776,2706766268
18896989,2715965639
18997200,2734401619
19100416,2753496849
19200622,2772067907
19300819,2779708139
19408035,2790126035
19508246,2808678141
19612475,2827874334
19712686,2846427679
19812885,2852854703
19920103,2864502306
20020312,2883042632
20123528,2902172743
20223739,2919387537
20323941,2925852877
20427149,2937195403
20534366,2957066227
20634578,2975606970
20734788,2991721584
20834989,2998187011
20935193,3010554391
21036413,3029217630
21136623,3047758461
21236830,3063863272
21337033,3070326613
21443246,3083122280
21547461,3102438866
21647677,3120873803
21747891,3135814380
21848093,3142250555
21950299,3154753596
22058524,3174781598
22158731,3193357812
22258939,3206965228
22359141,3213429535
22464365,3229850631
22569582,3249344347
22669796,3267882826
22769996,3280392220
22870192,3286854839
22977419,3304470909
23081650,3323727931
23181860,3342262879
23282057,3353583957
23382261,3360009834
23489480,3378928813
23592703,3397963162
23692908,3416465515
23793104,3426571753
23900324,3434565104
24000534,3453108207
24103749,3472227373
24203956,3490726393
24304161,3499524843
24407366,3507266474
24507581,3525836892
24615802,3545876333
24716014,3564414319
24816217,3572058134
24916421,3580827003
25016635,3599274165
25116833,3617828604
25217046,3636374183
25317245,3644041412
25423458,3653190860
25523669,3671742544
25627884,3690975253
25728094,3709509321
25828296,3715969772
25930503,3724836924
26030717,3743373083
26139946,3763595863
26240150,3780991443
26340349,3787412524
26445573,3800103864
26550802,3819608234
26651012,3838151054
26751219,3854287924
26851417,3860755529
26958635,3874783188
27061855,3893767681
27162058,3912340165
27262264,3927270718
27362463,3933736404
27469684,3948992029
27572900,3968100081
27673111,3986537735
27773321,4000224900
27873522,4006688144
27980741,4023161965
28084960,4042454564
28185172,4061006315
28285380,4073507430
28385582,4079950888
28488803,4096044723
28596021,4115925720
28696230,4134467537
28796436,4145754005
28896635,4152220021
28996842,4169430321
29097060,4187882741
29197270,4206433555
29297471,4217712658
29397673,4224176597
29503890,4241779697
29609106,4261288620
29709327,4279714815
29809530,4289801737
29909732,4296266888
30011949,4313613228
30120175,4333628477
30220385,4352205808
30320583,4361107386
30424791,4370079713
30525005,4388509382
30631217,4408203507
30731427,4426737510
CPU2
TS,0
109958,62411088
210233,62435001
310508,62458914
410783,62482827
520079,62560452
620350,62584365
720618,62608278
820886,62632191
921156,62656104
1021420,62731407
1121687,62755320
1221957,62779233
1322224,62803146
1422488,62827059
1522754,62902362
1623019,62926275
1723285,62950188
1823552,62974101
1923819,62998014
2024079,63073319
2124346,63097232
2224612,63121145
2324878,63145058
2425144,63168971
2525410,63244274
2625680,63268187
2725946,63292100
2826215,63316013
2926482,63339926
3026745,63415229
3127010,63439142
3227274,63463055
3327540,63486968
3427807,63510881
3528070,63586184
3628336,63610097
3728600,63634010
3828866,63657923
3929129,63681836
4029398,63757139
4129664,63781052
4229929,63804965
4330195,63828878
4430460,63852791
4530723,63928094
4630990,63952007
4731258,63975920
4831524,63999833
4931789,64023746
5032054,64099049
5132320,64122962
5232586,64146875
5332854,64170788
5433119,64194701
5533383,64270004
5633648,64293917
5733914,64317830
5834180,64341743
5934448,64365656
6034711,64440959
6134975,64464872
6235241,64488785
6335510,64512698
6435776,64536611
6536042,64611914
6636310,64635827
6736581,64659740
6836848,64683653
6937111,64707566
7037375,64782869
7137642,64806782
7237907,64830695
7338175,64854608
7438444,64878521
7538706,64956198
7638975,64980111
7739243,65004024
7839512,65027937
7939781,65051850
8040047,65129197
8140314,65153110
8240582,65177023
8340848,65200936
8441116,65224849
8541381,65300152
8641649,65324065
8741918,65347978
8842188,65371891
8942453,65395804
9042718,65471107
9142986,65495020
9243253,65518933
9343520,65542846
9443787,65566759
9544048,65642062
9644317,65665975
9744586,65689888
9844854,65713801
9945122,65737714
10045389,65813017
10145650,65836930
10245919,65860843
10346186,65884756
10446456,65908669
10546721,65983972
10646988,66007885
10747256,66031798
10847523,66055711
10947788,66079624
11048054,66154927
11148321,66178840
11248588,66202753
11348857,66226666
11449125,66250579
11549389,66325882
11649657,66349795
11749926,66373708
11850195,66397621
11950463,66421534
12050727,66496837
12150997,66520750
12251263,66544663
12351532,66568576
12451801,66592489
12552066,66667792
12652334,66691705
12752603,66715618
12852871,66739531
12953141,66763444
13053407,66838747
13153674,66862660
13253942,66886573
13354209,66910486
13454476,66934399
13554740,67009702
13655007,67033615
13755275,67057528
13855544,67081441
13955812,67105354
14056076,67180657
14156344,67204570
14256611,67228483
14356882,67252396
14457148,67276309
14557414,67351612
14657681,67375525
14757949,67399438
14858218,67423351
14958486,67447264
15058752,67522567
15159020,67546480
15259287,67570393
15359557,67594306
15459827,67618219
15560094,67693522
15660360,67717435
15760628,67741348
15860896,67765261
15961165,67789174
16061432,67864477
16161703,67888390
16261972,67912303
16362240,67936216
16462507,67960129
16562774,68035432
16663041,68059345
16763307,68083258
16863575,68107171
16963844,68131084
17064107,68206387
17164377,68230300
17264646,68254213
17364916,68278126
17465182,68302039
17565445,68379314
17665712,68403227
17765981,68427140
17866247,68451053
17966514,68474966
18066779,68552265
18167047,68576178
18267314,68600091
18367583,68624004
18467851,68647917
18568114,68723220
18668383,68747133
18768650,68771046
18868918,68794959
18969183,68818872
19069444,68894175
19169714,68918088
19269981,68942001
19370250,68965914
19470520,68989827
19570786,69065130
19671054,69089043
19771322,69112956
19871589,69136869
19971855,69160782
20072119,69236085
20172387,69259998
20272657,69283911
20372925,69307824
20473195,69331737
20573460,69407040
20673728,69430953
20773996,69454866
20874264,69478779
20974532,69502692
21074801,69577995
21175069,69601908
21275337,69625821
21375603,69649734
21475870,69673647
21576135,69748950
21676405,69772863
21776671,69796776
21876938,69820689
21977207,69844602
22077474,69919905
22177742,69943818
22278009,69967731
22378279,69991644
22478549,70015557
22578814,70090860
22679081,70114773
22779348,70138686
22879616,70162599
22979884,70186512
23080152,70261815
23180418,70285728
23280687,70309641
23380955,70333554
23481224,70357467
23581490,70432770
23681763,70456683
23782028,70480596
23882296,70504509
23982563,70528422
24082828,70604005
24183096,70627918
24283362,70651831
24383630,70675744
24483901,70699657
24584166,70774960
24684433,70798873
24784703,70822786
24884969,70846699
24985237,70870612
25085504,70945915
25185772,70969828
25286038,70993741
25386309,71017654
25486577,71041567
25586844,71116870
25687111,71140783
25787378,71164696
25887646,71188609
25987913,71212522
26088179,71287825
26188446,71311738
26288714,71335651
26388981,71359564
26489248,71383477
26589512,71458780
26689781,71482693
26790048,71506606
26890317,71530519
26990585,71554432
27090849,71629735
27191115,71653648
27291382,71677561
27391651,71701474
27491920,71725387
27592187,71802650
27692456,71826563
27792726,71850476
27892996,71874389
27993264,71898302
28093529,71975433
28193798,71999346
28294066,72023259
28394333,72047172
28494602,72071085
28594866,72146388
28695133,72170301
28795400,72194214
28895668,72218127
28995937,72242040
29096201,72317343
29196471,72341256
29296739,72365169
29397008,72389082
29497276,72412995
29597541,72488298
29697809,72512211
29798081,72536124
29898347,72560037
29998610,72583950
30098877,72659253
30199146,72683166
30299415,72707079
30399683,72730992
30499949,72754905
30600218,72780020
30700486,72803933
CPU3
TS,0
108963,62406878
209239,62430791
309513,62454704
409788,62478617
510065,62554289
610342,62578202
710618,62602115
810893,62626028
911167,62649941
1011443,62725244
1111718,62749157
1211994,62773070
1312269,62796983
1412543,62820896
1512818,62896199
1613092,62920112
1713366,62944025
1813640,62967938
1913914,62991851
2014186,63067154
2114459,63091067
2214732,63114980
2315006,63138893
2415279,63162806
2515550,63238109
2615824,63262022
2716096,63285935
2816370,63309848
2916644,63333761
3016914,63409064
3117187,63432977
3217459,63456890
3317731,63480803
3417999,63504716
3518268,63580019
3618539,63603932
3718810,63627845
3819081,63651758
3919352,63675671
4019621,63750974
4119891,63774887
4220160,63798800
4320435,63822713
4420703,63846626
4520975,63921929
4621244,63945842
4721513,63969755
4821781,63993668
4922051,64017581
5022321,64092884
5122590,64116797
5222859,64140710
5323128,64164623
5423396,64188536
5523666,64263839
5623937,64287752
5724204,64311665
5824474,64335578
5924742,64359491
6025009,64434794
6125279,64458707
6225546,64482620
6325813,64506533
6426082,64530446
6526353,64605749
6626619,64629662
6726884,64653575
6827152,64677488
6927420,64701401
7027688,64776704
7127957,64800617
7228224,64824530
7328492,64848443
7428759,64872356
7529027,64949683
7629291,64973596
7729559,64997509
7829826,65021422
7930095,65045335
8030360,65122518
8130625,65146431
8230892,65170344
8331161,65194257
8431432,65218170
8531699,65293473
8631967,65317386
8732234,65341299
8832500,65365212
8932769,65389125
9033035,65464428
9133305,65488341
9233570,65512254
9333836,65536167
9434103,65560080
9534368,65635383
9634634,65659296
9734902,65683209
9835170,65707122
9935437,65731035
10035705,65806338
10135974,65830251
10236244,65854164
10336510,65878077
10436776,65901990
10537046,65977293
10637316,66001206
10737582,66025119
10837848,66049032
10938117,66072945
11038384,66148248
11138651,66172161
11238917,66196074
11339185,66219987
11439452,66243900
11539721,66319203
11639987,66343116
11740254,66367029
11840520,66390942
11940787,66414855
12041054,66490158
12141317,66514071
12241587,66537984
12341855,66561897
12442121,66585810
12542388,66661113
12642658,66685026
12742924,66708939
12843191,66732852
12943456,66756765
13043723,66832068
13143994,66855981
13244262,66879894
13344528,66903807
13444796,66927720
13545062,67003023
13645331,67026936
13745598,67050849
13845865,67074762
13946133,67098675
14046399,67173978
14146664,67197891
14246934,67221804
14347202,67245717
14447471,67269630
14547739,67344933
14648006,67368846
14748274,67392759
14848540,67416672
14948805,67440585
15049072,67515888
15149339,67539801
15249609,67563714
15349876,67587627
15450145,67611540
15550411,67686843
15650679,67710756
15750944,67734669
15851213,67758582
15951481,67782495
16051749,67857798
16152017,67881711
16252279,67905624
16352547,67929537
16452813,67953450
16553080,68028753
16653350,68052666
16753619,68076579
16853886,68100492
16954153,68124405
17054421,68199708
17154688,68223621
17254956,68247534
17355223,68271447
17455491,68295360
17555760,68372771
17656030,68396684
17756295,68420597
17856563,68444510
17956830,68468423
18057098,68545654
18157367,68569567
18257637,68593480
18357905,68617393
18458175,68641306
18558442,68716609
18658713,68740522
18758981,68764435
18859247,68788348
18959515,68812261
19059783,68887564
19160047,68911477
19260313,68935390
19360582,68959303
19460848,68983216
19561117,69058519
19661376,69082432
19761648,69106345
19861913,69130258
19962182,69154171
20062451,69229474
20162719,69253387
20262985,69277300
20363253,69301213
20463519,69325126
20563786,69400429
20664053,69424342
20764319,69448255
20864586,69472168
20964855,69496081
21065118,69571384
21165385,69595297
21265654,69619210
21365921,69643123
21466190,69667036
21566456,69742339
21666719,69766252
21766989,69790165
21867256,69814078
21967524,69837991
22067790,69913294
22168056,69937207
22268326,69961120
22368593,69985033
22468854,70008946
22569124,70084249
22669392,70108162
22769663,70132075
22869931,70155988
22970200,70179901
23070460,70255204
23170728,70279117
23270994,70303030
23371261,70326943
23471528,70350856
23571799,70426159
23672065,70450072
23772333,70473985
23872600,70497898
23972869,70521811
24073136,70597114
24173406,70621027
24273674,70644940
24373942,70668853
24474204,70692766
24574472,70768069
24674741,70791982
24775008,70815895
24875275,70839808
24975545,70863721
25075812,70939024
25176080,70962937
25276348,70986850
25376615,71010763
25476884,71034676
25577153,71109979
25677418,71133892
25777684,71157805
25877950,71181718
25978219,71205631
26078487,71280934
26178757,71304847
26279026,71328760
26379293,71352673
26479563,71376586
26579832,71451889
26680098,71475802
26780364,71499715
26880633,71523628
26980901,71547541
27081167,71622844
27181435,71646757
27281700,71670670
27381968,71694583
27482237,71718496
27582507,71795523
27682773,71819436
27783034,71843349
27883300,71867262
27983569,71891175
28083836,71968306
28184105,71992219
28284373,72016132
28384643,72040045
28484910,72063958
28585175,72139261
28685442,72163174
28785711,72187087
28885977,72211000
28986249,72234913
29086516,72310216
29186780,72334129
29287048,72358042
29387317,72381955
29487585,72405868
29587853,72481171
29688121,72505084
29788384,72528997
29888652,72552910
29988921,72576823
30089189,72652126
30189458,72676039
30289727,72699952
30389996,72723865
30490266,72747778
30590525,72772893
30690795,72796806
end_data


*** The last thread under control of EPOS has finished.
*** EPOS is shutting down!

(C)StarFive
CCCCCCCCCCCC