
U-Boot SPL 2026.04-rc3-dirty (Feb 24 2026 - 23:57:14 -0300)
DDR version: dc2e84f0.
Trying to boot from SPI










This is EPOS!

Setting up this machine as follows: 
  Mode:         library
  Processor:    4 x RV64 at 600 MHz (BUS clock = 33 MHz)
  Machine:      VisionFive2
  Memory:       131072 KB [0x0000000040000000:0x0000000047ffffff]
  User memory:  130551 KB [0x0000000040000000:0x0000000047f7dfff]
  I/O space:    524288 KB [0x0000000000000000:0x000000001fffffff]
  Node Id:      will get from the network!
  Position:     will get from the network!

<0>: Monitor::init: system event 0 at 10 Hz created :<0>
<0>: Monitor::init: system event 1 at 10 Hz created :<0>
<0>: Monitor::init: system event 2 at 10 Hz created :<0>
<0>: Monitor::init: system event 3 at 10 Hz created :<0>
<0>: Monitor::init: system event 4 at 10 Hz created :<0>
Stress feature test
Running experiments with the following configurations:
>  Measure time: true
>  Test duration: 30
>  Selected taskset: 1
>  Size of image 1: 49160
>  Size of image 2: 49160
>  Size of the bandwidth allocation: 2097152
>  CPU Clock: 1503MHz
>  CPU voltage: 1040mV
>  New clock: 751999999Hz
>  New voltage: 800mV
Taskset initialization...
Done.
Creating threads...
>  Thread[0]: period = 500000, deadline = 500000, wcet = 100000, activation = 10
000, times = 60, cpu = 1
>  Thread[1]: period = 500000, deadline = 500000, wcet = 100000, activation = 10
000, times = 60, cpu = 1
>  Thread[2]: period = 500000, deadline = 500000, wcet = 100000, activation = 10
000, times = 60, cpu = 2
>  Thread[3]: period = 500000, deadline = 500000, wcet = 100000, activation = 10
000, times = 60, cpu = 3
Done
Current time: 3933075
>  Iteration [0]...
>  Iteration [1]...
>  Iteration [2]...
>  Iteration [3]...
>  Iteration [4]...
>  Iteration [5]...
>  Iteration [6]...
>  Iteration [7]...
>  Iteration [8]...
>  Iteration [9]...
>  Iteration [10]...
>  Iteration [11]...
>  Iteration [12]...
>  Iteration [13]...
>  Iteration [14]...
>  Iteration [15]...
>  Iteration [16]...
>  Iteration [17]...
>  Iteration [18]...
>  Iteration [19]...
>  Iteration [20]...
>  Iteration [21]...
>  Iteration [22]...
>  Iteration [23]...
>  Iteration [24]...
>  Iteration [25]...
>  Iteration [26]...
>  Iteration [27]...
>  Iteration [28]...
>  Iteration [29]...
Returned to application main!
Elapsed: 30664606
Threads: 4
-----------------------------------------------------
...............Threads Timing Behavior...............
-----------------------------------------------------
Task [0]: 0x0000000047ca1b50
>   Counted iterations: 60
>   Execution time: 6259494 us
>   Job WCET: 111049 us
>   Iteration WCET: 1110 us
>   Average job runtime: 104324 us
>   Agerage iteration runtime: 1043 us
>   Iterations per job: 100
Task [1]: 0x0000000047c818d0
>   Counted iterations: 60
>   Execution time: 14668920 us
>   Job WCET: 244522 us
>   Iteration WCET: 244522 us
>   Average job runtime: 244482 us
>   Agerage iteration runtime: 244482 us
>   Iterations per job: 1
Task [2]: 0x0000000047c61650
>   Counted iterations: 60
>   Execution time: 4028 us
>   Job WCET: 67 us
>   Iteration WCET: 2 us
>   Average job runtime: 67 us
>   Agerage iteration runtime: 2 us
>   Iterations per job: 25
Task [3]: 0x0000000047c413d0
>   Counted iterations: 60
>   Execution time: 4029 us
>   Job WCET: 67 us
>   Iteration WCET: 2 us
>   Average job runtime: 67 us
>   Agerage iteration runtime: 2 us
>   Iterations per job: 25
Taskset deallocation...
>  Deleting thread 0x0000000047ca1b50
>  Deleting thread 0x0000000047c818d0
>  Deleting thread 0x0000000047c61650
>  Deleting thread 0x0000000047c413d0
Done.
FINAL_TS<30754870>
begin_data
CPU0
TS,0
102050,687
202225,787
302401,887
402577,987
502757,1087
602934,1187
703096,1287
803257,1387
903426,1487
1003605,1587
1104782,1688
1204945,1788
1305108,1888
1405280,1988
1505461,2088
1605636,2188
1705798,2288
1805961,2388
1906133,2488
2006313,2588
2107491,2689
2207654,2789
2307819,2889
2407989,2989
2508169,3089
2608345,3189
2708509,3289
2808675,3389
2908846,3489
3009026,3589
3110207,3690
3210372,3790
3310539,3890
3410711,3990
3510891,4090
3611068,4190
3711231,4290
3811399,4390
3911570,4490
4011750,4590
4112929,4691
4213093,4791
4313262,4891
4413434,4991
4513614,5091
4613795,5191
4713959,5291
4814128,5391
4914300,5491
5014480,5591
5115662,5692
5215827,5792
5315995,5892
5416168,5992
5516349,6092
5616529,6192
5716695,6292
5816864,6392
5917035,6492
6017217,6592
6118398,6693
6218563,6793
6318733,6893
6418905,6993
6519087,7093
6619267,7193
6719434,7293
6819604,7393
6919776,7493
7019957,7593
7121135,7694
7221301,7794
7321470,7894
7421642,7994
7521823,8094
7621998,8194
7722165,8294
7822337,8394
7922509,8494
8022691,8594
8123873,8695
8224040,8795
8324211,8895
8424383,8995
8524563,9095
8624741,9195
8724907,9295
8825077,9395
8925249,9495
9025429,9595
9126610,9696
9226777,9796
9326946,9896
9427118,9996
9527299,10096
9627477,10196
9727643,10296
9827812,10396
9927985,10496
10028166,10596
10129345,10697
10229513,10797
10329682,10897
10429854,10997
10530035,11097
10630216,11197
10730383,11297
10830553,11397
10930724,11497
11030905,11597
11132085,11698
11232251,11798
11332419,11898
11432592,11998
11532773,12098
11632952,12198
11733117,12298
11833287,12398
11933460,12498
12033641,12598
12134820,12699
12234986,12799
12335154,12899
12435328,12999
12535509,13099
12635689,13199
12735856,13299
12836024,13399
12936198,13499
13036378,13599
13137557,13700
13237724,13800
13337893,13900
13438065,14000
13538246,14100
13638425,14200
13738594,14300
13838761,14400
13938934,14500
14039116,14600
14140293,14701
14240462,14801
14340632,14901
14440805,15001
14540986,15101
14641165,15201
14741332,15301
14841501,15401
14941673,15501
15041854,15601
15143033,15702
15243200,15802
15343368,15902
15443541,16002
15543721,16102
15643898,16202
15744064,16302
15844231,16402
15944404,16502
16044587,16602
16145762,16703
16245928,16803
16346097,16903
16446270,17003
16546451,17103
16646629,17203
16746798,17303
16846966,17403
16947139,17503
17047319,17603
17148498,17704
17248668,17804
17348834,17904
17449007,18004
17549189,18104
17649367,18204
17749535,18304
17849703,18404
17949875,18504
18050056,18604
18151234,18705
18251400,18805
18351573,18905
18451754,19005
18551935,19105
18652112,19205
18752280,19305
18852447,19405
18952620,19505
19052801,19605
19153977,19706
19254146,19806
19354315,19906
19454488,20006
19554669,20106
19654845,20206
19755010,20306
19855178,20406
19955351,20506
20055533,20606
20156708,20707
20256874,20807
20357044,20907
20457217,21007
20557397,21107
20657571,21207
20757738,21307
20857906,21407
20958078,21507
21058259,21607
21159437,21708
21259603,21808
21359773,21908
21459946,22008
21560128,22108
21660303,22208
21760470,22308
21860641,22408
21960812,22508
22060996,22608
22162171,22709
22262338,22809
22362506,22909
22462680,23009
22562860,23109
22663037,23209
22763202,23309
22863370,23409
22963544,23509
23063727,23609
23164903,23710
23265070,23810
23365239,23910
23465414,24010
23565596,24110
23665774,24210
23765941,24310
23866109,24410
23966283,24510
24066465,24610
24167643,24711
24267811,24811
24367979,24911
24468153,25011
24568335,25111
24668511,25211
24768679,25311
24868846,25411
24969021,25511
25069204,25611
25170381,25712
25270549,25812
25370715,25912
25470890,26012
25571072,26112
25671248,26212
25771415,26312
25871583,26412
25971758,26512
26071940,26612
26173116,26713
26273281,26813
26373450,26913
26473625,27013
26573807,27113
26673981,27213
26774148,27313
26874314,27413
26974489,27513
27074672,27613
27175847,27714
27276013,27814
27376179,27914
27476354,28014
27576535,28114
27676711,28214
27776876,28314
27877043,28414
27977218,28514
28077400,28614
28178576,28715
28278742,28815
28378911,28915
28479086,29015
28579266,29115
28679441,29215
28779612,29315
28879778,29415
28979953,29515
29080137,29615
29181314,29716
29281481,29816
29381649,29916
29481824,30016
29582006,30116
29682179,30216
29782345,30316
29882513,30416
29982688,30516
30082872,30616
30183046,30716
30283214,30816
30383380,30916
30483555,31016
TS,1
102050,0
202226,0
302401,0
402577,0
502758,0
602935,0
703097,0
803258,0
903426,0
1003606,0
1104784,0
1204945,0
1305109,0
1405281,0
1505462,0
1605637,0
1705799,0
1805962,0
1906133,0
2006314,0
2107492,0
2207655,0
2307819,0
2407989,0
2508170,0
2608346,0
2708509,0
2808676,0
2908846,0
3009027,0
3110208,0
3210373,0
3310540,0
3410711,0
3510892,0
3611069,0
3711232,0
3811400,0
3911570,0
4011751,0
4112930,0
4213094,0
4313263,0
4413435,0
4513615,0
4613796,0
4713960,0
4814129,0
4914301,0
5014481,0
5115663,0
5215828,0
5315997,0
5416168,0
5516350,0
5616530,0
5716696,0
5816865,0
5917035,0
6017218,0
6118399,0
6218564,0
6318733,0
6418905,0
6519088,0
6619268,0
6719435,0
6819604,0
6919776,0
7019958,0
7121136,0
7221302,0
7321471,0
7421642,0
7521824,0
7622000,0
7722166,0
7822339,0
7922509,0
8022692,0
8123874,0
8224041,0
8324212,0
8424383,0
8524564,0
8624742,0
8724908,0
8825078,0
8925250,0
9025430,0
9126611,0
9226778,0
9326947,0
9427118,0
9527300,0
9627478,0
9727644,0
9827813,0
9927985,0
10028167,0
10129346,0
10229514,0
10329683,0
10429854,0
10530036,0
10630217,0
10730384,0
10830554,0
10930725,0
11030906,0
11132086,0
11232252,0
11332420,0
11432593,0
11532774,0
11632952,0
11733118,0
11833288,0
11933460,0
12033642,0
12134821,0
12234987,0
12335155,0
12435328,0
12535510,0
12635690,0
12735857,0
12836025,0
12936198,0
13036380,0
13137558,0
13237725,0
13337895,0
13438066,0
13538247,0
13638426,0
13738595,0
13838763,0
13938934,0
14039117,0
14140295,0
14240463,0
14340633,0
14440805,0
14540987,0
14641166,0
14741333,0
14841501,0
14941673,0
15041855,0
15143034,0
15243201,0
15343369,0
15443542,0
15543722,0
15643899,0
15744065,0
15844232,0
15944405,0
16044588,0
16145763,0
16245929,0
16346098,0
16446270,0
16546452,0
16646630,0
16746799,0
16846967,0
16947139,0
17047320,0
17148499,0
17248669,0
17348835,0
17449007,0
17549190,0
17649368,0
17749536,0
17849704,0
17949876,0
18050057,0
18151236,0
18251401,0
18351574,0
18451754,0
18551936,0
18652113,0
18752281,0
18852448,0
18952621,0
19052802,0
19153978,0
19254147,0
19354316,0
19454488,0
19554670,0
19654846,0
19755011,0
19855179,0
19955351,0
20055534,0
20156709,0
20256875,0
20357045,0
20457217,0
20557398,0
20657572,0
20757739,0
20857907,0
20958078,0
21058261,0
21159438,0
21259604,0
21359774,0
21459946,0
21560129,0
21660304,0
21760470,0
21860642,0
21960813,0
22060997,0
22162173,0
22262339,0
22362507,0
22462680,0
22562861,0
22663038,0
22763203,0
22863371,0
22963544,0
23063728,0
23164904,0
23265071,0
23365240,0
23465414,0
23565597,0
23665775,0
23765942,0
23866110,0
23966284,0
24066466,0
24167644,0
24267812,0
24367979,0
24468153,0
24568336,0
24668512,0
24768680,0
24868846,0
24969021,0
25069205,0
25170382,0
25270550,0
25370716,0
25470890,0
25571073,0
25671249,0
25771416,0
25871584,0
25971758,0
26071941,0
26173117,0
26273282,0
26373451,0
26473625,0
26573808,0
26673982,0
26774149,0
26874315,0
26974489,0
27074673,0
27175848,0
27276014,0
27376180,0
27476354,0
27576536,0
27676712,0
27776877,0
27877044,0
27977218,0
28077401,0
28178577,0
28278743,0
28378912,0
28479086,0
28579268,0
28679442,0
28779613,0
28879779,0
28979954,0
29080138,0
29181316,0
29281482,0
29381650,0
29481824,0
29582007,0
29682180,0
29782346,0
29882514,0
29982688,0
30082873,0
30183047,0
30283215,0
30383381,0
30483555,0
TS,2
102050,0
202226,0
302402,0
402578,0
502759,0
602936,0
703098,0
803259,0
903427,0
1003607,0
1104785,0
1204947,0
1305110,0
1405281,0
1505463,0
1605638,0
1705799,0
1805963,0
1906133,0
2006315,0
2107493,0
2207656,0
2307820,0
2407990,0
2508171,0
2608347,0
2708510,0
2808677,0
2908847,0
3009028,0
3110209,0
3210374,0
3310541,0
3410712,0
3510893,0
3611070,0
3711233,0
3811400,0
3911571,0
4011752,0
4112931,0
4213095,0
4313264,0
4413435,0
4513616,0
4613797,0
4713961,0
4814130,0
4914301,0
5014482,0
5115664,0
5215829,0
5315998,0
5416169,0
5516351,0
5616531,0
5716697,0
5816866,0
5917036,0
6017219,0
6118400,0
6218565,0
6318734,0
6418906,0
6519089,0
6619269,0
6719436,0
6819605,0
6919776,0
7019959,0
7121138,0
7221303,0
7321472,0
7421643,0
7521825,0
7622001,0
7722167,0
7822339,0
7922510,0
8022694,0
8123875,0
8224042,0
8324212,0
8424384,0
8524565,0
8624743,0
8724909,0
8825079,0
8925250,0
9025432,0
9126612,0
9226779,0
9326948,0
9427119,0
9527301,0
9627479,0
9727645,0
9827814,0
9927985,0
10028168,0
10129347,0
10229515,0
10329684,0
10429855,0
10530037,0
10630218,0
10730385,0
10830555,0
10930725,0
11030907,0
11132087,0
11232253,0
11332421,0
11432593,0
11532775,0
11632953,0
11733119,0
11833289,0
11933461,0
12033643,0
12134822,0
12234988,0
12335157,0
12435329,0
12535511,0
12635691,0
12735858,0
12836026,0
12936199,0
13036381,0
13137559,0
13237726,0
13337896,0
13438066,0
13538248,0
13638428,0
13738596,0
13838764,0
13938935,0
14039118,0
14140296,0
14240464,0
14340634,0
14440806,0
14540988,0
14641167,0
14741334,0
14841503,0
14941674,0
15041856,0
15143035,0
15243202,0
15343370,0
15443542,0
15543724,0
15643900,0
15744066,0
15844233,0
15944405,0
16044589,0
16145764,0
16245931,0
16346099,0
16446271,0
16546453,0
16646631,0
16746800,0
16846968,0
16947140,0
17047321,0
17148500,0
17248670,0
17348836,0
17449008,0
17549191,0
17649369,0
17749537,0
17849704,0
17949876,0
18050058,0
18151236,0
18251402,0
18351575,0
18451755,0
18551937,0
18652114,0
18752282,0
18852450,0
18952621,0
19052803,0
19153979,0
19254148,0
19354316,0
19454489,0
19554671,0
19654847,0
19755012,0
19855180,0
19955351,0
20055535,0
20156710,0
20256876,0
20357046,0
20457218,0
20557399,0
20657573,0
20757740,0
20857908,0
20958079,0
21058261,0
21159439,0
21259605,0
21359775,0
21459947,0
21560130,0
21660306,0
21760471,0
21860643,0
21960813,0
22060998,0
22162174,0
22262340,0
22362508,0
22462681,0
22562862,0
22663039,0
22763203,0
22863372,0
22963545,0
23063729,0
23164905,0
23265072,0
23365241,0
23465414,0
23565598,0
23665776,0
23765943,0
23866111,0
23966284,0
24066467,0
24167645,0
24267813,0
24367980,0
24468154,0
24568337,0
24668513,0
24768681,0
24868848,0
24969021,0
25069206,0
25170383,0
25270551,0
25370717,0
25470890,0
25571074,0
25671250,0
25771417,0
25871585,0
25971758,0
26071942,0
26173118,0
26273283,0
26373452,0
26473625,0
26573809,0
26673983,0
26774150,0
26874316,0
26974489,0
27074674,0
27175849,0
27276015,0
27376181,0
27476354,0
27576537,0
27676713,0
27776878,0
27877045,0
27977218,0
28077402,0
28178578,0
28278744,0
28378913,0
28479087,0
28579269,0
28679444,0
28779613,0
28879780,0
28979954,0
29080139,0
29181317,0
29281483,0
29381650,0
29481825,0
29582008,0
29682181,0
29782347,0
29882515,0
29982688,0
30082874,0
30183048,0
30283216,0
30383382,0
30483556,0
TS,3
102051,4611686018427387903
202226,4611686018427387903
302402,4611686018427387903
402578,4611686018427387903
502760,4611686018427387903
602937,4611686018427387903
703099,4611686018427387903
803260,4611686018427387903
903427,4611686018427387903
1003608,4611686018427387903
1104786,4611686018427387903
1204948,4611686018427387903
1305111,4611686018427387903
1405282,4611686018427387903
1505464,4611686018427387903
1605639,4611686018427387903
1705801,4611686018427387903
1805964,4611686018427387903
1906134,4611686018427387903
2006316,4611686018427387903
2107494,4611686018427387903
2207657,4611686018427387903
2307821,4611686018427387903
2407990,4611686018427387903
2508172,4611686018427387903
2608348,4611686018427387903
2708511,4611686018427387903
2808678,4611686018427387903
2908847,4611686018427387903
3009029,4611686018427387903
3110210,4611686018427387903
3210375,4611686018427387903
3310542,4611686018427387903
3410712,4611686018427387903
3510894,4611686018427387903
3611070,4611686018427387903
3711234,4611686018427387903
3811401,4611686018427387903
3911571,4611686018427387903
4011753,4611686018427387903
4112932,4611686018427387903
4213096,4611686018427387903
4313265,4611686018427387903
4413436,4611686018427387903
4513617,4611686018427387903
4613798,4611686018427387903
4713962,4611686018427387903
4814131,4611686018427387903
4914302,4611686018427387903
5014483,4611686018427387903
5115665,4611686018427387903
5215830,4611686018427387903
5315998,4611686018427387903
5416169,4611686018427387903
5516352,4611686018427387903
5616533,4611686018427387903
5716698,4611686018427387903
5816867,4611686018427387903
5917036,4611686018427387903
6017220,4611686018427387903
6118401,4611686018427387903
6218566,4611686018427387903
6318735,4611686018427387903
6418906,4611686018427387903
6519090,4611686018427387903
6619270,4611686018427387903
6719437,4611686018427387903
6819606,4611686018427387903
6919777,4611686018427387903
7019960,4611686018427387903
7121138,4611686018427387903
7221304,4611686018427387903
7321473,4611686018427387903
7421643,4611686018427387903
7521826,4611686018427387903
7622002,4611686018427387903
7722169,4611686018427387903
7822341,4611686018427387903
7922510,4611686018427387903
8022694,4611686018427387903
8123876,4611686018427387903
8224042,4611686018427387903
8324214,4611686018427387903
8424384,4611686018427387903
8524566,4611686018427387903
8624744,4611686018427387903
8724910,4611686018427387903
8825080,4611686018427387903
8925251,4611686018427387903
9025433,4611686018427387903
9126613,4611686018427387903
9226780,4611686018427387903
9326949,4611686018427387903
9427119,4611686018427387903
9527302,4611686018427387903
9627480,4611686018427387903
9727646,4611686018427387903
9827815,4611686018427387903
9927986,4611686018427387903
10028169,4611686018427387903
10129348,4611686018427387903
10229516,4611686018427387903
10329685,4611686018427387903
10429855,4611686018427387903
10530038,4611686018427387903
10630219,4611686018427387903
10730386,4611686018427387903
10830556,4611686018427387903
10930726,4611686018427387903
11030908,4611686018427387903
11132088,4611686018427387903
11232254,4611686018427387903
11332422,4611686018427387903
11432594,4611686018427387903
11532776,4611686018427387903
11632954,4611686018427387903
11733120,4611686018427387903
11833290,4611686018427387903
11933461,4611686018427387903
12033644,4611686018427387903
12134823,4611686018427387903
12234989,4611686018427387903
12335157,4611686018427387903
12435329,4611686018427387903
12535512,4611686018427387903
12635692,4611686018427387903
12735859,4611686018427387903
12836027,4611686018427387903
12936199,4611686018427387903
13036382,4611686018427387903
13137559,4611686018427387903
13237728,4611686018427387903
13337897,4611686018427387903
13438067,4611686018427387903
13538249,4611686018427387903
13638428,4611686018427387903
13738597,4611686018427387903
13838765,4611686018427387903
13938935,4611686018427387903
14039119,4611686018427387903
14140296,4611686018427387903
14240465,4611686018427387903
14340635,4611686018427387903
14440806,4611686018427387903
14540989,4611686018427387903
14641168,4611686018427387903
14741335,4611686018427387903
14841504,4611686018427387903
14941674,4611686018427387903
15041857,4611686018427387903
15143036,4611686018427387903
15243203,4611686018427387903
15343371,4611686018427387903
15443543,4611686018427387903
15543725,4611686018427387903
15643901,4611686018427387903
15744067,4611686018427387903
15844234,4611686018427387903
15944406,4611686018427387903
16044590,4611686018427387903
16145765,4611686018427387903
16245931,4611686018427387903
16346100,4611686018427387903
16446271,4611686018427387903
16546454,4611686018427387903
16646632,4611686018427387903
16746801,4611686018427387903
16846969,4611686018427387903
16947140,4611686018427387903
17047322,4611686018427387903
17148501,4611686018427387903
17248671,4611686018427387903
17348837,4611686018427387903
17449008,4611686018427387903
17549192,4611686018427387903
17649370,4611686018427387903
17749538,4611686018427387903
17849705,4611686018427387903
17949877,4611686018427387903
18050059,4611686018427387903
18151237,4611686018427387903
18251403,4611686018427387903
18351576,4611686018427387903
18451755,4611686018427387903
18551938,4611686018427387903
18652115,4611686018427387903
18752283,4611686018427387903
18852451,4611686018427387903
18952622,4611686018427387903
19052804,4611686018427387903
19153980,4611686018427387903
19254149,4611686018427387903
19354317,4611686018427387903
19454489,4611686018427387903
19554672,4611686018427387903
19654848,4611686018427387903
19755013,4611686018427387903
19855180,4611686018427387903
19955352,4611686018427387903
20055536,4611686018427387903
20156711,4611686018427387903
20256877,4611686018427387903
20357047,4611686018427387903
20457218,4611686018427387903
20557400,4611686018427387903
20657574,4611686018427387903
20757741,4611686018427387903
20857909,4611686018427387903
20958079,4611686018427387903
21058262,4611686018427387903
21159440,4611686018427387903
21259606,4611686018427387903
21359776,4611686018427387903
21459947,4611686018427387903
21560131,4611686018427387903
21660307,4611686018427387903
21760473,4611686018427387903
21860644,4611686018427387903
21960814,4611686018427387903
22060999,4611686018427387903
22162175,4611686018427387903
22262341,4611686018427387903
22362509,4611686018427387903
22462681,4611686018427387903
22562863,4611686018427387903
22663040,4611686018427387903
22763204,4611686018427387903
22863373,4611686018427387903
22963545,4611686018427387903
23063730,4611686018427387903
23164906,4611686018427387903
23265073,4611686018427387903
23365242,4611686018427387903
23465415,4611686018427387903
23565599,4611686018427387903
23665777,4611686018427387903
23765944,4611686018427387903
23866112,4611686018427387903
23966284,4611686018427387903
24066468,4611686018427387903
24167646,4611686018427387903
24267813,4611686018427387903
24367981,4611686018427387903
24468154,4611686018427387903
24568338,4611686018427387903
24668514,4611686018427387903
24768682,4611686018427387903
24868849,4611686018427387903
24969021,4611686018427387903
25069207,4611686018427387903
25170384,4611686018427387903
25270552,4611686018427387903
25370718,4611686018427387903
25470891,4611686018427387903
25571075,4611686018427387903
25671251,4611686018427387903
25771418,4611686018427387903
25871586,4611686018427387903
25971758,4611686018427387903
26071943,4611686018427387903
26173119,4611686018427387903
26273284,4611686018427387903
26373453,4611686018427387903
26473626,4611686018427387903
26573810,4611686018427387903
26673984,4611686018427387903
26774151,4611686018427387903
26874316,4611686018427387903
26974489,4611686018427387903
27074675,4611686018427387903
27175850,4611686018427387903
27276016,4611686018427387903
27376182,4611686018427387903
27476355,4611686018427387903
27576538,4611686018427387903
27676714,4611686018427387903
27776879,4611686018427387903
27877046,4611686018427387903
27977218,4611686018427387903
28077403,4611686018427387903
28178579,4611686018427387903
28278745,4611686018427387903
28378913,4611686018427387903
28479087,4611686018427387903
28579270,4611686018427387903
28679445,4611686018427387903
28779614,4611686018427387903
28879781,4611686018427387903
28979954,4611686018427387903
29080140,4611686018427387903
29181317,4611686018427387903
29281484,4611686018427387903
29381651,4611686018427387903
29481825,4611686018427387903
29582009,4611686018427387903
29682182,4611686018427387903
29782348,4611686018427387903
29882516,4611686018427387903
29982689,4611686018427387903
30082875,4611686018427387903
30183049,4611686018427387903
30283216,4611686018427387903
30383383,4611686018427387903
30483556,4611686018427387903
TS,4
102051,1207149584
202227,1207149584
302402,1207149584
402578,1207149584
502761,1207149584
602938,1207149584
703101,1207149584
803261,1207149584
903428,1207149584
1003609,1207149584
1104787,1207149584
1204949,1207149584
1305112,1207149584
1405282,1207149584
1505465,1207149584
1605640,1207149584
1705802,1207149584
1805965,1207149584
1906135,1207149584
2006317,1207149584
2107495,1207149584
2207658,1207149584
2307822,1207149584
2407991,1207149584
2508173,1207149584
2608349,1207149584
2708512,1207149584
2808679,1207149584
2908848,1207149584
3009030,1207149584
3110211,1207149584
3210376,1207149584
3310543,1207149584
3410713,1207149584
3510895,1207149584
3611072,1207149584
3711236,1207149584
3811403,1207149584
3911572,1207149584
4011754,1207149584
4112933,1207149584
4213097,1207149584
4313266,1207149584
4413437,1207149584
4513618,1207149584
4613799,1207149584
4713963,1207149584
4814132,1207149584
4914302,1207149584
5014485,1207149584
5115667,1207149584
5215831,1207149584
5316000,1207149584
5416170,1207149584
5516353,1207149584
5616534,1207149584
5716699,1207149584
5816868,1207149584
5917037,1207149584
6017221,1207149584
6118402,1207149584
6218567,1207149584
6318736,1207149584
6418907,1207149584
6519091,1207149584
6619271,1207149584
6719438,1207149584
6819607,1207149584
6919777,1207149584
7019961,1207149584
7121140,1207149584
7221305,1207149584
7321474,1207149584
7421644,1207149584
7521828,1207149584
7622003,1207149584
7722170,1207149584
7822342,1207149584
7922511,1207149584
8022696,1207149584
8123877,1207149584
8224044,1207149584
8324215,1207149584
8424385,1207149584
8524567,1207149584
8624745,1207149584
8724911,1207149584
8825081,1207149584
8925252,1207149584
9025434,1207149584
9126614,1207149584
9226781,1207149584
9326950,1207149584
9427120,1207149584
9527303,1207149584
9627482,1207149584
9727647,1207149584
9827816,1207149584
9927987,1207149584
10028170,1207149584
10129349,1207149584
10229517,1207149584
10329686,1207149584
10429856,1207149584
10530040,1207149584
10630220,1207149584
10730387,1207149584
10830557,1207149584
10930726,1207149584
11030909,1207149584
11132089,1207149584
11232255,1207149584
11332423,1207149584
11432594,1207149584
11532777,1207149584
11632955,1207149584
11733121,1207149584
11833291,1207149584
11933462,1207149584
12033645,1207149584
12134824,1207149584
12234990,1207149584
12335159,1207149584
12435330,1207149584
12535513,1207149584
12635693,1207149584
12735860,1207149584
12836028,1207149584
12936200,1207149584
13036383,1207149584
13137561,1207149584
13237729,1207149584
13337898,1207149584
13438068,1207149584
13538250,1207149584
13638430,1207149584
13738598,1207149584
13838766,1207149584
13938936,1207149584
14039120,1207149584
14140298,1207149584
14240466,1207149584
14340636,1207149584
14440807,1207149584
14540990,1207149584
14641169,1207149584
14741336,1207149584
14841505,1207149584
14941675,1207149584
15041858,1207149584
15143037,1207149584
15243204,1207149584
15343372,1207149584
15443543,1207149584
15543726,1207149584
15643902,1207149584
15744068,1207149584
15844236,1207149584
15944406,1207149584
16044592,1207149584
16145766,1207149584
16245933,1207149584
16346101,1207149584
16446272,1207149584
16546455,1207149584
16646633,1207149584
16746802,1207149584
16846970,1207149584
16947141,1207149584
17047323,1207149584
17148502,1207149584
17248672,1207149584
17348838,1207149584
17449009,1207149584
17549193,1207149584
17649371,1207149584
17749539,1207149584
17849706,1207149584
17949877,1207149584
18050060,1207149584
18151239,1207149584
18251404,1207149584
18351577,1207149584
18451756,1207149584
18551939,1207149584
18652116,1207149584
18752284,1207149584
18852452,1207149584
18952622,1207149584
19052805,1207149584
19153981,1207149584
19254150,1207149584
19354318,1207149584
19454490,1207149584
19554674,1207149584
19654849,1207149584
19755014,1207149584
19855182,1207149584
19955353,1207149584
20055537,1207149584
20156712,1207149584
20256878,1207149584
20357048,1207149584
20457219,1207149584
20557401,1207149584
20657575,1207149584
20757742,1207149584
20857910,1207149584
20958080,1207149584
21058263,1207149584
21159442,1207149584
21259607,1207149584
21359777,1207149584
21459948,1207149584
21560132,1207149584
21660308,1207149584
21760474,1207149584
21860645,1207149584
21960814,1207149584
22061000,1207149584
22162176,1207149584
22262342,1207149584
22362510,1207149584
22462681,1207149584
22562864,1207149584
22663041,1207149584
22763206,1207149584
22863374,1207149584
22963546,1207149584
23063731,1207149584
23164908,1207149584
23265074,1207149584
23365243,1207149584
23465415,1207149584
23565600,1207149584
23665778,1207149584
23765945,1207149584
23866113,1207149584
23966285,1207149584
24066469,1207149584
24167647,1207149584
24267814,1207149584
24367982,1207149584
24468154,1207149584
24568339,1207149584
24668515,1207149584
24768684,1207149584
24868850,1207149584
24969021,1207149584
25069208,1207149584
25170385,1207149584
25270553,1207149584
25370719,1207149584
25470891,1207149584
25571076,1207149584
25671252,1207149584
25771419,1207149584
25871587,1207149584
25971759,1207149584
26071944,1207149584
26173120,1207149584
26273285,1207149584
26373454,1207149584
26473626,1207149584
26573811,1207149584
26673985,1207149584
26774153,1207149584
26874317,1207149584
26974489,1207149584
27074676,1207149584
27175852,1207149584
27276017,1207149584
27376183,1207149584
27476355,1207149584
27576539,1207149584
27676715,1207149584
27776880,1207149584
27877047,1207149584
27977219,1207149584
28077404,1207149584
28178580,1207149584
28278746,1207149584
28378915,1207149584
28479087,1207149584
28579271,1207149584
28679446,1207149584
28779616,1207149584
28879782,1207149584
28979954,1207149584
29080141,1207149584
29181319,1207149584
29281485,1207149584
29381652,1207149584
29481825,1207149584
29582011,1207149584
29682183,1207149584
29782349,1207149584
29882517,1207149584
29982689,1207149584
30082876,1207149584
30183050,1207149584
30283218,1207149584
30383384,1207149584
30483556,1207149584
TS,5
102052,925920132
202227,925953380
302402,925986628
402578,926019876
502762,926054501
602939,926087749
703101,926120997
803262,926154245
903428,926187493
1003610,926221773
1104788,926272893
1204950,926306141
1305113,926339389
1405283,926372637
1505466,926406905
1605641,926440514
1705803,926473762
1805966,926507010
1906135,926540258
2006318,926574538
2107496,926625652
2207659,926658900
2307824,926692148
2407991,926725396
2508174,926759664
2608350,926793256
2708513,926826504
2808680,926859752
2908848,926893000
3009031,926927280
3110212,926978394
3210377,927011642
3310544,927044890
3410713,927078138
3510896,927112406
3611072,927145998
3711237,927179246
3811403,927217274
3911572,927250522
4011755,927284802
4112934,927335916
4213098,927369164
4313268,927402412
4413437,927435660
4513619,927469928
4613800,927503520
4713964,927536768
4814133,927570016
4914303,927603264
5014485,927637544
5115668,927688664
5215832,927721912
5316000,927755160
5416170,927788408
5516354,927822676
5616535,927856285
5716700,927889533
5816869,927922781
5917037,927956029
6017222,927990309
6118402,928041417
6218568,928074665
6318737,928107913
6418907,928141161
6519092,928175429
6619272,928209021
6719439,928242269
6819608,928275517
6919778,928308765
7019962,928343045
7121140,928394159
7221306,928427407
7321475,928460655
7421644,928493903
7521828,928528171
7622004,928561763
7722171,928595011
7822343,928628259
7922512,928661507
8022696,928695787
8123878,928746895
8224044,928780143
8324216,928813391
8424385,928846639
8524568,928880907
8624746,928914499
8724912,928947747
8825082,928980995
8925252,929014243
9025435,929048523
9126615,929099646
9226782,929132894
9326951,929166142
9427120,929199390
9527304,929233658
9627482,929267267
9727648,929300515
9827817,929333763
9927987,929367011
10028171,929401291
10129350,929453238
10229518,929486486
10329688,929519734
10429856,929552982
10530041,929587250
10630221,929620842
10730388,929654090
10830558,929687338
10930727,929720586
11030910,929754866
11132090,929807238
11232256,929840486
11332424,929873734
11432594,929906982
11532778,929941250
11632956,929974842
11733122,930008090
11833292,930041338
11933462,930074586
12033646,930108866
12134825,930160816
12234991,930194064
12335160,930227312
12435330,930260560
12535514,930294828
12635694,930328420
12735861,930361668
12836029,930394916
12936200,930428164
13036384,930462444
13137562,930514400
13237729,930547648
13337898,930580896
13438068,930614144
13538251,930648412
13638430,930682021
13738599,930715269
13838767,930748517
13938936,930781765
14039121,930816045
14140298,930867986
14240467,930901234
14340637,930934482
14440807,930967730
14540991,931001998
14641170,931035590
14741337,931068838
14841505,931102086
14941675,931135334
15041859,931169614
15143038,931221567
15243205,931254815
15343373,931288063
15443544,931321311
15543727,931355579
15643903,931389171
15744069,931422419
15844237,931455667
15944407,931488915
16044592,931523195
16145767,931575145
16245933,931608393
16346102,931641641
16446272,931674889
16546456,931709157
16646634,931742749
16746803,931775997
16846971,931809245
16947141,931842493
17047324,931876773
17148503,931928708
17248673,931961956
17348839,931995204
17449009,932028452
17549194,932062720
17649372,932096329
17749540,932129577
17849707,932162825
17949878,932196073
18050062,932230353
18151239,932282294
18251405,932315542
18351578,932351006
18451756,932384590
18551940,932418858
18652117,932452450
18752285,932485698
18852452,932518946
18952623,932552194
19052806,932586474
19153982,932638433
19254151,932671681
19354319,932704929
19454491,932738177
19554675,932772445
19654849,932806037
19755015,932839285
19855182,932872533
19955353,932905781
20055538,932940061
20156713,932992002
20256879,933025250
20357049,933058498
20457219,933091746
20557402,933126014
20657576,933159606
20757743,933192854
20857911,933226102
20958080,933259350
21058264,933293630
21159443,933345577
21259608,933378825
21359778,933412073
21459948,933445321
21560133,933479589
21660309,933513198
21760474,933546446
21860646,933579694
21960815,933612942
22061001,933647222
22162177,933699169
22262343,933732417
22362511,933765665
22462682,933798913
22562865,933833181
22663042,933866773
22763207,933900021
22863375,933933269
22963546,933966517
23063732,934000797
23164909,934052738
23265075,934085986
23365244,934119234
23465415,934152482
23565601,934186750
23665779,934220342
23765946,934253590
23866114,934286838
23966285,934320086
24066470,934354366
24167648,934406313
24267815,934439561
24367983,934472809
24468154,934506057
24568340,934540325
24668516,934573917
24768684,934607165
24868850,934640413
24969022,934673661
25069209,934707941
25170386,934759891
25270554,934793139
25370720,934826387
25470891,934859635
25571077,934893903
25671253,934927512
25771420,934962424
25871587,934995672
25971759,935028920
26071945,935063200
26173121,935115147
26273286,935148395
26373455,935181643
26473626,935214891
26573812,935249159
26673986,935282751
26774154,935315999
26874318,935349247
26974490,935382495
27074677,935416775
27175853,935468734
27276018,935501982
27376183,935535230
27476355,935568478
27576540,935602746
27676716,935636338
27776881,935669586
27877048,935702834
27977219,935736082
28077405,935770362
28178581,935822315
28278747,935855563
28378915,935888811
28479087,935922059
28579271,935956327
28679447,935989919
28779617,936023167
28879783,936056415
28979955,936089663
29080142,936123943
29181320,936175884
29281486,936209132
29381653,936242380
29481825,936275628
29582011,936309896
29682184,936343505
29782350,936376753
29882518,936410001
29982689,936443249
30082877,936477529
30183051,936512696
30283218,936545944
30383385,936579192
30483556,936612440
CPU1
TS,0
100446,78240290
200622,78264203
300798,78288116
400974,78312029
510157,82389018
612316,99797262
712464,133712415
812620,167667453
916798,172643189
1021972,177869479
1122126,197038865
1222277,230916200
1322430,264848651
1426609,266554323
1532783,272879318
1633939,294830725
1734092,328705666
1838251,360830602
1938427,360854515
2043594,368240221
2143749,391257817
2243899,425202911
2348058,454023683
2448234,454047596
2554400,462484317
2654555,488004914
2754708,521904759
2858870,547387498
2959046,547411411
3065210,556880809
3165367,584715334
3265520,618642983
3370688,640751519
3470864,640775432
3576026,651301689
3676180,681461758
3776338,715404667
3881507,734121514
3987692,735190355
4087892,745342797
4188002,778915119
4288152,812857322
4392321,827862127
4498506,829961746
4598659,842037689
4698809,875835390
4798963,909741592
4903134,921408460
5009315,924599355
5109470,939221182
5209621,973084538
5309773,1007039460
5413949,1015319807
5520127,1019553305
5620282,1036616614
5720432,1070552233
5820587,1104489234
5925765,1109619995
6030941,1114944729
6131099,1133425058
6231251,1167330665
6331406,1201273788
6435585,1202813076
6541757,1209156292
6641916,1230174822
6742070,1264051490
6846227,1296152978
6946403,1296176891
7052574,1303592832
7152732,1326859511
7252884,1360793791
7357045,1389516793
7457221,1389540706
7563387,1397998424
7663546,1423623663
7763696,1457529768
7867861,1482886495
7968037,1482910408
8074204,1492395149
8174361,1520721746
8274513,1554630338
8378678,1576627108
8478854,1576651021
8585020,1587223611
8685178,1617627103
8785333,1651561658
8889504,1670173430
8995689,1671161744
9096566,1681567995
9206012,1718287139
9306162,1752207376
9410333,1764089711
9516514,1767218239
9617670,1782183615
9717821,1816057013
9817971,1850005222
9922148,1858392735
10027323,1862604230
10127477,1878606335
10227628,1912547444
10327782,1946483323
10431959,1951585816
10538135,1956825319
10638287,1975355060
10738439,2009224479
10838591,2043165749
10943773,2044949837
11048942,2051220237
11150100,2072428903
11250251,2106299318
11354409,2138290135
11454584,2138314048
11560755,2145773158
11660913,2169139956
11761062,2203064678
11865224,2231659848
11965400,2231683761
12071569,2240169680
12171725,2266254416
12271876,2300177781
12376041,2325400461
12476217,2325424374
12582384,2334964861
12682539,2363186186
12782691,2397061424
12886858,2418946794
12987034,2418970707
13093197,2429577882
13193352,2460418726
13293502,2494371262
13397671,2512858141
13503858,2513887889
13604010,2524529014
13705168,2558207665
13805318,2592150354
13909487,2607158329
14014670,2609278726
14114827,2620868379
14214982,2654645512
14315135,2688557167
14419308,2700351410
14525490,2703491053
14625646,2717503632
14725798,2751374042
14825949,2785314522
14930126,2793715225
15036304,2797943375
15136464,2814207729
15236616,2848122530
15336768,2882071840
15440947,2887079040
15547122,2892333888
15647280,2910961277
15747435,2944848668
15847586,2978788576
15951766,2980448742
16057939,2986729825
16158098,3008087548
16258253,3041971926
16362409,3074165442
16462585,3074189355
16568756,3081558809
16668910,3104950661
16769059,3138890320
16873218,3167711764
16973394,3167735677
17079561,3176141761
17179714,3202242447
17279865,3236140136
17384028,3261623111
17484204,3261647024
17590369,3271143951
17691525,3299992884
17791678,3333906744
17895844,3355923299
17996020,3355947212
18101182,3366479841
18201336,3396464427
18301490,3430403361
18406668,3449130882
18512854,3450227992
18613052,3459975378
18713162,3493548730
18813311,3527486754
18917481,3542494708
19023664,3544623438
19123822,3556489160
19223973,3590280225
19324127,3624185861
19428299,3635860834
19534480,3639037796
19634634,3653134382
19734787,3686995054
19834940,3720941502
19939117,3729232615
20045297,3733469579
20145452,3750230349
20245606,3784119620
20345758,3818057911
20449937,3822973228
20556113,3828244447
20656269,3847136596
20756418,3881033671
20856570,3914971416
20960749,3916519561
21066922,3922881951
21167080,3944433356
21267233,3978306561
21371390,4010406995
21471565,4010430908
21577736,4017831373
21678892,4042164988
21779044,4076089032
21883204,4104707183
21983380,4104731096
22088547,4113225820
22188705,4138642003
22288854,4172537852
22393019,4197900264
22493194,4197924177
22599363,4207435970
22699523,4235367061
22799676,4269274628
22903843,4291264079
23004019,4291287992
23110182,4301853185
23210341,4332086266
23310492,4366021476
23414661,4384627894
23520846,4385638022
23621703,4395478266
23731172,4432191909
23831323,4466112115
23935494,4477999986
24041674,4481104608
24141828,4495435291
24241979,4529299970
24342129,4563249136
24446303,4571740588
24552480,4575909573
24652635,4592310336
24752784,4626255263
24852935,4660190471
24957112,4665286910
25063287,4670488968
25163437,4689607821
25263589,4723469939
25363741,4757408021
25468923,4759198463
25574093,4765496859
25675256,4787398618
25775413,4821281453
25879568,4853475405
25979744,4853499318
26085915,4860964906
26186074,4884155571
26286225,4918070789
26390385,4946668703
26490561,4946692616
26596728,4955206717
26696884,4980891473
26797038,5014818555
26901201,5040032529
27001377,5040056442
27107543,5049599228
27207698,5077636025
27307851,5111510276
27412018,5133396355
27512194,5133420268
27618359,5144021433
27718513,5174333124
27818663,5208284616
27922831,5226766068
28029017,5227805699
28129498,5237987351
28239340,5274859015
28339492,5308770765
28443664,5320509067
28549845,5323680976
28649998,5337879900
28750151,5371744423
28850304,5405683617
28954478,5414055400
29060657,5418259258
29160815,5435138636
29260965,5469037147
29361117,5502987045
29465295,5507969027
29571473,5513260835
29672628,5532917829
29772780,5566816346
29872932,5600756737
29977111,5602271407
30082283,5608611327
30182444,5629383914
30282598,5663266241
30386756,5695440575
30486932,5695464488
CPU2
TS,0
109455,62407617
209631,62431530
309807,62455443
409983,62479356
510162,62556652
610346,62580565
710521,62604478
810700,62628391
910876,62652304
1011056,62727607
1111240,62751520
1211418,62775433
1311596,62799346
1411770,62823259
1511950,62898562
1612134,62922475
1712309,62946388
1812484,62970301
1912657,62994214
2012838,63069517
2113020,63093430
2213196,63117343
2313373,63141256
2413547,63165169
2513729,63240472
2613912,63264385
2714088,63288298
2814263,63312211
2914439,63336124
3014620,63411427
3114802,63435340
3214975,63459253
3315148,63483166
3415322,63507079
3515503,63582382
3615684,63606295
3715858,63630208
3816029,63654121
3916204,63678034
4016385,63753337
4116566,63777250
4216738,63801163
4316910,63825076
4417084,63848989
4517264,63924292
4617442,63948205
4717615,63972118
4817786,63996031
4917960,64019944
5018139,64095247
5118317,64119160
5218488,64143073
5318659,64166986
5418832,64190899
5519013,64266202
5619191,64290115
5719360,64314028
5819530,64337941
5919702,64361854
6019883,64437157
6120060,64461070
6220231,64484983
6320401,64508896
6420575,64532809
6520753,64608112
6620933,64632025
6721102,64655938
6821271,64679851
6921444,64703764
7021624,64779067
7121802,64802980
7221972,64826893
7322139,64850806
7422312,64874719
7522493,64950022
7622671,64973935
7722841,64997848
7823012,65021761
7923186,65045674
8023365,65120977
8123543,65144890
8223712,65168803
8323879,65192716
8424052,65216629
8524232,65294464
8624411,65318377
8724581,65342290
8824749,65366203
8924922,65390116
9025102,65468319
9125279,65492232
9225447,65516145
9325614,65540058
9425787,65563971
9525967,65639274
9626147,65663187
9726315,65687100
9826484,65711013
9926657,65734926
10026838,65810229
10127014,65834142
10227183,65858055
10327352,65881968
10427524,65905881
10527704,65981184
10627880,66005097
10728048,66029010
10828215,66052923
10928388,66076836
11028568,66152139
11128743,66176052
11228912,66199965
11329081,66223878
11429254,66247791
11529435,66323094
11629612,66347007
11729779,66370920
11829946,66394833
11930119,66418746
12030299,66494049
12130477,66517962
12230645,66541875
12330812,66565788
12430986,66589701
12531165,66665004
12631343,66688917
12731512,66712830
12831681,66736743
12931854,66760656
13032035,66835959
13132212,66859872
13232381,66883785
13332548,66907698
13432721,66931611
13532901,67006914
13633080,67030827
13733246,67054740
13833415,67078653
13933588,67102566
14033768,67177869
14133945,67201782
14234112,67225695
14334279,67249608
14434453,67273521
14534632,67348824
14634807,67372737
14734973,67396650
14835142,67420563
14935315,67444476
15035494,67519779
15135671,67543692
15235838,67567605
15336005,67591518
15436178,67615431
15536358,67690734
15636536,67714647
15736704,67738560
15836871,67762473
15937044,67786386
16037225,67861689
16137405,67885602
16237572,67909515
16337740,67933428
16437913,67957341
16538092,68032644
16638271,68056557
16738436,68080470
16838603,68104383
16938777,68128296
17038958,68203599
17139136,68227512
17239302,68251425
17339469,68275338
17439642,68299251
17539823,68374554
17639999,68398467
17740169,68422380
17840337,68446293
17940509,68470206
18040688,68545509
18140864,68569422
18241032,68593335
18341199,68617248
18441372,68641161
18541551,68719332
18641729,68743245
18741896,68767158
18842062,68791071
18942235,68814984
19042415,68893239
19142593,68917152
19242758,68941065
19342924,68964978
19443097,68988891
19543277,69064194
19643457,69088107
19743623,69112020
19843789,69135933
19943962,69159846
20044140,69235149
20144322,69259062
20244489,69282975
20344655,69306888
20444830,69330801
20545008,69406104
20645189,69430017
20745356,69453930
20845524,69477843
20945697,69501756
21045877,69577059
21146056,69600972
21246223,69624885
21346390,69648798
21446564,69672711
21546742,69748014
21646921,69771927
21747088,69795840
21847258,69819753
21947430,69843666
22047612,69918969
22147791,69942882
22247961,69966795
22348130,69990708
22448304,70014621
22548484,70089924
22648662,70113837
22748831,70137750
22848999,70161663
22949172,70185576
23049352,70260881
23149532,70284794
23249699,70308707
23349867,70332620
23450041,70356533
23550220,70431836
23650397,70455749
23750563,70479662
23850729,70503575
23950902,70527488
24051082,70602791
24151260,70626704
24251426,70650617
24351593,70674530
24451767,70698443
24551948,70773746
24652128,70797659
24752295,70821572
24852463,70845485
24952636,70869398
25052815,70944701
25152993,70968614
25253159,70992527
25353325,71016440
25453500,71040353
25553680,71115656
25653860,71139569
25754027,71163482
25854196,71187395
25954369,71211308
26054549,71286611
26154728,71310524
26254894,71334437
26355060,71358350
26455235,71382263
26555414,71457566
26655593,71481479
26755760,71505392
26855928,71529305
26956102,71553218
27056283,71628521
27156461,71652434
27256629,71676347
27356798,71700260
27456972,71724173
27557152,71799476
27657329,71823389
27757496,71847302
27857665,71871215
27957839,71895128
28058017,71970431
28158194,71994344
28258361,72018257
28358531,72042170
28458704,72066083
28558885,72144094
28659064,72168007
28759231,72191920
28859396,72215833
28959569,72239746
29059749,72318021
29159927,72341934
29260095,72365847
29360262,72389760
29460437,72413673
29560617,72488976
29660797,72512889
29760963,72536802
29861135,72560715
29961308,72584628
30061487,72659931
30161664,72683844
30261831,72707757
30361998,72731670
30462172,72755583
CPU3
TS,0
109408,62412328
209584,62436241
309760,62460154
409936,62484067
519130,62561692
619306,62585605
719472,62609518
819640,62633431
919814,62657344
1019992,62732647
1120168,62756560
1220332,62780473
1320500,62804386
1420675,62828299
1520853,62903602
1621028,62927515
1721195,62951428
1821361,62975341
1921536,62999254
2021715,63074557
2121890,63098470
2222057,63122383
2322225,63146296
2422400,63170209
2522578,63245512
2622754,63269425
2722919,63293338
2823085,63317251
2923260,63341164
3023437,63416467
3123615,63440380
3223779,63464293
3323945,63488206
3424119,63512119
3524297,63587422
3624471,63611335
3724637,63635248
3824803,63659161
3924976,63683074
4025153,63758377
4125331,63782290
4225495,63806203
4325661,63830116
4425835,63854029
4526012,63929332
4626187,63953245
4726353,63977158
4826518,64001071
4926692,64024984
5026871,64100287
5127047,64124200
5227213,64148113
5327378,64172026
5427551,64195939
5527730,64271242
5627906,64295155
5728073,64319068
5828242,64342981
5928416,64366894
6028594,64442197
6128769,64466110
6228935,64490023
6329100,64513936
6429274,64537849
6529453,64613152
6629629,64637065
6729796,64660978
6829963,64684891
6930137,64708804
7030315,64784107
7130490,64808020
7230657,64831933
7330826,64855846
7430999,64879759
7531178,64958206
7631354,64982119
7731522,65006032
7831690,65029945
7931863,65053858
8032041,65132375
8132217,65156288
8232384,65180201
8332552,65204114
8432725,65228027
8532903,65303330
8633078,65327243
8733244,65351156
8833413,65375069
8933588,65398982
9033766,65474285
9133941,65498198
9234111,65522111
9334279,65546024
9434454,65569937
9534632,65645240
9634810,65669153
9734976,65693066
9835147,65716979
9935321,65740892
10035501,65816195
10135678,65840108
10235844,65864021
10336014,65887934
10436187,65911847
10536367,65987150
10636543,66011063
10736712,66034976
10836878,66058889
10937052,66082802
11037230,66158105
11137406,66182018
11237574,66205931
11337744,66229844
11437917,66253757
11538097,66329060
11638271,66352973
11738439,66376886
11838607,66400799
11938781,66424712
12038961,66500015
12139137,66523928
12239306,66547841
12339473,66571754
12439647,66595667
12539825,66670970
12640001,66694883
12740169,66718796
12840339,66742709
12940512,66766622
13040691,66841925
13140868,66865838
13241036,66889751
13341206,66913664
13441379,66937577
13541558,67012880
13641738,67036793
13741904,67060706
13842074,67084619
13942248,67108532
14042427,67183835
14142604,67207748
14242772,67231661
14342942,67255574
14443116,67279487
14543295,67354790
14643474,67378703
14743645,67402616
14843812,67426529
14943986,67450442
15044163,67525745
15144341,67549658
15244508,67573571
15344677,67597484
15444851,67621397
15545029,67696700
15645206,67720613
15745375,67744526
15845544,67768439
15945717,67792352
16045895,67867655
16146070,67891568
16246239,67915481
16346408,67939394
16446583,67963307
16546763,68038610
16646940,68062523
16747109,68086436
16847278,68110349
16947451,68134262
17047630,68209565
17147806,68233478
17247975,68257391
17348144,68281304
17448317,68305217
17548496,68383536
17648673,68407449
17748839,68431362
17849007,68455275
17949181,68479188
18049360,68557367
18149537,68581280
18249703,68605193
18349873,68629106
18450038,68653019
18550218,68728322
18650396,68752235
18750565,68776148
18850735,68800061
18950909,68823974
19051087,68899277
19151263,68923190
19251431,68947103
19351601,68971016
19451775,68994929
19551955,69070232
19652133,69094145
19752303,69118058
19852472,69141971
19952645,69165884
20052825,69241187
20153001,69265100
20253169,69289013
20353339,69312926
20453512,69336839
20553693,69412142
20653869,69436055
20754038,69459968
20854207,69483881
20954380,69507794
21054559,69583097
21154736,69607010
21254905,69630923
21355073,69654836
21455247,69678749
21555425,69754052
21655605,69777965
21755772,69801878
21855942,69825791
21956117,69849704
22056296,69925007
22156473,69948920
22256641,69972833
22356809,69996746
22456983,70020659
22557161,70095962
22657338,70119875
22757506,70143788
22857674,70167701
22957847,70191614
23058025,70266917
23158201,70290830
23258371,70314743
23358539,70338656
23458712,70362569
23558894,70437872
23659070,70461785
23759240,70485698
23859410,70509611
23959584,70533524
24059764,70608827
24159939,70632740
24260108,70656653
24360277,70680566
24460451,70704479
24560629,70779782
24660806,70803695
24760973,70827608
24861144,70851521
24961317,70875434
25061496,70950737
25161673,70974650
25261843,70998563
25362010,71022476
25462184,71046389
25562363,71121692
25662542,71145605
25762711,71169518
25862881,71193431
25963055,71217344
26063234,71292647
26163411,71316560
26263580,71340473
26363748,71364386
26463921,71388299
26564099,71463602
26664275,71487515
26764444,71511428
26864611,71535341
26964784,71559254
27064962,71634557
27165137,71658470
27265307,71682383
27365476,71706296
27465649,71730209
27565829,71808408
27666002,71832321
27766171,71856234
27866339,71880147
27966512,71904060
28066690,71982451
28166865,72006364
28267033,72030277
28367201,72054190
28467375,72078103
28567554,72153406
28667731,72177319
28767899,72201232
28868070,72225145
28968244,72249058
29068422,72324361
29168599,72348274
29268767,72372187
29368935,72396100
29469109,72420013
29569288,72495316
29669467,72519229
29769635,72543142
29869804,72567055
29969979,72590968
30070158,72666271
30170334,72690184
30270503,72714097
30370670,72738010
30470844,72761923
end_data


*** The last thread under control of EPOS has finished.
*** EPOS is shutting down!

(C)StarFive
CCCCCCCCCCCCCCCC