
U-Boot SPL 2026.04-rc3 (Feb 24 2026 - 11:18:36 -0300)
DDR version: dc2e84f0.
Trying to boot from SPI










This is EPOS!

Setting up this machine as follows: 
  Mode:         library
  Processor:    4 x RV64 at 600 MHz (BUS clock = 33 MHz)
  Machine:      VisionFive2
  Memory:       131072 KB [0x0000000040000000:0x0000000047ffffff]
  User memory:  130551 KB [0x0000000040000000:0x0000000047f7dfff]
  I/O space:    524288 KB [0x0000000000000000:0x000000001fffffff]
  Node Id:      will get from the network!
  Position:     will get from the network!

<0>: Monitor::init: system event 0 at 10 Hz created :<0>
<0>: Monitor::init: system event 1 at 10 Hz created :<0>
<0>: Monitor::init: system event 2 at 10 Hz created :<0>
<0>: Monitor::init: system event 3 at 10 Hz created :<0>
<0>: Monitor::init: system event 4 at 10 Hz created :<0>
Stress feature test
Running experiments with the following configurations:
>  Measure time: true
>  Test duration: 10
>  Selected taskset: 1
BUS_ROOT: 0x1000000
AXI_CFG0: 3
STG_AXIAHB: 2
APB_BUS: 4
Waiting for disable
Disabled
IC_CON: 63
IC_SS_SCL_HCNTc9
IC_SS_SCL_LCNTf0
IC_INTR_MASK0x200
IC_RX_TL0IC_TX_TL0Waiting for enable
Enabled
PMIC Voltage: Waiting for disable
Disabled
Waiting for enable
Enabled
waiting for tx not full... done!
waiting for tx not full... done!
waiting for rx not empty... done!
900
Taskset initialization...
Done.
Creating threads...
>  Thread[0]: period = 500000, deadline = 500000, wcet = 100000, activation = 10
000, times = 20, cpu = 1
>  Thread[1]: period = 500000, deadline = 500000, wcet = 100000, activation = 10
000, times = 20, cpu = 1
>  Thread[2]: period = 500000, deadline = 500000, wcet = 100000, activation = 10
000, times = 20, cpu = 2
>  Thread[3]: period = 500000, deadline = 500000, wcet = 100000, activation = 10
000, times = 20, cpu = 2
>  Thread[4]: period = 500000, deadline = 500000, wcet = 100000, activation = 10
000, times = 20, cpu = 3
>  Thread[5]: period = 500000, deadline = 500000, wcet = 100000, activation = 10
000, times = 20, cpu = 3
Done
Current time: 3563374
>  Iteration [0]...
>  Iteration [1]...
<1>: IC::Exception(7) => {thread=0x0000000047c51870,atp=0x0000000000000000,usp=0
x0000000000000000,ksp=0x0000000047c514d8,status=0x8000000a00007880,cause=7,epc=0
x0000000040001a60,tval=0xffffffff46b7f194} => data protection violation (write) 
:<1>

PANIC: unexpected error!
Rebooting the machine!
>  Iteration [2]...
>  Iteration [3]...
>  Iteration [4]...
>  Iteration [5]...
>  Iteration [6]...
>  Iteration [7]...
>  Iteration [8]...
>  Iteration [9]...

U-Boot SPL 2026.04-rc3 (Feb 24 2026 - 11:18:36 -0300)
DDR version: dc2e84f0.
Trying to boot from SPI










This is EPOS!

Setting up this machine as follows: 
  Mode:         library
  Processor:    4 x RV64 at 600 MHz (BUS clock = 33 MHz)
  Machine:      VisionFive2
  Memory:       131072 KB [0x0000000040000000:0x0000000047ffffff]
  User memory:  130551 KB [0x0000000040000000:0x0000000047f7dfff]
  I/O space:    524288 KB [0x0000000000000000:0x000000001fffffff]
  Node Id:      will get from the network!
  Position:     will get from the network!

<0>: Monitor::init: system event 0 at 10 Hz created :<0>
<0>: Monitor::init: system event 1 at 10 Hz created :<0>
<0>: Monitor::init: system event 2 at 10 Hz created :<0>
<0>: Monitor::init: system event 3 at 10 Hz created :<0>
<0>: Monitor::init: system event 4 at 10 Hz created :<0>
Stress feature test
Running experiments with the following configurations:
>  Measure time: true
>  Test duration: 10
>  Selected taskset: 1
BUS_ROOT: 0x1000000
AXI_CFG0: 3
STG_AXIAHB: 2
APB_BUS: 4
Waiting for disable
Disabled
IC_CON: 63
IC_SS_SCL_HCNTc9
IC_SS_SCL_LCNTf0
IC_INTR_MASK0x200
IC_RX_TL0IC_TX_TL0Waiting for enable
Enabled
PMIC Voltage: Waiting for disable
Disabled
Waiting for enable
Enabled
waiting for tx not full... done!
waiting for tx not full... done!
waiting for rx not empty... done!
900
Taskset initialization...
Done.
Creating threads...
>  Thread[0]: period = 500000, deadline = 500000, wcet = 100000, activation = 10
000, times = 20, cpu = 1
>  Thread[1]: period = 500000, deadline = 500000, wcet = 100000, activation = 10
000, times = 20, cpu = 1
>  Thread[2]: period = 500000, deadline = 500000, wcet = 100000, activation = 10
000, times = 20, cpu = 2
>  Thread[3]: period = 500000, deadline = 500000, wcet = 100000, activation = 10
000, times = 20, cpu = 2
>  Thread[4]: period = 500000, deadline = 500000, wcet = 100000, activation = 10
000, times = 20, cpu = 3
>  Thread[5]: period = 500000, deadline = 500000, wcet = 100000, activation = 10
000, times = 20, cpu = 3
Done
Current time: 3563346
>  Iteration [0]...
>  Iteration [1]...
>  Iteration [2]...
>  Iteration [3]...
>  Iteration [4]...
>  Iteration [5]...
>  Iteration [6]...
>  Iteration [7]...
>  Iteration [8]...
>  Iteration [9]...
Returned to application main!
Elapsed: 10935841
Threads: 6
-----------------------------------------------------
...............Threads Timing Behavior...............
-----------------------------------------------------
Task [0]: 0x0000000047c71af0
>   Counted iterations: 20
>   Execution time: 1897264 us
>   Job WCET: 100337 us
>   Iteration WCET: 1003 us
>   Average job runtime: 94863 us
>   Agerage iteration runtime: 948 us
>   Iterations per job: 100
Task [1]: 0x0000000047c51870
>   Counted iterations: 20
>   Execution time: 8330439 us
>   Job WCET: 604171 us
>   Iteration WCET: 604171 us
>   Average job runtime: 416521 us
>   Agerage iteration runtime: 416521 us
>   Iterations per job: 1
Task [2]: 0x0000000047c315f0
>   Counted iterations: 20
>   Execution time: 8430743 us
>   Job WCET: 507595 us
>   Iteration WCET: 507595 us
>   Average job runtime: 421537 us
>   Agerage iteration runtime: 421537 us
>   Iterations per job: 1
Task [3]: 0x0000000047c11370
>   Counted iterations: 20
>   Execution time: 1007 us
>   Job WCET: 50 us
>   Iteration WCET: 2 us
>   Average job runtime: 50 us
>   Agerage iteration runtime: 2 us
>   Iterations per job: 25
Task [4]: 0x0000000047bf10f0
>   Counted iterations: 20
>   Execution time: 1007 us
>   Job WCET: 50 us
>   Iteration WCET: 2 us
>   Average job runtime: 50 us
>   Agerage iteration runtime: 2 us
>   Iterations per job: 25
Task [5]: 0x0000000047bd0e70
>   Counted iterations: 20
>   Execution time: 8796933 us
>   Job WCET: 521231 us
>   Iteration WCET: 521231 us
>   Average job runtime: 439846 us
>   Agerage iteration runtime: 439846 us
>   Iterations per job: 1
Taskset deallocation...
>  Deleting thread 0x0000000047c71af0
>  Deleting thread 0x0000000047c51870
>  Deleting thread 0x0000000047c315f0
>  Deleting thread 0x0000000047c11370
>  Deleting thread 0x0000000047bf10f0
>  Deleting thread 0x0000000047bd0e70
Done.
FINAL_TS<11057391>
begin_data
CPU0
TS,0
102707,722
202857,822
303007,922
403157,1022
503312,1122
603446,1222
703551,1322
803662,1422
903788,1522
1003933,1622
1105068,1723
1205183,1823
1305303,1923
1405418,2023
1505567,2123
1605695,2223
1705806,2323
1805920,2423
1906033,2523
2006175,2623
2107312,2724
2207426,2824
2307528,2924
2407639,3024
2507785,3124
2607918,3224
2708032,3324
2808148,3424
2908257,3524
3008377,3624
3109503,3725
3209633,3825
3309749,3925
3409861,4025
3509987,4125
3610116,4225
3710248,4325
3810351,4425
3910463,4525
4010605,4625
4111752,4726
4211868,4826
4311982,4926
4412099,5026
4512231,5126
4612355,5226
4712491,5326
4812606,5426
4912729,5526
5012874,5626
5114009,5727
5214115,5827
5314229,5927
5414350,6027
5514500,6127
5614629,6227
5714735,6327
5814845,6427
5914962,6527
6015103,6627
6116246,6728
6216363,6828
6316468,6928
6416594,7028
6516746,7128
6616875,7228
6716979,7328
6817094,7428
6917222,7528
7017373,7628
7118503,7729
7218605,7829
7318721,7929
7418841,8029
7518993,8129
7619125,8229
7719241,8329
7819360,8429
7919481,8529
8019631,8629
8120765,8730
8220875,8830
8320987,8930
8421112,9030
8521266,9130
8621392,9230
8721496,9330
8821608,9430
8921733,9530
9021883,9630
9123020,9731
9223138,9831
9323246,9931
9423386,10031
9523540,10131
9623667,10231
9723785,10331
9823900,10431
9924024,10531
10024177,10631
10124306,10731
10224417,10831
10324545,10931
10424667,11031
10524796,11131
TS,1
102707,0
202857,0
303007,0
403157,0
503312,0
603446,0
703552,0
803662,0
903788,0
1003934,0
1105069,0
1205184,0
1305304,0
1405419,0
1505568,0
1605696,0
1705806,0
1805921,0
1906033,0
2006176,0
2107313,0
2207427,0
2307529,0
2407640,0
2507786,0
2607918,0
2708032,0
2808148,0
2908258,0
3008377,0
3109504,0
3209634,0
3309750,0
3409862,0
3509988,0
3610117,0
3710249,0
3810351,0
3910464,0
4010606,0
4111753,0
4211869,0
4311982,0
4412100,0
4512232,0
4612356,0
4712492,0
4812607,0
4912730,0
5012875,0
5114010,0
5214116,0
5314230,0
5414351,0
5514501,0
5614631,0
5714736,0
5814846,0
5914963,0
6015104,0
6116247,0
6216365,0
6316469,0
6416595,0
6516747,0
6616875,0
6716980,0
6817095,0
6917223,0
7017374,0
7118504,0
7218606,0
7318722,0
7418842,0
7518994,0
7619126,0
7719242,0
7819361,0
7919482,0
8019632,0
8120766,0
8220876,0
8320987,0
8421113,0
8521267,0
8621393,0
8721497,0
8821609,0
8921734,0
9021884,0
9123021,0
9223139,0
9323247,0
9423387,0
9523541,0
9623668,0
9723785,0
9823901,0
9924025,0
10024178,0
10124307,0
10224418,0
10324546,0
10424668,0
10524797,0
TS,2
102708,0
202857,0
303007,0
403158,0
503313,0
603447,0
703553,0
803664,0
903789,0
1003935,0
1105070,0
1205185,0
1305305,0
1405420,0
1505569,0
1605697,0
1705807,0
1805922,0
1906034,0
2006177,0
2107313,0
2207428,0
2307530,0
2407641,0
2507787,0
2607920,0
2708033,0
2808149,0
2908259,0
3008378,0
3109505,0
3209635,0
3309751,0
3409863,0
3509989,0
3610118,0
3710250,0
3810352,0
3910465,0
4010607,0
4111753,0
4211870,0
4311983,0
4412101,0
4512233,0
4612357,0
4712493,0
4812607,0
4912731,0
5012876,0
5114011,0
5214117,0
5314231,0
5414352,0
5514501,0
5614632,0
5714737,0
5814847,0
5914963,0
6015105,0
6116248,0
6216366,0
6316470,0
6416596,0
6516748,0
6616877,0
6716981,0
6817096,0
6917224,0
7017375,0
7118505,0
7218607,0
7318723,0
7418843,0
7518994,0
7619127,0
7719243,0
7819362,0
7919483,0
8019633,0
8120766,0
8220876,0
8320988,0
8421114,0
8521268,0
8621394,0
8721498,0
8821610,0
8921735,0
9021886,0
9123023,0
9223140,0
9323248,0
9423388,0
9523542,0
9623669,0
9723786,0
9823902,0
9924026,0
10024179,0
10124308,0
10224418,0
10324547,0
10424669,0
10524798,0
TS,3
102708,4611686018427387903
202858,4611686018427387903
303007,4611686018427387903
403158,4611686018427387903
503314,4611686018427387903
603448,4611686018427387903
703553,4611686018427387903
803664,4611686018427387903
903790,4611686018427387903
1003936,4611686018427387903
1105071,4611686018427387903
1205185,4611686018427387903
1305306,4611686018427387903
1405421,4611686018427387903
1505570,4611686018427387903
1605698,4611686018427387903
1705808,4611686018427387903
1805923,4611686018427387903
1906035,4611686018427387903
2006178,4611686018427387903
2107316,4611686018427387903
2207428,4611686018427387903
2307530,4611686018427387903
2407642,4611686018427387903
2507788,4611686018427387903
2607921,4611686018427387903
2708034,4611686018427387903
2808150,4611686018427387903
2908260,4611686018427387903
3008379,4611686018427387903
3109506,4611686018427387903
3209636,4611686018427387903
3309752,4611686018427387903
3409864,4611686018427387903
3509989,4611686018427387903
3610119,4611686018427387903
3710250,4611686018427387903
3810353,4611686018427387903
3910466,4611686018427387903
4010608,4611686018427387903
4111754,4611686018427387903
4211871,4611686018427387903
4311984,4611686018427387903
4412102,4611686018427387903
4512233,4611686018427387903
4612358,4611686018427387903
4712494,4611686018427387903
4812608,4611686018427387903
4912731,4611686018427387903
5012877,4611686018427387903
5114012,4611686018427387903
5214117,4611686018427387903
5314231,4611686018427387903
5414352,4611686018427387903
5514502,4611686018427387903
5614632,4611686018427387903
5714737,4611686018427387903
5814848,4611686018427387903
5914964,4611686018427387903
6015106,4611686018427387903
6116249,4611686018427387903
6216367,4611686018427387903
6316470,4611686018427387903
6416597,4611686018427387903
6516749,4611686018427387903
6616877,4611686018427387903
6716981,4611686018427387903
6817096,4611686018427387903
6917225,4611686018427387903
7017375,4611686018427387903
7118505,4611686018427387903
7218609,4611686018427387903
7318723,4611686018427387903
7418844,4611686018427387903
7518995,4611686018427387903
7619128,4611686018427387903
7719244,4611686018427387903
7819363,4611686018427387903
7919483,4611686018427387903
8019634,4611686018427387903
8120767,4611686018427387903
8220877,4611686018427387903
8320989,4611686018427387903
8421115,4611686018427387903
8521269,4611686018427387903
8621395,4611686018427387903
8721498,4611686018427387903
8821611,4611686018427387903
8921736,4611686018427387903
9021886,4611686018427387903
9123024,4611686018427387903
9223141,4611686018427387903
9323249,4611686018427387903
9423389,4611686018427387903
9523542,4611686018427387903
9623670,4611686018427387903
9723787,4611686018427387903
9823902,4611686018427387903
9924026,4611686018427387903
10024179,4611686018427387903
10124309,4611686018427387903
10224419,4611686018427387903
10324548,4611686018427387903
10424669,4611686018427387903
10524799,4611686018427387903
TS,4
102708,1207149584
202858,1207149584
303008,1207149584
403158,1207149584
503315,1207149584
603449,1207149584
703554,1207149584
803665,1207149584
903791,1207149584
1003937,1207149584
1105072,1207149584
1205186,1207149584
1305307,1207149584
1405422,1207149584
1505571,1207149584
1605699,1207149584
1705809,1207149584
1805924,1207149584
1906036,1207149584
2006179,1207149584
2107317,1207149584
2207429,1207149584
2307531,1207149584
2407643,1207149584
2507789,1207149584
2607922,1207149584
2708035,1207149584
2808151,1207149584
2908261,1207149584
3008380,1207149584
3109507,1207149584
3209637,1207149584
3309753,1207149584
3409865,1207149584
3509990,1207149584
3610120,1207149584
3710251,1207149584
3810354,1207149584
3910467,1207149584
4010609,1207149584
4111755,1207149584
4211872,1207149584
4311985,1207149584
4412103,1207149584
4512234,1207149584
4612359,1207149584
4712495,1207149584
4812609,1207149584
4912732,1207149584
5012878,1207149584
5114013,1207149584
5214118,1207149584
5314233,1207149584
5414353,1207149584
5514504,1207149584
5614633,1207149584
5714738,1207149584
5814848,1207149584
5914966,1207149584
6015107,1207149584
6116250,1207149584
6216368,1207149584
6316471,1207149584
6416598,1207149584
6516750,1207149584
6616879,1207149584
6716982,1207149584
6817098,1207149584
6917226,1207149584
7017376,1207149584
7118507,1207149584
7218610,1207149584
7318724,1207149584
7418845,1207149584
7518997,1207149584
7619129,1207149584
7719245,1207149584
7819364,1207149584
7919485,1207149584
8019635,1207149584
8120768,1207149584
8220878,1207149584
8320990,1207149584
8421116,1207149584
8521270,1207149584
8621396,1207149584
8721499,1207149584
8821612,1207149584
8921737,1207149584
9021887,1207149584
9123025,1207149584
9223142,1207149584
9323250,1207149584
9423390,1207149584
9523544,1207149584
9623671,1207149584
9723788,1207149584
9823904,1207149584
9924027,1207149584
10024181,1207149584
10124310,1207149584
10224420,1207149584
10324549,1207149584
10424670,1207149584
10524800,1207149584
TS,5
102709,7979590
202858,8012838
303008,8046086
403158,8079334
503316,8114740
603450,8147988
703555,8181236
803667,8214484
903792,8247732
1003938,8282412
1105073,8333555
1205187,8366803
1305308,8400051
1405422,8433670
1505572,8468334
1605700,8501940
1705810,8535188
1805925,8568436
1906037,8602059
2006180,8636756
2107317,8687922
2207430,8721170
2307532,8754418
2407643,8788037
2507790,8822718
2607923,8856341
2708036,8889589
2808152,8922837
2908261,8956460
3008381,8991157
3109508,9042229
3209638,9075477
3309754,9108725
3409865,9142344
3509991,9177025
3610122,9210536
3710252,9243784
3810355,9277032
3910468,9310655
4010609,9345352
4111756,9396530
4211873,9429778
4311986,9463026
4412104,9496645
4512235,9531326
4612360,9564837
4712496,9598085
4812610,9631333
4912733,9664939
5012879,9699636
5114014,9750781
5214119,9784029
5314234,9817277
5414354,9850879
5514505,9885560
5614634,9919183
5714739,9952431
5814849,9985679
5914967,10019302
6015108,10053999
6116250,10105165
6216368,10138413
6316472,10171661
6416599,10205280
6516750,10239944
6616879,10273550
6716983,10306798
6817099,10340046
6917226,10373652
7017377,10408332
7118508,10459472
7218610,10492720
7318725,10525968
7418845,10559570
7518998,10594234
7619130,10627840
7719246,10661088
7819365,10694336
7919486,10727959
8019636,10762639
8120769,10813788
8220879,10847036
8320991,10880284
8421117,10913886
8521271,10948550
8621396,10982156
8721500,11015404
8821612,11048652
8921737,11082275
9021888,11116972
9123025,11168138
9223142,11201386
9323251,11234634
9423390,11268236
9523544,11302900
9623672,11336506
9723789,11369754
9823906,11403002
9924028,11436608
10024182,11471288
10124310,11506476
10224421,11539724
10324550,11572972
10424671,11606588
10524801,11640864
CPU1
TS,0
101861,70396148
202011,70420061
302161,70443974
402311,70467887
511487,77305553
612631,96413574
712751,109908668
812873,127927361
912983,151535673
1013129,171563845
1113268,190452373
1213393,210891643
1313521,226036284
1413639,246449105
1513789,265352642
1613925,278226825
1714049,294985762
1814173,315067215
1914289,333535528
2019426,357158530
2120573,372231968
2220687,392643090
2320803,409010139
2420920,428168004
2523061,451180574
2626208,462539205
2726342,477266889
2826466,494112459
2926582,509733765
3035701,528424407
3135849,544103594
3236981,563763663
3337105,580367827
3437227,597078567
3546349,620411064
3646504,634625547
3747621,655014617
3847741,676986575
3947858,703281883
4051991,729651188
4157151,745495881
4257278,759850296
4357397,776862065
4457523,793345880
4557636,817232472
4657795,828827363
4760918,851788721
4861041,869259272
4968172,909102314
5068337,923612864
5168464,943068941
5268583,961015794
5368698,979089235
5471813,1008306592
5571976,1021920762
5672100,1040661809
5772217,1058114967
5872344,1076688543
5979466,1091248425
6079603,1107221632
6180741,1126884451
6280863,1147190887
6380979,1170024287
6490126,1198043322
6590278,1210274995
6690398,1229607380
6790521,1246618227
6890641,1267500950
6990768,1291297176
7090918,1305232416
7191039,1326970591
7291154,1344458071
7391271,1363565038
7491401,1384473235
7591553,1399963543
7691677,1419711074
7791804,1436781281
7891928,1455572832
7992048,1477753529
8092202,1494602761
8192325,1511374186
8292447,1531812414
8392563,1550200654
8492692,1571352598
8592840,1584376025
8692959,1603675175
8793072,1618019911
8893189,1636746142
9002325,1664637152
9109486,1682817846
9209608,1704898495
9309723,1722084044
9409831,1744401675
9513990,1760708745
9614129,1775964540
9714256,1796780045
9814377,1814055512
9914486,1833159183
10014633,1854764016
10114776,1870339069
10214901,1886570234
10315027,1898759606
10415149,1910914617
10515269,1924843448
CPU2
TS,0
100865,70073398
201015,70097311
301165,70121224
401316,70145137
510486,82706222
610620,103643747
710743,120151514
810861,138292080
912995,153342539
1021167,167791591
1121294,190251801
1221421,208131273
1321548,224082330
1425684,236363554
1531848,252680010
1631974,270934570
1732097,286950953
1832219,306302085
1932338,319534967
2032489,335714230
2132623,355563774
2232732,373254164
2332850,391148549
2437981,402603959
2543140,421065573
2643269,434637507
2743399,450944697
2843513,469045160
2952637,485804124
3053768,498830628
3153911,519420633
3254029,536358221
3354148,552077083
3461278,568639165
3564404,585903093
3664550,605673613
3764662,627084999
3864780,646189372
3970922,651575397
4075060,672522133
4175192,691750878
4275319,706250736
4375434,722905713
4476187,734465734
4585696,757111336
4685837,777748441
4785957,801487600
4888084,817359438
4996247,824099573
5096399,846326921
5196518,864458704
5296631,885110703
5398751,900446345
5506915,910474488
5607054,933721672
5707171,947149251
5807284,967431947
5909322,983580814
6017557,991687668
6117700,1010904033
6217820,1031362828
6317932,1049288028
6423063,1066278668
6528226,1080719401
6628350,1100366601
6728461,1118562489
6828581,1139724724
6930711,1149438519
7038876,1165791872
7138998,1191464122
7239103,1207879379
7339226,1225149743
7441352,1232647276
7549518,1251161134
7649644,1271745302
7749769,1292294388
7849897,1310989474
7955044,1315784306
8060205,1336451445
8160326,1356588463
8260444,1374944143
8360560,1396302147
8462701,1398905604
8570865,1421563289
8670978,1441111506
8771085,1456158854
8871202,1478459327
8977349,1482102832
9081504,1506408990
9181625,1528891585
9281739,1553285200
9384334,1565241505
9492022,1568498674
9592161,1591992341
9692280,1614222921
9792399,1632760303
9894514,1648439613
10002675,1655068372
10102811,1679940744
10202929,1696731368
10303057,1709192173
10405185,1721289484
10510315,1731647199
CPU3
TS,0
108856,69954585
209006,69978498
309156,70002411
409307,70026324
518476,74583386
618608,94121082
718729,108332793
818851,125202218
918962,150001006
1019110,157285693
1119238,178725216
1219362,195934202
1319492,212210527
1419604,232259447
1519750,239933750
1619877,254990880
1719998,270851814
1820122,289591646
1920231,308172954
2020357,322444458
2120493,342997815
2220605,361280525
2320722,377094288
2420839,393395826
2520972,405284636
2621105,420405732
2721240,434567600
2821360,453654802
2921474,469845055
3021584,485850861
3121714,506648111
3221842,523342452
3321967,538438527
3422087,556029313
3522211,570164558
3622344,589871040
3722463,610314495
3822576,629170698
3930697,648882236
4032841,654701831
4132986,673682197
4233107,689585662
4333226,705301992
4433357,720652737
4533475,739665915
4633607,757419981
4733733,781013278
4833853,799110338
4934976,813996723
5044144,820175818
5144276,841782970
5244392,859279795
5344506,878499432
5449620,896539283
5554778,907163102
5654905,925405253
5755020,943431320
5855146,957078489
5955263,973075787
6055392,988704098
6155530,1009878606
6255641,1028155711
6355758,1050500971
6462893,1062023192
6566044,1074771297
6666157,1091175265
6766274,1108583534
6866392,1127737522
6970518,1144709037
7076672,1159813571
7176788,1182987317
7276901,1199954037
7377016,1216570492
7480146,1227382478
7587300,1243843166
7687427,1263484042
7787551,1279159080
7887677,1295459248
7995809,1310047035
8097947,1330685682
8198066,1346401410
8298184,1367832074
8398292,1385312370
8500241,1392702782
8608573,1411134782
8708690,1428966069
8808807,1445424167
8908924,1465112180
9009873,1475417290
9119196,1500870999
9219321,1522873430
9319435,1539047710
9424550,1558028369
9529711,1562581577
9629843,1581944735
9729965,1602583234
9830086,1622456359
9932197,1640732002
10040361,1647250467
10140489,1665887855
10240611,1683437946
10340737,1695728380
10440863,1707858124
10541984,1723369700
end_data


*** The last thread under control of EPOS has finished.
*** EPOS is shutting down!

(C)StarFive
CCCCCCCCCC