
U-Boot SPL 2026.04-rc3-dirty (Feb 24 2026 - 23:57:14 -0300)
DDR version: dc2e84f0.
Trying to boot from SPI










This is EPOS!

Setting up this machine as follows: 
  Mode:         library
  Processor:    4 x RV64 at 600 MHz (BUS clock = 33 MHz)
  Machine:      VisionFive2
  Memory:       131072 KB [0x0000000040000000:0x0000000047ffffff]
  User memory:  130551 KB [0x0000000040000000:0x0000000047f7dfff]
  I/O space:    524288 KB [0x0000000000000000:0x000000001fffffff]
  Node Id:      will get from the network!
  Position:     will get from the network!

<0>: Monitor::init: system event 0 at 10 Hz created :<0>
<0>: Monitor::init: system event 1 at 10 Hz created :<0>
<0>: Monitor::init: system event 2 at 10 Hz created :<0>
<0>: Monitor::init: system event 3 at 10 Hz created :<0>
<0>: Monitor::init: system event 4 at 10 Hz created :<0>
Stress feature test
Running experiments with the following configurations:
>  Measure time: true
>  Test duration: 30
>  Selected taskset: 1
>  Size of image 1: 49160
>  Size of image 2: 49160
>  Size of the bandwidth allocation: 2097152
>  CPU Clock: 1503MHz
>  CPU voltage: 1040mV
Taskset initialization...
Done.
Creating threads...
>  Thread[0]: period = 500000, deadline = 500000, wcet = 100000, activation = 10
000, times = 60, cpu = 1
>  Thread[1]: period = 500000, deadline = 500000, wcet = 100000, activation = 10
000, times = 60, cpu = 1
>  Thread[2]: period = 500000, deadline = 500000, wcet = 100000, activation = 10
000, times = 60, cpu = 2
>  Thread[3]: period = 500000, deadline = 500000, wcet = 100000, activation = 10
000, times = 60, cpu = 3
Done
Current time: 3923810
>  Iteration [0]...
>  Iteration [1]...
>  Iteration [2]...
>  Iteration [3]...
>  Iteration [4]...
>  Iteration [5]...
>  Iteration [6]...
>  Iteration [7]...
>  Iteration [8]...
>  Iteration [9]...
>  Iteration [10]...
>  Iteration [11]...
>  Iteration [12]...
>  Iteration [13]...
>  Iteration [14]...
>  Iteration [15]...
>  Iteration [16]...
>  Iteration [17]...
>  Iteration [18]...
>  Iteration [19]...
>  Iteration [20]...
>  Iteration [21]...
>  Iteration [22]...
>  Iteration [23]...
>  Iteration [24]...
>  Iteration [25]...
>  Iteration [26]...
>  Iteration [27]...
>  Iteration [28]...
>  Iteration [29]...
Returned to application main!
Elapsed: 30621296
Threads: 4
-----------------------------------------------------
...............Threads Timing Behavior...............
-----------------------------------------------------
Task [0]: 0x0000000047ca1b50
>   Counted iterations: 60
>   Execution time: 4276948 us
>   Job WCET: 75871 us
>   Iteration WCET: 758 us
>   Average job runtime: 71282 us
>   Agerage iteration runtime: 712 us
>   Iterations per job: 100
Task [1]: 0x0000000047c818d0
>   Counted iterations: 60
>   Execution time: 8666409 us
>   Job WCET: 144491 us
>   Iteration WCET: 144491 us
>   Average job runtime: 144440 us
>   Agerage iteration runtime: 144440 us
>   Iterations per job: 1
Task [2]: 0x0000000047c61650
>   Counted iterations: 60
>   Execution time: 2015 us
>   Job WCET: 33 us
>   Iteration WCET: 1 us
>   Average job runtime: 33 us
>   Agerage iteration runtime: 1 us
>   Iterations per job: 25
Task [3]: 0x0000000047c413d0
>   Counted iterations: 60
>   Execution time: 2015 us
>   Job WCET: 34 us
>   Iteration WCET: 1 us
>   Average job runtime: 33 us
>   Agerage iteration runtime: 1 us
>   Iterations per job: 25
Taskset deallocation...
>  Deleting thread 0x0000000047ca1b50
>  Deleting thread 0x0000000047c818d0
>  Deleting thread 0x0000000047c61650
>  Deleting thread 0x0000000047c413d0
Done.
FINAL_TS<30711126>
begin_data
CPU0
TS,0
102543,678
202693,778
302843,878
402993,978
503145,1078
603284,1178
703417,1278
803567,1378
903717,1478
1003869,1578
1105008,1679
1205140,1779
1305290,1879
1405440,1979
1505592,2079
1605732,2179
1705864,2279
1806014,2379
1906164,2479
2006316,2579
2107456,2680
2207589,2780
2307739,2880
2407889,2980
2508039,3080
2608176,3180
2708310,3280
2808460,3380
2908610,3480
3008762,3580
3109900,3681
3210036,3781
3310186,3881
3410336,3981
3510488,4081
3610624,4181
3710758,4281
3810908,4381
3911058,4481
4011209,4581
4112348,4682
4212480,4782
4312630,4882
4412780,4982
4512932,5082
4613069,5182
4713203,5282
4813353,5382
4913503,5482
5013653,5582
5114789,5683
5214921,5783
5315071,5883
5415221,5983
5515372,6083
5615509,6183
5715643,6283
5815793,6383
5915943,6483
6016095,6583
6117232,6684
6217362,6784
6317512,6884
6417662,6984
6517814,7084
6617949,7184
6718082,7284
6818232,7384
6918382,7484
7018534,7584
7119668,7685
7219799,7785
7319949,7885
7420099,7985
7520250,8085
7620386,8185
7720518,8285
7820668,8385
7920818,8485
8020969,8585
8122106,8686
8222236,8786
8322386,8886
8422536,8986
8522688,9086
8622824,9186
8722955,9286
8823105,9386
8923255,9486
9023408,9586
9124544,9687
9224674,9787
9324824,9887
9424974,9987
9525124,10087
9625262,10187
9725394,10287
9825544,10387
9925694,10487
10025845,10587
10126983,10688
10227113,10788
10327263,10888
10427413,10988
10527565,11088
10627701,11188
10727833,11288
10827983,11388
10928133,11488
11028285,11588
11129420,11689
11229550,11789
11329700,11889
11429850,11989
11530002,12089
11630138,12189
11730270,12289
11830420,12389
11930570,12489
12030722,12589
12131859,12690
12231991,12790
12332141,12890
12432291,12990
12532443,13090
12632578,13190
12732712,13290
12832862,13390
12933012,13490
13033163,13590
13134303,13691
13234437,13791
13334587,13891
13434737,13991
13534889,14091
13635026,14191
13735158,14291
13835308,14391
13935458,14491
14035610,14591
14136747,14692
14236879,14792
14337029,14892
14437179,14992
14537331,15092
14637468,15192
14737602,15292
14837752,15392
14937902,15492
15038055,15592
15139193,15693
15239326,15793
15339476,15893
15439626,15993
15539778,16093
15639915,16193
15740048,16293
15840198,16393
15940348,16493
16040501,16593
16141638,16694
16241772,16794
16341922,16894
16442072,16994
16542223,17094
16642360,17194
16742493,17294
16842643,17394
16942793,17494
17042944,17594
17144082,17695
17244215,17795
17344365,17895
17444515,17995
17544667,18095
17644802,18195
17744936,18295
17845086,18395
17945236,18495
18045388,18595
18146525,18696
18246659,18796
18346809,18896
18446959,18996
18547111,19096
18647247,19196
18747381,19296
18847531,19396
18947681,19496
19047832,19596
19148971,19697
19249105,19797
19349255,19897
19449405,19997
19549557,20097
19649697,20197
19749828,20297
19849978,20397
19950128,20497
20050278,20597
20151417,20698
20251552,20798
20351702,20898
20451852,20998
20552004,21098
20652143,21198
20752279,21298
20852429,21398
20952579,21498
21052732,21598
21153871,21699
21254006,21799
21354156,21899
21454306,21999
21554457,22099
21654593,22199
21754727,22299
21854877,22399
21955027,22499
22055179,22599
22156318,22700
22256451,22800
22356601,22900
22456751,23000
22556902,23100
22657040,23200
22757175,23300
22857325,23400
22957475,23500
23057628,23600
23158766,23701
23258902,23801
23359052,23901
23459202,24001
23559354,24101
23659491,24201
23759627,24301
23859777,24401
23959927,24501
24060077,24601
24161214,24702
24261349,24802
24361499,24902
24461649,25002
24561799,25102
24661935,25202
24762070,25302
24862220,25402
24962370,25502
25062522,25602
25163657,25703
25263793,25803
25363943,25903
25464093,26003
25564245,26103
25664381,26203
25764517,26303
25864667,26403
25964817,26503
26064969,26603
26166103,26704
26266242,26804
26366392,26904
26466542,27004
26566694,27104
26666829,27204
26766967,27304
26867117,27404
26967267,27504
27067420,27604
27168557,27705
27268695,27805
27368845,27905
27468995,28005
27569147,28105
27669283,28205
27769420,28305
27869570,28405
27969720,28505
28069873,28605
28171010,28706
28271147,28806
28371297,28906
28471447,29006
28571599,29106
28671734,29206
28771870,29306
28872020,29406
28972170,29506
29072322,29606
29173458,29707
29273593,29807
29373743,29907
29473893,30007
29574045,30107
29674179,30207
29774315,30307
29874465,30407
29974615,30507
30074768,30607
30174904,30707
30275040,30807
30375190,30907
30475340,31007
TS,1
102544,0
202693,0
302843,0
402993,0
503145,0
603285,0
703417,0
803567,0
903717,0
1003870,0
1105009,0
1205140,0
1305290,0
1405440,0
1505593,0
1605733,0
1705865,0
1806015,0
1906164,0
2006317,0
2107457,0
2207589,0
2307739,0
2407889,0
2508040,0
2608177,0
2708310,0
2808460,0
2908610,0
3008762,0
3109901,0
3210036,0
3310186,0
3410336,0
3510489,0
3610626,0
3710758,0
3810908,0
3911058,0
4011210,0
4112349,0
4212481,0
4312630,0
4412780,0
4512933,0
4613070,0
4713203,0
4813353,0
4913503,0
5013654,0
5114790,0
5214921,0
5315071,0
5415221,0
5515373,0
5615510,0
5715643,0
5815793,0
5915943,0
6016096,0
6117233,0
6217363,0
6317512,0
6417662,0
6517814,0
6617950,0
6718083,0
6818232,0
6918382,0
7018535,0
7119669,0
7219800,0
7319949,0
7420100,0
7520251,0
7620387,0
7720518,0
7820668,0
7920818,0
8020970,0
8122107,0
8222237,0
8322387,0
8422537,0
8522689,0
8622824,0
8722956,0
8823106,0
8923256,0
9023408,0
9124545,0
9224674,0
9324824,0
9424975,0
9525125,0
9625263,0
9725394,0
9825544,0
9925694,0
10025846,0
10126984,0
10227113,0
10327263,0
10427413,0
10527566,0
10627701,0
10727834,0
10827983,0
10928133,0
11028285,0
11129420,0
11229550,0
11329700,0
11429850,0
11530002,0
11630139,0
11730270,0
11830420,0
11930570,0
12030722,0
12131859,0
12231991,0
12332141,0
12432291,0
12532443,0
12632579,0
12732712,0
12832862,0
12933012,0
13033164,0
13134304,0
13234437,0
13334587,0
13434737,0
13534890,0
13635027,0
13735158,0
13835308,0
13935458,0
14035611,0
14136748,0
14236880,0
14337029,0
14437179,0
14537332,0
14637468,0
14737602,0
14837752,0
14937902,0
15038056,0
15139194,0
15239326,0
15339476,0
15439626,0
15539779,0
15639916,0
15740048,0
15840198,0
15940348,0
16040501,0
16141639,0
16241772,0
16341922,0
16442072,0
16542224,0
16642361,0
16742493,0
16842643,0
16942793,0
17042945,0
17144082,0
17244216,0
17344365,0
17444516,0
17544668,0
17644803,0
17744936,0
17845086,0
17945236,0
18045389,0
18146526,0
18246660,0
18346809,0
18446959,0
18547112,0
18647248,0
18747381,0
18847531,0
18947681,0
19047833,0
19148972,0
19249105,0
19349255,0
19449405,0
19549558,0
19649697,0
19749828,0
19849978,0
19950128,0
20050279,0
20151418,0
20251552,0
20351702,0
20451852,0
20552005,0
20652144,0
20752280,0
20852430,0
20952579,0
21052733,0
21153871,0
21254006,0
21354156,0
21454306,0
21554458,0
21654594,0
21754728,0
21854878,0
21955028,0
22055179,0
22156319,0
22256452,0
22356601,0
22456751,0
22556903,0
22657041,0
22757176,0
22857325,0
22957475,0
23057629,0
23158767,0
23258903,0
23359052,0
23459203,0
23559355,0
23659492,0
23759627,0
23859777,0
23959927,0
24060078,0
24161215,0
24261349,0
24361499,0
24461649,0
24561800,0
24661936,0
24762070,0
24862220,0
24962370,0
25062523,0
25163658,0
25263793,0
25363943,0
25464093,0
25564246,0
25664382,0
25764517,0
25864667,0
25964817,0
26064970,0
26166104,0
26266243,0
26366392,0
26466542,0
26566695,0
26666830,0
26766967,0
26867117,0
26967267,0
27067421,0
27168558,0
27268696,0
27368846,0
27468996,0
27569148,0
27669284,0
27769420,0
27869570,0
27969720,0
28069874,0
28171011,0
28271148,0
28371297,0
28471447,0
28571599,0
28671735,0
28771870,0
28872020,0
28972170,0
29072323,0
29173459,0
29273593,0
29373743,0
29473893,0
29574045,0
29674180,0
29774316,0
29874466,0
29974616,0
30074769,0
30174905,0
30275040,0
30375190,0
30475340,0
TS,2
102544,0
202694,0
302843,0
402993,0
503146,0
603286,0
703417,0
803567,0
903717,0
1003871,0
1105010,0
1205141,0
1305290,0
1405440,0
1505594,0
1605734,0
1705865,0
1806015,0
1906165,0
2006318,0
2107458,0
2207589,0
2307739,0
2407889,0
2508041,0
2608178,0
2708310,0
2808460,0
2908610,0
3008763,0
3109902,0
3210036,0
3310186,0
3410336,0
3510490,0
3610627,0
3710758,0
3810908,0
3911058,0
4011211,0
4112350,0
4212481,0
4312630,0
4412781,0
4512933,0
4613071,0
4713203,0
4813353,0
4913503,0
5013655,0
5114790,0
5214922,0
5315071,0
5415221,0
5515374,0
5615511,0
5715643,0
5815793,0
5915943,0
6016096,0
6117234,0
6217363,0
6317512,0
6417663,0
6517815,0
6617951,0
6718083,0
6818233,0
6918383,0
7018535,0
7119670,0
7219800,0
7319950,0
7420100,0
7520252,0
7620388,0
7720519,0
7820669,0
7920818,0
8020971,0
8122108,0
8222237,0
8322387,0
8422537,0
8522689,0
8622825,0
8722956,0
8823106,0
8923256,0
9023409,0
9124546,0
9224675,0
9324824,0
9424975,0
9525126,0
9625264,0
9725395,0
9825544,0
9925694,0
10025847,0
10126984,0
10227114,0
10327263,0
10427413,0
10527566,0
10627702,0
10727834,0
10827984,0
10928134,0
11028286,0
11129421,0
11229550,0
11329700,0
11429850,0
11530003,0
11630140,0
11730270,0
11830420,0
11930570,0
12030723,0
12131860,0
12231992,0
12332141,0
12432291,0
12532444,0
12632580,0
12732712,0
12832862,0
12933012,0
13033165,0
13134305,0
13234438,0
13334587,0
13434737,0
13534891,0
13635028,0
13735158,0
13835308,0
13935458,0
14035612,0
14136749,0
14236880,0
14337030,0
14437180,0
14537333,0
14637469,0
14737602,0
14837752,0
14937902,0
15038057,0
15139194,0
15239327,0
15339476,0
15439626,0
15539780,0
15639917,0
15740049,0
15840198,0
15940348,0
16040502,0
16141640,0
16241773,0
16341922,0
16442073,0
16542225,0
16642362,0
16742493,0
16842643,0
16942793,0
17042946,0
17144083,0
17244216,0
17344366,0
17444516,0
17544669,0
17644804,0
17744937,0
17845086,0
17945236,0
18045390,0
18146527,0
18246660,0
18346809,0
18446959,0
18547113,0
18647249,0
18747382,0
18847531,0
18947681,0
19047834,0
19148973,0
19249106,0
19349255,0
19449405,0
19549558,0
19649698,0
19749829,0
19849978,0
19950128,0
20050280,0
20151419,0
20251552,0
20351702,0
20451852,0
20552006,0
20652144,0
20752280,0
20852430,0
20952580,0
21052733,0
21153872,0
21254007,0
21354156,0
21454306,0
21554459,0
21654595,0
21754728,0
21854878,0
21955028,0
22055180,0
22156319,0
22256452,0
22356602,0
22456752,0
22556904,0
22657042,0
22757176,0
22857326,0
22957476,0
23057630,0
23158768,0
23258903,0
23359053,0
23459203,0
23559355,0
23659493,0
23759628,0
23859777,0
23959927,0
24060079,0
24161215,0
24261349,0
24361499,0
24461649,0
24561801,0
24661936,0
24762071,0
24862220,0
24962370,0
25062523,0
25163659,0
25263794,0
25363943,0
25464093,0
25564247,0
25664383,0
25764518,0
25864667,0
25964817,0
26064971,0
26166105,0
26266243,0
26366393,0
26466543,0
26566696,0
26666831,0
26766968,0
26867117,0
26967267,0
27067421,0
27168559,0
27268696,0
27368846,0
27468996,0
27569149,0
27669285,0
27769421,0
27869571,0
27969720,0
28069875,0
28171011,0
28271148,0
28371297,0
28471448,0
28571600,0
28671735,0
28771870,0
28872020,0
28972170,0
29072324,0
29173459,0
29273593,0
29373743,0
29473893,0
29574046,0
29674181,0
29774316,0
29874466,0
29974616,0
30074770,0
30174906,0
30275040,0
30375190,0
30475340,0
TS,3
102544,4611686018427387903
202694,4611686018427387903
302843,4611686018427387903
402994,4611686018427387903
503147,4611686018427387903
603286,4611686018427387903
703417,4611686018427387903
803567,4611686018427387903
903717,4611686018427387903
1003871,4611686018427387903
1105011,4611686018427387903
1205141,4611686018427387903
1305290,4611686018427387903
1405441,4611686018427387903
1505595,4611686018427387903
1605735,4611686018427387903
1705865,4611686018427387903
1806015,4611686018427387903
1906165,4611686018427387903
2006318,4611686018427387903
2107458,4611686018427387903
2207590,4611686018427387903
2307739,4611686018427387903
2407889,4611686018427387903
2508042,4611686018427387903
2608179,4611686018427387903
2708310,4611686018427387903
2808460,4611686018427387903
2908610,4611686018427387903
3008764,4611686018427387903
3109902,4611686018427387903
3210037,4611686018427387903
3310186,4611686018427387903
3410336,4611686018427387903
3510491,4611686018427387903
3610627,4611686018427387903
3710759,4611686018427387903
3810909,4611686018427387903
3911058,4611686018427387903
4011212,4611686018427387903
4112350,4611686018427387903
4212481,4611686018427387903
4312631,4611686018427387903
4412781,4611686018427387903
4512934,4611686018427387903
4613072,4611686018427387903
4713204,4611686018427387903
4813353,4611686018427387903
4913503,4611686018427387903
5013656,4611686018427387903
5114791,4611686018427387903
5214922,4611686018427387903
5315071,4611686018427387903
5415221,4611686018427387903
5515375,4611686018427387903
5615512,4611686018427387903
5715644,4611686018427387903
5815794,4611686018427387903
5915943,4611686018427387903
6016097,4611686018427387903
6117234,4611686018427387903
6217363,4611686018427387903
6317512,4611686018427387903
6417663,4611686018427387903
6517816,4611686018427387903
6617951,4611686018427387903
6718083,4611686018427387903
6818233,4611686018427387903
6918383,4611686018427387903
7018536,4611686018427387903
7119670,4611686018427387903
7219800,4611686018427387903
7319950,4611686018427387903
7420100,4611686018427387903
7520252,4611686018427387903
7620389,4611686018427387903
7720519,4611686018427387903
7820669,4611686018427387903
7920818,4611686018427387903
8020971,4611686018427387903
8122108,4611686018427387903
8222237,4611686018427387903
8322387,4611686018427387903
8422537,4611686018427387903
8522690,4611686018427387903
8622826,4611686018427387903
8722956,4611686018427387903
8823106,4611686018427387903
8923256,4611686018427387903
9023410,4611686018427387903
9124547,4611686018427387903
9224675,4611686018427387903
9324824,4611686018427387903
9424975,4611686018427387903
9525127,4611686018427387903
9625264,4611686018427387903
9725395,4611686018427387903
9825544,4611686018427387903
9925694,4611686018427387903
10025848,4611686018427387903
10126985,4611686018427387903
10227114,4611686018427387903
10327263,4611686018427387903
10427414,4611686018427387903
10527567,4611686018427387903
10627703,4611686018427387903
10727834,4611686018427387903
10827984,4611686018427387903
10928134,4611686018427387903
11028287,4611686018427387903
11129422,4611686018427387903
11229551,4611686018427387903
11329700,4611686018427387903
11429850,4611686018427387903
11530004,4611686018427387903
11630141,4611686018427387903
11730271,4611686018427387903
11830420,4611686018427387903
11930570,4611686018427387903
12030724,4611686018427387903
12131861,4611686018427387903
12231992,4611686018427387903
12332141,4611686018427387903
12432291,4611686018427387903
12532445,4611686018427387903
12632581,4611686018427387903
12732713,4611686018427387903
12832862,4611686018427387903
12933012,4611686018427387903
13033166,4611686018427387903
13134305,4611686018427387903
13234438,4611686018427387903
13334587,4611686018427387903
13434737,4611686018427387903
13534891,4611686018427387903
13635028,4611686018427387903
13735158,4611686018427387903
13835308,4611686018427387903
13935458,4611686018427387903
14035613,4611686018427387903
14136749,4611686018427387903
14236880,4611686018427387903
14337030,4611686018427387903
14437180,4611686018427387903
14537333,4611686018427387903
14637470,4611686018427387903
14737602,4611686018427387903
14837752,4611686018427387903
14937902,4611686018427387903
15038058,4611686018427387903
15139195,4611686018427387903
15239327,4611686018427387903
15339476,4611686018427387903
15439627,4611686018427387903
15539780,4611686018427387903
15639918,4611686018427387903
15740049,4611686018427387903
15840199,4611686018427387903
15940348,4611686018427387903
16040503,4611686018427387903
16141640,4611686018427387903
16241773,4611686018427387903
16341922,4611686018427387903
16442073,4611686018427387903
16542226,4611686018427387903
16642362,4611686018427387903
16742493,4611686018427387903
16842643,4611686018427387903
16942793,4611686018427387903
17042947,4611686018427387903
17144084,4611686018427387903
17244216,4611686018427387903
17344366,4611686018427387903
17444516,4611686018427387903
17544670,4611686018427387903
17644804,4611686018427387903
17744937,4611686018427387903
17845086,4611686018427387903
17945236,4611686018427387903
18045391,4611686018427387903
18146527,4611686018427387903
18246660,4611686018427387903
18346809,4611686018427387903
18446960,4611686018427387903
18547114,4611686018427387903
18647250,4611686018427387903
18747382,4611686018427387903
18847531,4611686018427387903
18947681,4611686018427387903
19047834,4611686018427387903
19148974,4611686018427387903
19249106,4611686018427387903
19349255,4611686018427387903
19449406,4611686018427387903
19549559,4611686018427387903
19649699,4611686018427387903
19749829,4611686018427387903
19849978,4611686018427387903
19950128,4611686018427387903
20050281,4611686018427387903
20151419,4611686018427387903
20251553,4611686018427387903
20351702,4611686018427387903
20451852,4611686018427387903
20552007,4611686018427387903
20652145,4611686018427387903
20752280,4611686018427387903
20852430,4611686018427387903
20952580,4611686018427387903
21052734,4611686018427387903
21153873,4611686018427387903
21254007,4611686018427387903
21354156,4611686018427387903
21454306,4611686018427387903
21554459,4611686018427387903
21654595,4611686018427387903
21754728,4611686018427387903
21854878,4611686018427387903
21955028,4611686018427387903
22055181,4611686018427387903
22156320,4611686018427387903
22256452,4611686018427387903
22356602,4611686018427387903
22456752,4611686018427387903
22556905,4611686018427387903
22657043,4611686018427387903
22757176,4611686018427387903
22857326,4611686018427387903
22957476,4611686018427387903
23057631,4611686018427387903
23158768,4611686018427387903
23258903,4611686018427387903
23359053,4611686018427387903
23459203,4611686018427387903
23559356,4611686018427387903
23659494,4611686018427387903
23759628,4611686018427387903
23859778,4611686018427387903
23959927,4611686018427387903
24060079,4611686018427387903
24161216,4611686018427387903
24261350,4611686018427387903
24361499,4611686018427387903
24461649,4611686018427387903
24561802,4611686018427387903
24661937,4611686018427387903
24762071,4611686018427387903
24862221,4611686018427387903
24962370,4611686018427387903
25062524,4611686018427387903
25163660,4611686018427387903
25263794,4611686018427387903
25363943,4611686018427387903
25464094,4611686018427387903
25564248,4611686018427387903
25664384,4611686018427387903
25764518,4611686018427387903
25864668,4611686018427387903
25964817,4611686018427387903
26064971,4611686018427387903
26166106,4611686018427387903
26266244,4611686018427387903
26366393,4611686018427387903
26466543,4611686018427387903
26566696,4611686018427387903
26666831,4611686018427387903
26766968,4611686018427387903
26867118,4611686018427387903
26967267,4611686018427387903
27067422,4611686018427387903
27168560,4611686018427387903
27268696,4611686018427387903
27368846,4611686018427387903
27468996,4611686018427387903
27569150,4611686018427387903
27669285,4611686018427387903
27769421,4611686018427387903
27869571,4611686018427387903
27969720,4611686018427387903
28069876,4611686018427387903
28171012,4611686018427387903
28271148,4611686018427387903
28371297,4611686018427387903
28471448,4611686018427387903
28571601,4611686018427387903
28671736,4611686018427387903
28771871,4611686018427387903
28872020,4611686018427387903
28972170,4611686018427387903
29072324,4611686018427387903
29173460,4611686018427387903
29273594,4611686018427387903
29373743,4611686018427387903
29473893,4611686018427387903
29574047,4611686018427387903
29674182,4611686018427387903
29774316,4611686018427387903
29874466,4611686018427387903
29974616,4611686018427387903
30074771,4611686018427387903
30174906,4611686018427387903
30275041,4611686018427387903
30375190,4611686018427387903
30475340,4611686018427387903
TS,4
102544,1207149584
202694,1207149584
302844,1207149584
402994,1207149584
503148,1207149584
603287,1207149584
703418,1207149584
803567,1207149584
903717,1207149584
1003872,1207149584
1105012,1207149584
1205141,1207149584
1305291,1207149584
1405441,1207149584
1505596,1207149584
1605735,1207149584
1705866,1207149584
1806015,1207149584
1906165,1207149584
2006319,1207149584
2107459,1207149584
2207590,1207149584
2307739,1207149584
2407889,1207149584
2508043,1207149584
2608179,1207149584
2708311,1207149584
2808460,1207149584
2908610,1207149584
3008765,1207149584
3109903,1207149584
3210037,1207149584
3310186,1207149584
3410336,1207149584
3510492,1207149584
3610628,1207149584
3710759,1207149584
3810909,1207149584
3911058,1207149584
4011213,1207149584
4112351,1207149584
4212482,1207149584
4312631,1207149584
4412781,1207149584
4512935,1207149584
4613072,1207149584
4713204,1207149584
4813353,1207149584
4913503,1207149584
5013657,1207149584
5114792,1207149584
5214922,1207149584
5315071,1207149584
5415222,1207149584
5515376,1207149584
5615513,1207149584
5715644,1207149584
5815794,1207149584
5915943,1207149584
6016098,1207149584
6117235,1207149584
6217364,1207149584
6317513,1207149584
6417663,1207149584
6517817,1207149584
6617952,1207149584
6718084,1207149584
6818233,1207149584
6918383,1207149584
7018537,1207149584
7119671,1207149584
7219801,1207149584
7319950,1207149584
7420100,1207149584
7520254,1207149584
7620390,1207149584
7720520,1207149584
7820669,1207149584
7920818,1207149584
8020972,1207149584
8122109,1207149584
8222238,1207149584
8322387,1207149584
8422537,1207149584
8522691,1207149584
8622827,1207149584
8722957,1207149584
8823106,1207149584
8923256,1207149584
9023411,1207149584
9124548,1207149584
9224675,1207149584
9324824,1207149584
9424975,1207149584
9525128,1207149584
9625265,1207149584
9725395,1207149584
9825545,1207149584
9925694,1207149584
10025849,1207149584
10126986,1207149584
10227114,1207149584
10327264,1207149584
10427414,1207149584
10527568,1207149584
10627704,1207149584
10727835,1207149584
10827984,1207149584
10928134,1207149584
11028288,1207149584
11129423,1207149584
11229551,1207149584
11329700,1207149584
11429850,1207149584
11530005,1207149584
11630142,1207149584
11730271,1207149584
11830421,1207149584
11930570,1207149584
12030725,1207149584
12131862,1207149584
12231992,1207149584
12332141,1207149584
12432291,1207149584
12532446,1207149584
12632581,1207149584
12732713,1207149584
12832862,1207149584
12933012,1207149584
13033167,1207149584
13134307,1207149584
13234438,1207149584
13334587,1207149584
13434738,1207149584
13534893,1207149584
13635029,1207149584
13735159,1207149584
13835308,1207149584
13935458,1207149584
14035613,1207149584
14136750,1207149584
14236881,1207149584
14337030,1207149584
14437180,1207149584
14537334,1207149584
14637471,1207149584
14737603,1207149584
14837752,1207149584
14937902,1207149584
15038058,1207149584
15139196,1207149584
15239327,1207149584
15339477,1207149584
15439627,1207149584
15539781,1207149584
15639919,1207149584
15740049,1207149584
15840199,1207149584
15940349,1207149584
16040504,1207149584
16141641,1207149584
16241773,1207149584
16341923,1207149584
16442073,1207149584
16542226,1207149584
16642363,1207149584
16742494,1207149584
16842643,1207149584
16942793,1207149584
17042947,1207149584
17144085,1207149584
17244217,1207149584
17344366,1207149584
17444516,1207149584
17544671,1207149584
17644805,1207149584
17744937,1207149584
17845087,1207149584
17945236,1207149584
18045392,1207149584
18146528,1207149584
18246661,1207149584
18346810,1207149584
18446960,1207149584
18547114,1207149584
18647251,1207149584
18747382,1207149584
18847531,1207149584
18947681,1207149584
19047835,1207149584
19148974,1207149584
19249107,1207149584
19349255,1207149584
19449406,1207149584
19549560,1207149584
19649700,1207149584
19749829,1207149584
19849979,1207149584
19950128,1207149584
20050282,1207149584
20151420,1207149584
20251553,1207149584
20351702,1207149584
20451852,1207149584
20552008,1207149584
20652146,1207149584
20752281,1207149584
20852430,1207149584
20952580,1207149584
21052735,1207149584
21153874,1207149584
21254007,1207149584
21354156,1207149584
21454307,1207149584
21554461,1207149584
21654596,1207149584
21754729,1207149584
21854878,1207149584
21955028,1207149584
22055182,1207149584
22156321,1207149584
22256453,1207149584
22356602,1207149584
22456752,1207149584
22556906,1207149584
22657043,1207149584
22757177,1207149584
22857326,1207149584
22957476,1207149584
23057632,1207149584
23158769,1207149584
23258904,1207149584
23359053,1207149584
23459203,1207149584
23559357,1207149584
23659495,1207149584
23759628,1207149584
23859778,1207149584
23959928,1207149584
24060080,1207149584
24161217,1207149584
24261350,1207149584
24361499,1207149584
24461649,1207149584
24561802,1207149584
24661938,1207149584
24762071,1207149584
24862221,1207149584
24962371,1207149584
25062525,1207149584
25163661,1207149584
25263794,1207149584
25363944,1207149584
25464094,1207149584
25564249,1207149584
25664385,1207149584
25764518,1207149584
25864668,1207149584
25964818,1207149584
26064972,1207149584
26166107,1207149584
26266244,1207149584
26366393,1207149584
26466543,1207149584
26566697,1207149584
26666832,1207149584
26766969,1207149584
26867118,1207149584
26967268,1207149584
27067423,1207149584
27168561,1207149584
27268697,1207149584
27368846,1207149584
27468996,1207149584
27569151,1207149584
27669286,1207149584
27769421,1207149584
27869571,1207149584
27969721,1207149584
28069877,1207149584
28171013,1207149584
28271149,1207149584
28371298,1207149584
28471448,1207149584
28571602,1207149584
28671737,1207149584
28771871,1207149584
28872020,1207149584
28972170,1207149584
29072325,1207149584
29173461,1207149584
29273594,1207149584
29373743,1207149584
29473893,1207149584
29574048,1207149584
29674182,1207149584
29774317,1207149584
29874466,1207149584
29974616,1207149584
30074772,1207149584
30174907,1207149584
30275041,1207149584
30375190,1207149584
30475340,1207149584
TS,5
102545,925307777
202694,925341025
302844,925374273
402994,925407521
503149,925442146
603288,925475394
703418,925508642
803567,925541890
903717,925575138
1003873,925609418
1105012,925661568
1205142,925694816
1305291,925728064
1405441,925761312
1505596,925795580
1605736,925829189
1705866,925862437
1806015,925895685
1906165,925928933
2006320,925963213
2107460,926015347
2207590,926048595
2307739,926081843
2407889,926115091
2508043,926149359
2608180,926182951
2708311,926216199
2808460,926249447
2908610,926282695
3008766,926316975
3109904,926369115
3210037,926402363
3310186,926435611
3410336,926468859
3510492,926503127
3610629,926536719
3710759,926569967
3810909,926603215
3911058,926636463
4011214,926670743
4112352,926722892
4212482,926756140
4312631,926789388
4412781,926822636
4512936,926856904
4613073,926890496
4713204,926923744
4813353,926956992
4913503,926990240
5013657,927024520
5114793,927076672
5214922,927109920
5315071,927143168
5415222,927176416
5515376,927210684
5615513,927244293
5715644,927277541
5815794,927310789
5915943,927344037
6016099,927378317
6117236,927430457
6217364,927463705
6317513,927496953
6417663,927530201
6517818,927564469
6617953,927598061
6718084,927631309
6818233,927664557
6918383,927697805
7018538,927732085
7119672,927784225
7219801,927817473
7319950,927850721
7420100,927883969
7520254,927918237
7620390,927951829
7720520,927985077
7820669,928018325
7920818,928051573
8020973,928085853
8122110,928137999
8222238,928171247
8322387,928204495
8422537,928237743
8522692,928272011
8622827,928305603
8722957,928338851
8823106,928372099
8923256,928405347
9023412,928439627
9124549,928491770
9224676,928525018
9324825,928558266
9424975,928591514
9525129,928625782
9625266,928659391
9725395,928692639
9825545,928725887
9925695,928759135
10025850,928793415
10126986,928846451
10227115,928879699
10327264,928912947
10427414,928946195
10527569,928980463
10627705,929014055
10727835,929047303
10827984,929080551
10928134,929113799
11028289,929148079
11129424,929201106
11229551,929234354
11329700,929267602
11429850,929300850
11530006,929335118
11630142,929368710
11730271,929401958
11830421,929435206
11930570,929468454
12030726,929502734
12131862,929555770
12231992,929589018
12332141,929622266
12432291,929655514
12532446,929689782
12632582,929723374
12732713,929756622
12832862,929789870
12933012,929823118
13033168,929857398
13134307,929910422
13234438,929943670
13334587,929976918
13434738,930010166
13534893,930044434
13635030,930078043
13735159,930111291
13835308,930144539
13935458,930177787
14035614,930212067
14136751,930265082
14236881,930298330
14337030,930331578
14437180,930364826
14537335,930399094
14637471,930432686
14737603,930465934
14837752,930499182
14937902,930532430
15038059,930566710
15139197,930619737
15239328,930652985
15339477,930686233
15439627,930719481
15539782,930753749
15639919,930787341
15740050,930820589
15840199,930853837
15940349,930887085
16040505,930921365
16141642,930974389
16241774,931007637
16341923,931040885
16442073,931074133
16542227,931108401
16642364,931141993
16742494,931175241
16842643,931208489
16942793,931241737
17042948,931276017
17144085,931329041
17244217,931362289
17344366,931395537
17444516,931428785
17544671,931463053
17644806,931496662
17744937,931529910
17845087,931563158
17945236,931596406
18045392,931630686
18146529,931683716
18246661,931716964
18346810,931750212
18446960,931783460
18547115,931817728
18647251,931851320
18747382,931884568
18847532,931917816
18947681,931951064
19047836,931985344
19148975,932038368
19249107,932071616
19349256,932104864
19449406,932138112
19549561,932172380
19649700,932205972
19749829,932239220
19849979,932272468
19950129,932305716
20050282,932339996
20151421,932393020
20251553,932426268
20351702,932459516
20451852,932492764
20552008,932527032
20652147,932560624
20752281,932593872
20852430,932627120
20952580,932660368
21052736,932694648
21153874,932747675
21254007,932780923
21354156,932814171
21454307,932847419
21554461,932881687
21654597,932915296
21754729,932948544
21854878,932981792
21955028,933015040
22055183,933049320
22156322,933102335
22256453,933135583
22356602,933168831
22456752,933202079
22556906,933236347
22657044,933269939
22757177,933303187
22857326,933336435
22957476,933369683
23057632,933403963
23158770,933456990
23258904,933490238
23359053,933523486
23459203,933556734
23559358,933591002
23659495,933624594
23759629,933657842
23859778,933691090
23959928,933724338
24060081,933758618
24161218,933811633
24261350,933844881
24361499,933878129
24461649,933911377
24561803,933945645
24661939,933979237
24762072,934012485
24862221,934045733
24962371,934078981
25062526,934113261
25163662,934166294
25263795,934199542
25363944,934232790
25464094,934266038
25564249,934300306
25664385,934333915
25764519,934367163
25864668,934400411
25964818,934433659
26064973,934467939
26166107,934520954
26266244,934554202
26366393,934587450
26466543,934620698
26566698,934654966
26666833,934688558
26766969,934721806
26867118,934755054
26967268,934788302
27067424,934822582
27168561,934875606
27268697,934908854
27368846,934942102
27468996,934975350
27569151,935009618
27669287,935043210
27769422,935076458
27869571,935109706
27969721,935142954
28069877,935177234
28171013,935230267
28271149,935263515
28371298,935296763
28471448,935330011
28571602,935364279
28671737,935397871
28771871,935431119
28872020,935464367
28972170,935497615
29072326,935531895
29173462,935584835
29273594,935618083
29373743,935651331
29473893,935684579
29574049,935718847
29674183,935752456
29774317,935785704
29874466,935818952
29974616,935852200
30074772,935886480
30174908,935921647
30275041,935954895
30375190,935988143
30475340,936021391
CPU1
TS,0
100642,78249480
200792,78273393
300942,78297306
401092,78321219
510249,84232428
617403,129404148
721552,172606353
821702,172630266
921852,172654179
1022000,180291054
1127148,228950709
1232298,266518657
1332448,266542570
1432598,266566483
1532747,275792720
1638902,329229928
1743052,360819343
1843202,360843256
1943352,360867169
2049382,371516912
2158661,433744207
2263813,454015475
2363963,454039388
2464113,454063301
2569264,475293944
2669404,532838112
2774558,547380236
2874708,547404149
2974858,547428062
3080010,574445790
3180152,632017998
3285306,640744993
3385456,640768906
3485606,642203101
3590756,673560752
3690899,731120555
3796054,734115637
3896204,734139550
3996355,737114816
4101506,773037327
4206655,827836682
4306805,827860595
4406955,827884508
4507104,832413636
4612254,872356772
4717402,921387277
4817554,921411190
4917704,921435103
5017851,927547822
5123003,971997976
5228153,1015299588
5328303,1015323501
5428453,1015347414
5528601,1023003656
5634751,1072286998
5738901,1109600274
5839051,1109624187
5939201,1109648100
6039348,1118892657
6144498,1171037429
6248648,1202793810
6348798,1202817723
6448948,1202841636
6550096,1213618524
6655249,1270175062
6759400,1296158578
6859550,1296182491
6959700,1296206404
7065855,1311823809
7165998,1369341245
7270151,1389523346
7370301,1389547259
7470451,1389571172
7576607,1410892254
7676747,1468435640
7780900,1482894001
7881050,1482917914
7981200,1482941827
8087352,1510430944
8187493,1567963135
8291646,1576635578
8391796,1576659491
8492948,1578092255
8598097,1609706877
8698239,1667269425
8802393,1670182864
8902543,1670206777
9003696,1673232647
9108845,1709360173
9212992,1764071277
9313142,1764095190
9413292,1764119103
9514443,1768672239
9620592,1809593443
9724742,1858372180
9824891,1858396093
9925041,1858420006
10025189,1864564933
10130337,1908349341
10234484,1951565731
10334634,1951589644
10434784,1951613557
10535933,1959314833
10641084,2007501047
10745233,2044930499
10845383,2044954412
10945533,2044978325
11046680,2054210662
11151831,2106618602
11255979,2138295271
11356129,2138319184
11456279,2138343097
11557426,2149149043
11662577,2205748586
11766730,2231665926
11866880,2231689839
11967031,2231713752
12073189,2247783684
12173331,2305303261
12277484,2325407503
12377634,2325431416
12477784,2325455329
12583941,2347039111
12684084,2404557070
12788238,2418954789
12888388,2418978702
12988538,2419002615
13094696,2446766485
13194842,2504274825
13298996,2512867111
13399146,2512891024
13500299,2514378114
13606450,2546946342
13706593,2604555542
13810747,2607168014
13910897,2607191927
14011047,2610243360
14116203,2645727469
14220350,2700341636
14320500,2700365549
14420650,2700389462
14521801,2705006584
14626952,2744840035
14731099,2793710024
14831249,2793733937
14931399,2793757850
15032551,2799900810
15137702,2843973001
15241851,2887074521
15342001,2887098434
15442151,2887122347
15543301,2894841236
15648450,2943087324
15752598,2980445176
15852748,2980469089
15952898,2980493002
16054047,2989726836
16159195,3042619728
16263345,3074186753
16363495,3074210666
16463644,3074234579
16564793,3085053568
16669942,3141887486
16774092,3167734039
16874242,3167757952
16974392,3167781865
17080547,3184100743
17180686,3241604007
17284838,3261646361
17384988,3261670274
17485138,3261694187
17592294,3284269994
17692437,3341809655
17796589,3355947264
17896739,3355971177
17996890,3355995090
18102041,3383116297
18202183,3440620083
18306337,3449140811
18406487,3449164724
18507640,3450681925
18612789,3482163673
18712931,3539747506
18817085,3542505319
18917235,3542529232
19018388,3545568210
19123537,3581322571
19227685,3635845914
19327835,3635869827
19427985,3635893740
19529136,3640512805
19634285,3680413449
19738435,3729216309
19838587,3729240222
19938737,3729264135
20039888,3735397650
20145037,3779949040
20249187,3822957886
20349337,3822981799
20449487,3823005712
20550636,3830722871
20655788,3879213680
20759939,3916505172
20860089,3916529085
20960239,3916552998
21061389,3925824490
21166540,3978927973
21270691,4010417494
21370841,4010441407
21470991,4010465320
21572140,4021300802
21678295,4079126268
21782445,4104718397
21882595,4104742310
21982745,4104766223
22087901,4120440215
22188044,4177938028
22292196,4197911944
22392346,4197935857
22492496,4197959770
22598650,4219479798
22698794,4277048370
22802949,4291276452
22903099,4291300365
23003249,4291324278
23109401,4318674552
23209544,4376184663
23313698,4384640960
23413848,4384664873
23514999,4386182798
23620152,4417758604
23720295,4475371619
23824451,4478011355
23924601,4478035268
24025753,4481093205
24130904,4517302764
24235053,4571732755
24335203,4571756668
24435353,4571780581
24536503,4576398548
24641650,4616553298
24745799,4665282820
24845949,4665306733
24946099,4665330646
25047250,4671536814
25152398,4716254325
25256547,4759195142
25356697,4759219055
25456848,4759242968
25557998,4766979237
25663145,4815892665
25768296,4853496045
25868446,4853519958
25968596,4853543871
26068743,4862870454
26173889,4915278800
26278041,4946689592
26378191,4946713505
26478341,4946737418
26579212,4957556190
26684634,5014340560
26788786,5040054100
26888936,5040078013
26989086,5040101926
27095242,5056008800
27195382,5113494454
27299534,5133418608
27399684,5133442521
27499834,5133466434
27605986,5155060667
27706126,5212599363
27810279,5226789003
27910429,5226812916
28010579,5226836829
28116731,5254597018
28216872,5312122273
28321025,5320530580
28421175,5320554493
28522328,5322062978
28627476,5353861088
28727618,5411453444
28831773,5414077881
28931924,5414101794
29033076,5417202046
29138224,5453575368
29242372,5507966290
29342522,5507990203
29442672,5508014116
29543824,5512644123
29648973,5553206747
29754121,5602267193
29854271,5602291106
29954421,5602315019
30054571,5608537387
30159718,5652569407
30263867,5695460740
30364017,5695484653
30464167,5695508566
CPU2
TS,0
109680,62407310
209830,62431223
309980,62455136
410130,62479049
519295,62556674
619443,62580587
719592,62604500
819742,62628413
919892,62652326
1020044,62727629
1120192,62751542
1220338,62775455
1320488,62799368
1420638,62823281
1520789,62898584
1620937,62922497
1721084,62946410
1821234,62970323
1921384,62994236
2021536,63069539
2121682,63093452
2221828,63117365
2321978,63141278
2422128,63165191
2522280,63240494
2622429,63264407
2722572,63288320
2822722,63312233
2922872,63336146
3023024,63411449
3123171,63435362
3223313,63459275
3323463,63483188
3423613,63507101
3523764,63582404
3623911,63606317
3724054,63630230
3824204,63654143
3924354,63678056
4024507,63753359
4124654,63777272
4224795,63801185
4324945,63825098
4425096,63849011
4525247,63924314
4625392,63948227
4725532,63972140
4825682,63996053
4925832,64019966
5025983,64095269
5126128,64119182
5226269,64143095
5326419,64167008
5426570,64190921
5526720,64266224
5626865,64290137
5727009,64314050
5827159,64337963
5927309,64361876
6027459,64437179
6127601,64461092
6227745,64485005
6327895,64508918
6428045,64532831
6528195,64608134
6628336,64632047
6728477,64655960
6828627,64679873
6928777,64703786
7028928,64779089
7129069,64803002
7229210,64826915
7329360,64850828
7429510,64874741
7529662,64954916
7629803,64978829
7729944,65002742
7830094,65026655
7930244,65050568
8030395,65130855
8130537,65154768
8230678,65178681
8330828,65202594
8430978,65226507
8531128,65301810
8631267,65325723
8731409,65349636
8831559,65373549
8931709,65397462
9031859,65472765
9132000,65496678
9232141,65520591
9332291,65544504
9432441,65568417
9532592,65643720
9632736,65667633
9732876,65691546
9833026,65715459
9933176,65739372
10033327,65814675
10133465,65838588
10233605,65862501
10333755,65886414
10433905,65910327
10534057,65985630
10634197,66009543
10734338,66033456
10834488,66057369
10934638,66081282
11034789,66156585
11134930,66180498
11235069,66204411
11335219,66228324
11435369,66252237
11535521,66327540
11635661,66351453
11735801,66375366
11835951,66399279
11936101,66423192
12036252,66498495
12136394,66522408
12236534,66546321
12336684,66570234
12436834,66594147
12536985,66669450
12637127,66693363
12737266,66717276
12837416,66741189
12937566,66765102
13037718,66840405
13137858,66864318
13237996,66888231
13338146,66912144
13438296,66936057
13538446,67011360
13638584,67035273
13738721,67059186
13838871,67083099
13939021,67107012
14039172,67182315
14139311,67206228
14239447,67230141
14339597,67254054
14439747,67277967
14539897,67353270
14640036,67377183
14740173,67401096
14840323,67425009
14940473,67448922
15040624,67524225
15140762,67548138
15240898,67572051
15341048,67595964
15441198,67619877
15541349,67695180
15641489,67719093
15741626,67743006
15841776,67766919
15941926,67790832
16042075,67866135
16142214,67890048
16242352,67913961
16342502,67937874
16442652,67961787
16542802,68037090
16642941,68061003
16743079,68084916
16843229,68108829
16943379,68132742
17043530,68208045
17143667,68231958
17243804,68255871
17343954,68279784
17444104,68303697
17544255,68383452
17644390,68407365
17744527,68431278
17844677,68455191
17944827,68479104
18044979,68559455
18145117,68583368
18245254,68607281
18345404,68631194
18445554,68655107
18545706,68730410
18645846,68754323
18745985,68778236
18846135,68802149
18946285,68826062
19046437,68901365
19146576,68925278
19246718,68949191
19346870,68973104
19447020,68997017
19547170,69072320
19647308,69096233
19747444,69120146
19847594,69144059
19947744,69167972
20047895,69243275
20148031,69267188
20248167,69291101
20348317,69315014
20448467,69338927
20548619,69414230
20648756,69438143
20748893,69462056
20849043,69485969
20949193,69509882
21049344,69585185
21149481,69609098
21249618,69633011
21349768,69656924
21449918,69680837
21550069,69756140
21650206,69780053
21750341,69803966
21850491,69827879
21950641,69851792
22050792,69927095
22150928,69951008
22251064,69974921
22351214,69998834
22451364,70022747
22551516,70098050
22651654,70121963
22751790,70145876
22851940,70169789
22952090,70193702
23052242,70269005
23152378,70292918
23252514,70316831
23352664,70340744
23452814,70364657
23552966,70439960
23653101,70463873
23753237,70487786
23853387,70511699
23953537,70535612
24053689,70610915
24153826,70634828
24253962,70658741
24354112,70682654
24454262,70706567
24554413,70781870
24654551,70805783
24754687,70829696
24854837,70853609
24954987,70877522
25055138,70952825
25155275,70976738
25255411,71000651
25355561,71024564
25455711,71048477
25555863,71123780
25656000,71147693
25756135,71171606
25856286,71195519
25956435,71219432
26056586,71294735
26156723,71318648
26256858,71342561
26357008,71366474
26457158,71390387
26557307,71465690
26657444,71489603
26757582,71513516
26857731,71537429
26957881,71561342
27058031,71636645
27158167,71660558
27258303,71684471
27358453,71708384
27458603,71732297
27558755,71812252
27658891,71836165
27759027,71860078
27859177,71883991
27959327,71907904
28059478,71987787
28159615,72011700
28259752,72035613
28359902,72059526
28460052,72083439
28560203,72158742
28660340,72182655
28760475,72206568
28860625,72230481
28960775,72254394
29060927,72329697
29161061,72353610
29261195,72377523
29361345,72401436
29461495,72425349
29561646,72500652
29661783,72524565
29761919,72548478
29862069,72572391
29962219,72596304
30062370,72671607
30162508,72695520
30262644,72719433
30362794,72743346
30462944,72767259
CPU3
TS,0
108671,62403803
208821,62427716
308971,62451629
409121,62475542
509269,62551214
609411,62575127
709552,62599040
809702,62622953
909852,62646866
1010001,62722169
1110141,62746082
1210282,62769995
1310432,62793908
1410582,62817821
1510733,62893124
1610876,62917037
1711015,62940950
1811165,62964863
1911315,62988776
2011464,63064079
2111605,63087992
2211744,63111905
2311894,63135818
2412044,63159731
2512193,63235034
2612332,63258947
2712475,63282860
2812625,63306773
2912775,63330686
3012923,63405989
3113064,63429902
3213207,63453815
3313357,63477728
3413507,63501641
3513656,63576944
3613798,63600857
3713939,63624770
3814089,63648683
3914239,63672596
4014388,63747899
4114531,63771812
4214673,63795725
4314823,63819638
4414973,63843551
4515123,63918854
4615262,63942767
4715396,63966680
4815546,63990593
4915696,64014506
5015844,64089809
5115985,64113722
5216124,64137635
5316274,64161548
5416424,64185461
5516574,64260764
5616718,64284677
5716856,64308590
5817007,64332503
5917157,64356416
6017306,64431719
6117445,64455632
6217582,64479545
6317732,64503458
6417882,64527371
6518031,64602674
6618171,64626587
6718307,64650500
6818457,64674413
6918607,64698326
7018757,64773629
7118895,64797542
7219033,64821455
7319183,64845368
7419333,64869281
7519482,64949452
7619623,64973365
7719759,64997278
7819909,65021191
7920059,65045104
8020206,65125359
8120347,65149272
8220485,65173185
8320635,65197098
8420785,65221011
8520936,65296314
8621077,65320227
8721211,65344140
8821361,65368053
8921512,65391966
9021661,65467269
9121802,65491182
9221938,65515095
9322088,65539008
9422238,65562921
9522388,65638224
9622527,65662137
9722662,65686050
9822812,65709963
9922962,65733876
10023111,65809179
10123253,65833092
10223388,65857005
10323538,65880918
10423688,65904831
10523837,65980134
10623975,66004047
10724109,66027960
10824259,66051873
10924409,66075786
11024559,66151089
11124698,66175002
11224832,66198915
11324982,66222828
11425133,66246741
11525283,66322044
11625423,66345957
11725558,66369870
11825708,66393783
11925858,66417696
12026008,66492999
12126147,66516912
12226279,66540825
12326429,66564738
12426579,66588651
12526728,66663954
12626866,66687867
12726999,66711780
12827149,66735693
12927299,66759606
13027449,66834909
13127586,66858822
13227721,66882735
13327871,66906648
13428021,66930561
13528171,67005864
13628309,67029777
13728444,67053690
13828594,67077603
13928744,67101516
14028893,67176819
14129033,67200732
14229169,67224645
14329319,67248558
14429469,67272471
14529617,67347774
14629756,67371687
14729892,67395600
14830042,67419513
14930192,67443426
15030341,67518729
15130480,67542642
15230614,67566555
15330764,67590468
15430914,67614381
15531064,67689684
15631204,67713597
15731339,67737510
15831489,67761423
15931639,67785336
16031789,67860639
16131927,67884552
16232062,67908465
16332212,67932378
16432362,67956291
16532512,68031594
16632653,68055507
16732788,68079420
16832938,68103333
16933089,68127246
17033238,68202549
17133376,68226462
17233511,68250375
17333661,68274288
17433811,68298201
17533960,68377876
17634097,68401789
17734234,68425702
17834384,68449615
17934534,68473528
18034683,68553451
18134819,68577364
18234954,68601277
18335104,68625190
18435254,68649103
18535403,68724406
18635543,68748319
18735679,68772232
18835829,68796145
18935979,68820058
19036129,68895361
19136269,68919274
19236404,68943187
19336554,68967100
19436704,68991013
19536853,69066316
19636992,69090229
19737127,69114142
19837277,69138055
19937427,69161968
20037576,69237271
20137716,69261184
20237850,69285097
20338000,69309010
20438150,69332923
20538299,69408226
20638437,69432139
20738572,69456052
20838722,69479965
20938872,69503878
21039022,69579181
21139159,69603094
21239295,69627007
21339445,69650920
21439595,69674833
21539745,69750136
21639882,69774049
21740020,69797962
21840170,69821875
21940320,69845788
22040469,69921091
22140605,69945004
22240738,69968917
22340888,69992830
22441038,70016743
22541187,70092046
22641326,70115959
22741459,70139872
22841609,70163785
22941759,70187698
23041908,70263001
23142047,70286914
23242180,70310827
23342330,70334740
23442480,70358653
23542631,70433956
23642770,70457869
23742904,70481782
23843054,70505695
23943204,70529608
24043354,70604911
24143492,70628824
24243629,70652737
24343779,70676650
24443929,70700563
24544077,70775866
24644212,70799779
24744349,70823692
24844499,70847605
24944649,70871518
25044799,70946821
25144936,70970734
25245071,70994647
25345221,71018560
25445371,71042473
25545520,71117776
25645657,71141689
25745792,71165602
25845942,71189515
25946092,71213428
26046241,71288731
26146378,71312644
26246511,71336557
26346661,71360470
26446811,71384383
26546961,71459686
26647099,71483599
26747234,71507512
26847384,71531425
26947534,71555338
27047684,71630641
27147823,71654554
27247960,71678467
27348110,71702380
27448260,71726293
27548410,71805428
27648549,71829341
27748684,71853254
27848834,71877167
27948984,71901080
28049134,71982031
28149274,72005944
28249409,72029857
28349559,72053770
28449709,72077683
28549859,72152986
28649996,72176899
28750132,72200812
28850282,72224725
28950432,72248638
29050581,72323941
29150719,72347854
29250854,72371767
29351004,72395680
29451154,72419593
29551305,72494896
29651443,72518809
29751579,72542722
29851729,72566635
29951879,72590548
30052029,72665851
30152169,72689764
30252304,72713677
30352454,72737590
30452604,72761503
end_data


*** The last thread under control of EPOS has finished.
*** EPOS is shutting down!
