
U-Boot SPL 2026.04-rc3 (Feb 24 2026 - 11:18:36 -0300)
DDR version: dc2e84f0.
Trying to boot from SPI










This is EPOS!

Setting up this machine as follows: 
  Mode:         library
  Processor:    4 x RV64 at 600 MHz (BUS clock = 33 MHz)
  Machine:      VisionFive2
  Memory:       131072 KB [0x0000000040000000:0x0000000047ffffff]
  User memory:  130551 KB [0x0000000040000000:0x0000000047f7dfff]
  I/O space:    524288 KB [0x0000000000000000:0x000000001fffffff]
  Node Id:      will get from the network!
  Position:     will get from the network!

<0>: Monitor::init: system event 0 at 10 Hz created :<0>
<0>: Monitor::init: system event 1 at 10 Hz created :<0>
<0>: Monitor::init: system event 2 at 10 Hz created :<0>
<0>: Monitor::init: system event 3 at 10 Hz created :<0>
<0>: Monitor::init: system event 4 at 10 Hz created :<0>
Stress feature test
Running experiments with the following configurations:
>  Measure time: true
>  Test duration: 10
>  Selected taskset: 1
CPU Clock: clk_mux_sel: 1
pll0_fbdiv: 125
saif_syscfg_32: 1163220309
pll0_frac: 5592405
pll0_postdiv1: 0
pll0_postdiv2: 1
pll0_prediv: 3
clk_cpu_div: 1
1002666666Hz
PMIC Voltage: 990mV
Taskset initialization...
Done.
Creating threads...
>  Thread[0]: period = 500000, deadline = 500000, wcet = 100000, activation = 10
000, times = 20, cpu = 1
>  Thread[1]: period = 500000, deadline = 500000, wcet = 100000, activation = 10
000, times = 20, cpu = 1
>  Thread[2]: period = 500000, deadline = 500000, wcet = 100000, activation = 10
000, times = 20, cpu = 2
>  Thread[3]: period = 500000, deadline = 500000, wcet = 100000, activation = 10
000, times = 20, cpu = 2
>  Thread[4]: period = 500000, deadline = 500000, wcet = 100000, activation = 10
000, times = 20, cpu = 3
>  Thread[5]: period = 500000, deadline = 500000, wcet = 100000, activation = 10
000, times = 20, cpu = 3
Done
Current time: 9095559
>  Iteration [0]...
>  Iteration [1]...
>  Iteration [2]...
>  Iteration [3]...
>  Iteration [4]...
>  Iteration [5]...
>  Iteration [6]...
>  Iteration [7]...
>  Iteration [8]...
>  Iteration [9]...
Returned to application main!
Elapsed: 10967569
Threads: 6
-----------------------------------------------------
...............Threads Timing Behavior...............
-----------------------------------------------------
Task [0]: 0x0000000047c71b10
>   Counted iterations: 20
>   Execution time: 1910180 us
>   Job WCET: 102619 us
>   Iteration WCET: 1026 us
>   Average job runtime: 95509 us
>   Agerage iteration runtime: 955 us
>   Iterations per job: 100
Task [1]: 0x0000000047c51890
>   Counted iterations: 16
>   Execution time: 10264898 us
>   Job WCET: 731365 us
>   Iteration WCET: 731365 us
>   Average job runtime: 513244 us
>   Agerage iteration runtime: 513244 us
>   Iterations per job: 1
Task [2]: 0x0000000047c31610
>   Counted iterations: 20
>   Execution time: 10292562 us
>   Job WCET: 593441 us
>   Iteration WCET: 593441 us
>   Average job runtime: 514628 us
>   Agerage iteration runtime: 514628 us
>   Iterations per job: 1
Task [3]: 0x0000000047c11390
>   Counted iterations: 20
>   Execution time: 607 us
>   Job WCET: 30 us
>   Iteration WCET: 1 us
>   Average job runtime: 30 us
>   Agerage iteration runtime: 1 us
>   Iterations per job: 25
Task [4]: 0x0000000047bf1110
>   Counted iterations: 20
>   Execution time: 606 us
>   Job WCET: 30 us
>   Iteration WCET: 1 us
>   Average job runtime: 30 us
>   Agerage iteration runtime: 1 us
>   Iterations per job: 25
Task [5]: 0x0000000047bd0e90
>   Counted iterations: 20
>   Execution time: 10358329 us
>   Job WCET: 592152 us
>   Iteration WCET: 592152 us
>   Average job runtime: 517916 us
>   Agerage iteration runtime: 517916 us
>   Iterations per job: 1
Taskset deallocation...
>  Deleting thread 0x0000000047c71b10
>  Deleting thread 0x0000000047c51890
>  Deleting thread 0x0000000047c31610
>  Deleting thread 0x0000000047c11390
>  Deleting thread 0x0000000047bf1110
>  Deleting thread 0x0000000047bd0e90
Done.
FINAL_TS<11089205>
begin_data
CPU0
TS,0
102685,705
202835,805
302985,905
403135,1005
503291,1105
603411,1205
703509,1305
803605,1405
903728,1505
1003856,1605
1104971,1706
1205102,1806
1305194,1906
1405284,2006
1505375,2106
1605493,2206
1705623,2306
1805730,2406
1905839,2506
2005938,2606
2107058,2707
2207182,2807
2307290,2907
2407393,3007
2507495,3107
2607630,3207
2707747,3307
2807861,3407
2907967,3507
3008069,3607
3109193,3708
3209316,3808
3309420,3908
3409537,4008
3509620,4108
3609736,4208
3709860,4308
3809975,4408
3910092,4508
4010191,4608
4111307,4709
4211440,4809
4311548,4909
4411660,5009
4511762,5109
4611887,5209
4712021,5309
4812132,5409
4912241,5509
5012361,5609
5113486,5710
5213603,5810
5313719,5910
5413829,6010
5513925,6110
5614045,6210
5714181,6310
5814290,6410
5914377,6510
6014485,6610
6115604,6711
6215727,6811
6315825,6911
6415933,7011
6516037,7111
6616162,7211
6716284,7311
6816394,7411
6916503,7511
7016614,7611
7117733,7712
7217853,7812
7317949,7912
7418053,8012
7518160,8112
7618288,8212
7718415,8312
7818519,8412
7918619,8512
8018710,8612
8119848,8713
8219970,8813
8320079,8913
8420183,9013
8520293,9113
8620422,9213
8720544,9313
8820645,9413
8920761,9513
9020875,9613
9122009,9714
9222132,9814
9322248,9914
9422370,10014
9522491,10114
9622619,10214
9722745,10314
9822849,10414
9922964,10514
10023067,10614
10123191,10714
10223319,10814
10323417,10914
10423530,11014
10523619,11114
TS,1
102685,0
202835,0
302985,0
403135,0
503292,0
603412,0
703510,0
803606,0
903728,0
1003857,0
1104972,0
1205102,0
1305195,0
1405285,0
1505376,0
1605494,0
1705623,0
1805731,0
1905839,0
2005939,0
2107059,0
2207183,0
2307291,0
2407394,0
2507496,0
2607631,0
2707748,0
2807862,0
2907968,0
3008070,0
3109194,0
3209316,0
3309420,0
3409538,0
3509621,0
3609737,0
3709861,0
3809976,0
3910093,0
4010192,0
4111308,0
4211441,0
4311548,0
4411661,0
4511763,0
4611888,0
4712022,0
4812133,0
4912242,0
5012362,0
5113487,0
5213604,0
5313720,0
5413830,0
5513926,0
5614046,0
5714182,0
5814291,0
5914377,0
6014486,0
6115605,0
6215727,0
6315825,0
6415934,0
6516038,0
6616163,0
6716285,0
6816395,0
6916504,0
7016615,0
7117734,0
7217855,0
7317950,0
7418054,0
7518161,0
7618289,0
7718416,0
7818520,0
7918620,0
8018711,0
8119849,0
8219971,0
8320079,0
8420184,0
8520293,0
8620423,0
8720545,0
8820645,0
8920762,0
9020876,0
9122010,0
9222133,0
9322249,0
9422371,0
9522492,0
9622620,0
9722746,0
9822850,0
9922965,0
10023067,0
10123192,0
10223320,0
10323418,0
10423531,0
10523620,0
TS,2
102686,0
202835,0
302985,0
403135,0
503293,0
603413,0
703511,0
803607,0
903729,0
1003858,0
1104972,0
1205103,0
1305195,0
1405286,0
1505377,0
1605496,0
1705624,0
1805732,0
1905840,0
2005940,0
2107060,0
2207184,0
2307291,0
2407394,0
2507496,0
2607632,0
2707749,0
2807863,0
2907969,0
3008071,0
3109195,0
3209318,0
3309421,0
3409539,0
3509622,0
3609738,0
3709862,0
3809977,0
3910093,0
4010193,0
4111309,0
4211442,0
4311549,0
4411662,0
4511764,0
4611889,0
4712023,0
4812134,0
4912243,0
5012363,0
5113488,0
5213605,0
5313722,0
5413831,0
5513927,0
5614047,0
5714182,0
5814292,0
5914378,0
6014487,0
6115606,0
6215728,0
6315826,0
6415935,0
6516038,0
6616164,0
6716286,0
6816396,0
6916505,0
7016616,0
7117735,0
7217856,0
7317951,0
7418054,0
7518162,0
7618290,0
7718417,0
7818521,0
7918620,0
8018712,0
8119850,0
8219972,0
8320081,0
8420185,0
8520294,0
8620424,0
8720546,0
8820647,0
8920762,0
9020876,0
9122011,0
9222134,0
9322250,0
9422372,0
9522492,0
9622621,0
9722747,0
9822851,0
9922966,0
10023068,0
10123193,0
10223320,0
10323419,0
10423532,0
10523621,0
TS,3
102686,4611686018427387903
202836,4611686018427387903
302985,4611686018427387903
403136,4611686018427387903
503294,4611686018427387903
603413,4611686018427387903
703511,4611686018427387903
803608,4611686018427387903
903730,4611686018427387903
1003859,4611686018427387903
1104973,4611686018427387903
1205104,4611686018427387903
1305196,4611686018427387903
1405287,4611686018427387903
1505378,4611686018427387903
1605496,4611686018427387903
1705625,4611686018427387903
1805733,4611686018427387903
1905841,4611686018427387903
2005941,4611686018427387903
2107061,4611686018427387903
2207185,4611686018427387903
2307292,4611686018427387903
2407395,4611686018427387903
2507497,4611686018427387903
2607633,4611686018427387903
2707750,4611686018427387903
2807863,4611686018427387903
2907970,4611686018427387903
3008072,4611686018427387903
3109196,4611686018427387903
3209318,4611686018427387903
3309422,4611686018427387903
3409540,4611686018427387903
3509622,4611686018427387903
3609739,4611686018427387903
3709863,4611686018427387903
3809978,4611686018427387903
3910094,4611686018427387903
4010193,4611686018427387903
4111310,4611686018427387903
4211443,4611686018427387903
4311550,4611686018427387903
4411663,4611686018427387903
4511764,4611686018427387903
4611890,4611686018427387903
4712024,4611686018427387903
4812134,4611686018427387903
4912244,4611686018427387903
5012364,4611686018427387903
5113489,4611686018427387903
5213606,4611686018427387903
5313723,4611686018427387903
5413831,4611686018427387903
5513927,4611686018427387903
5614048,4611686018427387903
5714183,4611686018427387903
5814293,4611686018427387903
5914379,4611686018427387903
6014488,4611686018427387903
6115607,4611686018427387903
6215730,4611686018427387903
6315827,4611686018427387903
6415936,4611686018427387903
6516039,4611686018427387903
6616165,4611686018427387903
6716287,4611686018427387903
6816397,4611686018427387903
6916506,4611686018427387903
7016617,4611686018427387903
7117736,4611686018427387903
7217856,4611686018427387903
7317952,4611686018427387903
7418055,4611686018427387903
7518162,4611686018427387903
7618291,4611686018427387903
7718418,4611686018427387903
7818522,4611686018427387903
7918621,4611686018427387903
8018713,4611686018427387903
8119851,4611686018427387903
8219972,4611686018427387903
8320081,4611686018427387903
8420186,4611686018427387903
8520295,4611686018427387903
8620425,4611686018427387903
8720546,4611686018427387903
8820647,4611686018427387903
8920763,4611686018427387903
9020877,4611686018427387903
9122012,4611686018427387903
9222134,4611686018427387903
9322250,4611686018427387903
9422373,4611686018427387903
9522493,4611686018427387903
9622622,4611686018427387903
9722747,4611686018427387903
9822852,4611686018427387903
9922967,4611686018427387903
10023069,4611686018427387903
10123194,4611686018427387903
10223321,4611686018427387903
10323419,4611686018427387903
10423533,4611686018427387903
10523622,4611686018427387903
TS,4
102686,1207149584
202836,1207149584
302986,1207149584
403136,1207149584
503295,1207149584
603414,1207149584
703512,1207149584
803609,1207149584
903731,1207149584
1003860,1207149584
1104974,1207149584
1205105,1207149584
1305197,1207149584
1405288,1207149584
1505379,1207149584
1605498,1207149584
1705626,1207149584
1805734,1207149584
1905842,1207149584
2005942,1207149584
2107061,1207149584
2207186,1207149584
2307294,1207149584
2407396,1207149584
2507498,1207149584
2607634,1207149584
2707751,1207149584
2807864,1207149584
2907970,1207149584
3008072,1207149584
3109197,1207149584
3209320,1207149584
3309423,1207149584
3409541,1207149584
3509624,1207149584
3609740,1207149584
3709863,1207149584
3809979,1207149584
3910095,1207149584
4010194,1207149584
4111311,1207149584
4211444,1207149584
4311551,1207149584
4411664,1207149584
4511765,1207149584
4611891,1207149584
4712025,1207149584
4812135,1207149584
4912245,1207149584
5012365,1207149584
5113490,1207149584
5213607,1207149584
5313723,1207149584
5413832,1207149584
5513928,1207149584
5614049,1207149584
5714185,1207149584
5814294,1207149584
5914380,1207149584
6014489,1207149584
6115608,1207149584
6215732,1207149584
6315829,1207149584
6415936,1207149584
6516040,1207149584
6616166,1207149584
6716288,1207149584
6816398,1207149584
6916506,1207149584
7016618,1207149584
7117737,1207149584
7217857,1207149584
7317953,1207149584
7418056,1207149584
7518163,1207149584
7618293,1207149584
7718419,1207149584
7818523,1207149584
7918622,1207149584
8018714,1207149584
8119852,1207149584
8219973,1207149584
8320083,1207149584
8420187,1207149584
8520296,1207149584
8620426,1207149584
8720548,1207149584
8820648,1207149584
8920764,1207149584
9020878,1207149584
9122013,1207149584
9222135,1207149584
9322251,1207149584
9422374,1207149584
9522494,1207149584
9622623,1207149584
9722748,1207149584
9822853,1207149584
9922968,1207149584
10023070,1207149584
10123196,1207149584
10223322,1207149584
10323421,1207149584
10423534,1207149584
10523622,1207149584
TS,5
102687,8219049223
202836,8219082471
302986,8219115718
403136,8219148966
503296,8219184373
603415,8219217621
703513,8219250868
803610,8219284116
903732,8219317364
1003861,8219351984
1104975,8219403062
1205106,8219436310
1305198,8219469557
1405288,8219502805
1505380,8219537685
1605498,8219571196
1705627,8219604443
1805735,8219637691
1905843,8219670939
2005943,8219705839
2107062,8219756908
2207187,8219790156
2307295,8219823403
2407397,8219856651
2507499,8219891531
2607635,8219925042
2707752,8219958289
2807865,8219991537
2907971,8220024785
3008073,8220059685
3109198,8220110739
3209320,8220143987
3309423,8220177234
3409542,8220210853
3509624,8220245362
3609740,8220278873
3709864,8220312120
3809979,8220345368
3910096,8220378991
4010195,8220413516
4111312,8220464582
4211445,8220497830
4311552,8220531077
4411664,8220564696
4511766,8220602509
4611892,8220636020
4712026,8220669267
4812136,8220705639
4912245,8220739262
5012366,8220773787
5113490,8220828269
5213607,8220861517
5313724,8220894764
5413833,8220928383
5513929,8220962892
5614050,8220996403
5714186,8221029650
5814294,8221062898
5914381,8221096521
6014490,8221131046
6115608,8221182115
6215732,8221215363
6315829,8221248610
6415937,8221282229
6516041,8221316738
6616167,8221350249
6716289,8221383496
6816399,8221416744
6916507,8221450367
7016618,8221484892
7117738,8221535970
7217858,8221569218
7317954,8221602465
7418057,8221636084
7518164,8221670593
7618294,8221704104
7718420,8221737351
7818523,8221770599
7918623,8221804222
8018714,8221838747
8119853,8221889810
8219974,8221923058
8320083,8221956305
8420188,8221989924
8520297,8222024433
8620427,8222057944
8720549,8222091191
8820649,8222124439
8920765,8222158062
9020879,8222195451
9122014,8222246541
9222136,8222279789
9322252,8222313036
9422374,8222346655
9522495,8222384600
9622623,8222418111
9722749,8222451358
9822854,8222484606
9922969,8222518229
10023071,8222552754
10123197,8222587847
10223323,8222621094
10323421,8222654342
10423535,8222691558
10523623,8222725835
CPU1
TS,0
101827,124015162
201977,124039074
302127,124062987
402277,124086900
511443,130912356
613574,143338336
713702,156733969
813826,170020088
913959,188111912
1023079,207320087
1123216,218535180
1229361,237188085
1329484,250315205
1429605,259401060
1533736,277005975
1633878,288122409
1736021,306100383
1836158,324796457
1936281,342196162
2044422,356229729
2144567,367933412
2246713,387312634
2346839,404534769
2446969,419632168
2555109,439735735
2655254,452631071
2757386,465163167
2857518,485308578
2965656,503131537
3065785,519246670
3167930,530831997
3268069,545999580
3368199,566550237
3476325,577513742
3576450,591580095
3677592,603956135
3777722,619676548
3877856,636615531
3986997,650929288
4087122,660673105
4192272,677266497
4292401,697453214
4392531,712614618
4497661,726377300
4597794,740566668
4700940,755804616
4801069,774339398
4901200,787813505
5008350,799850301
5108487,810930624
5217640,827065464
5317777,845385876
5417911,868567408
5518031,880590245
5618163,895305407
5718305,912491038
5818440,928767294
5918570,940718751
6018695,953664749
6118830,965814237
6218966,977059211
6319097,988701107
6419230,1005368162
6519356,1018617536
6619495,1033385086
6723633,1044641024
6823765,1063746933
6923895,1077277167
7030028,1093514721
7130167,1107086145
7233298,1125699879
7333419,1143765871
7433537,1162279362
7540674,1183458726
7640820,1197602465
7743958,1216759370
7844089,1229246675
7944219,1244514796
8051355,1258121382
8151496,1273167335
8256639,1289355625
8356772,1302629374
8456897,1320229385
8562029,1333794235
8662173,1346496755
8765300,1360266322
8865431,1378649427
8972580,1392402935
9072710,1413036232
9178861,1425868136
9278989,1443743617
9379129,1465185185
9483282,1476442548
9583417,1490822291
9683563,1502947569
9783695,1517327133
9883827,1535860522
9983947,1551942935
10084082,1565972378
10184224,1578968503
10284353,1595018753
10384488,1610967904
10493626,1623272059
CPU2
TS,0
100797,97674944
200947,97698856
301097,97722769
401247,97746682
510421,110307842
610555,126153363
710682,143021169
810807,157482782
916948,180925334
1021091,186553516
1121237,203366497
1221374,222412149
1321496,233776814
1426623,242980392
1526751,259971567
1626909,272449738
1727056,289724807
1827185,305880924
1927311,324332470
2027434,335963430
2127594,348547669
2227735,365868131
2327861,379104360
2427989,392100019
2528115,404329104
2628268,427526763
2728412,440623525
2828542,457299348
2928668,471543136
3028797,488368289
3128945,507367447
3229084,520589633
3329208,535129524
3429338,551258993
3529460,563118315
3629607,580230405
3729745,596916197
3829870,617370579
3930002,632024114
4030124,645489577
4130273,661787333
4230410,686067096
4330534,701009321
4430657,715989020
4530788,728514865
4630935,747143781
4731073,769623736
4831203,785323989
4940350,797109200
5040497,808724061
5140661,820429641
5240793,838001429
5340924,857590709
5441053,876624057
5541178,887675149
5641332,906846555
5741478,926001587
5841603,941034873
5941731,951338479
6041859,963779027
6142015,982504684
6242146,998170019
6342275,1018085675
6442406,1032320671
6542536,1045457543
6642698,1060928549
6742837,1073266537
6842965,1095260723
6943098,1108022633
7043228,1122436332
7143388,1133946648
7243518,1152527565
7343641,1173500654
7443761,1192607217
7543890,1210204363
7644051,1230255100
7744182,1249799621
7844310,1263632877
7944431,1277497330
8044562,1288592642
8144719,1312120665
8244853,1329304025
8344976,1342722137
8445102,1360586955
8545227,1372740011
8645379,1393314708
8745513,1408203730
8845641,1424933357
8945779,1439199244
9045914,1454367168
9146075,1479213388
9246211,1499112330
9346342,1523220123
9455497,1535544296
9555639,1546650983
9655798,1568900934
9755932,1585090981
9856067,1603445561
9956194,1619898381
10056317,1633171784
10156479,1653693030
10256610,1670564070
10356741,1686076233
10456868,1701277909
10557000,1712813179
CPU3
TS,0
108845,97671679
208995,97695591
309145,97719504
409295,97743417
518467,102343604
618598,116200562
718725,129866301
818852,142076521
918983,160371323
1020098,178128523
1120244,194859780
1220385,214116278
1320502,226220595
1420629,234535483
1520753,250157834
1620901,262062401
1721056,278496421
1821183,295187415
1921304,312076559
2021429,324231158
2121585,335945625
2221727,352439663
2321853,367705420
2421982,379975372
2522104,392196803
2622253,415568548
2722394,430607147
2822521,449434124
2922646,463918546
3022774,479997437
3122921,499265208
3223063,513399488
3323183,527875458
3423312,545972115
3523430,557078680
3623573,573329375
3723711,589410747
3823831,606781174
3923959,620937783
4024088,632728197
4124232,648350503
4224376,672287744
4324495,686721430
4424617,701289269
4524747,712563509
4624892,729966015
4725029,752838768
4825158,771315223
4925290,781442960
5034456,794121524
5134614,805842170
5234751,821030688
5334881,839150670
5435008,859494169
5535128,871558026
5635275,890025691
5735417,910230764
5835543,926962705
5935667,938066294
6035794,952625410
6135940,970742035
6236072,983879999
6336199,999141628
6436329,1013415836
6536458,1026360768
6636620,1041478011
6736764,1053195266
6836889,1071506822
6937020,1084833496
7037152,1101568809
7137310,1113161537
7237447,1131851595
7337566,1150461686
7437687,1169815199
7537815,1187820961
7637969,1207147674
7738102,1228407728
7838234,1241078749
7938360,1254312320
8038491,1264951833
8138639,1287886627
8238774,1305338305
8338902,1318621625
8439021,1339430101
8539143,1352714794
8639291,1374350226
8739427,1390746071
8839559,1403568929
8939694,1418630610
9039832,1435632146
9139983,1460248101
9240118,1478740767
9340244,1504024337
9440391,1515428167
9549547,1527722233
9649699,1550139317
9749837,1567330664
9849975,1584341210
9950104,1600209122
10050230,1612105820
10150389,1632352831
10250516,1651582099
10350649,1670829487
10450769,1684694637
10550901,1694486096
end_data


*** The last thread under control of EPOS has finished.
*** EPOS is shutting down!
