694 12 1
0.018604 1.000000 0.038365 0.000000 0.000000 0.000000 0.000000 0.000011 0.268033 0.285714 0.000150 0.028571
0.032701
0.018693 1.000000 0.038921 0.000002 0.000002 0.002900 0.000010 0.000014 0.274283 0.000000 0.000144 0.028571
0.032701
0.018660 1.000000 0.038717 0.000000 0.000000 0.000000 0.000014 0.000013 0.272910 0.000000 0.000175 0.028571
0.032701
0.018672 1.000000 0.038784 0.000002 0.000002 0.002900 0.000023 0.000021 0.274149 0.000000 0.000225 0.000000
0.032701
0.018468 1.000000 0.037511 0.000000 0.000000 0.000000 0.000012 0.000007 0.264907 0.000000 0.000113 0.000000
0.032701
0.018661 1.000000 0.038722 0.000002 0.000002 0.002900 0.000021 0.000022 0.273923 0.000000 0.000263 0.028571
0.032701
0.018689 1.000000 0.038896 0.000000 0.000000 0.000000 0.000020 0.000012 0.273559 0.000000 0.000175 0.057143
0.032701
0.018653 1.000000 0.038672 0.000002 0.000002 0.002900 0.000021 0.000021 0.273379 0.142857 0.000144 0.028571
0.032701
0.018682 1.000000 0.038852 0.000000 0.000000 0.000000 0.000014 0.000001 0.270436 0.000000 0.000050 0.028571
0.032701
0.018594 1.000000 0.038300 0.000002 0.000002 0.002900 0.000019 0.000013 0.271805 0.000000 0.000119 0.028571
0.032701
0.018652 1.000000 0.038662 0.000000 0.000000 0.000000 0.000020 0.000009 0.272793 0.000000 0.000157 0.028571
0.032701
0.018636 1.000000 0.038565 0.000002 0.000002 0.002900 0.000028 0.000020 0.272512 0.000000 0.000213 0.028571
0.032701
0.018522 1.000000 0.037848 0.000000 0.000000 0.000000 0.000011 0.000010 0.265643 0.000000 0.000163 0.028571
0.032701
0.018598 1.000000 0.038321 0.000002 0.000002 0.002900 0.000020 0.000032 0.272002 0.142857 0.000332 0.000000
0.032701
0.018644 1.000000 0.038616 0.000000 0.000000 0.000000 0.000016 0.000005 0.272311 0.142857 0.000150 0.028571
0.032701
0.018658 1.000000 0.038701 0.000002 0.000002 0.002900 0.000033 0.000021 0.273425 0.000000 0.000175 0.000000
0.032701
0.018541 1.000000 0.037966 0.000000 0.000000 0.000000 0.000003 0.000010 0.266388 0.000000 0.000119 0.028571
0.032701
0.018702 1.000000 0.038976 0.000002 0.000002 0.002900 0.000027 0.000020 0.274752 0.142857 0.000219 0.028571
0.032701
0.018641 1.000000 0.038592 0.000000 0.000000 0.000000 0.000022 0.000012 0.272303 0.000000 0.000150 0.057143
0.032701
0.018576 1.000000 0.038182 0.000002 0.000002 0.002900 0.000020 0.000016 0.271022 0.000000 0.000125 0.028571
0.032701
0.018482 1.000000 0.037595 0.000000 0.000000 0.000000 0.000017 0.000000 0.264974 0.000000 0.000069 0.028571
0.032701
0.030933 1.000000 0.115671 0.000030 0.000024 0.040313 0.036984 0.033304 0.688325 0.142857 0.116139 0.057143
0.032701
0.018653 1.000000 0.038664 0.000000 0.000000 0.000000 0.000026 0.000003 0.272223 0.000000 0.000106 0.028571
0.032701
0.036002 1.000000 0.147448 0.000036 0.000028 0.046114 0.086866 0.078782 0.994060 0.000000 0.348162 0.114286
0.032701
0.018435 1.000000 0.037299 0.000000 0.000000 0.000000 0.000012 0.000013 0.263864 0.142857 0.000175 0.057143
0.032701
0.030900 1.000000 0.115466 0.000030 0.000024 0.040313 0.037047 0.033160 0.687070 0.142857 0.115150 0.085714
0.032701
0.018593 1.000000 0.038293 0.000000 0.000000 0.000000 0.000026 0.000009 0.271478 0.000000 0.000182 0.028571
0.032701
0.036113 1.000000 0.148142 0.000036 0.000028 0.046114 0.086940 0.078296 0.993918 0.000000 0.345626 0.057143
0.032701
0.018508 1.000000 0.037763 0.000000 0.000000 0.000000 0.000014 0.000010 0.265786 0.000000 0.000182 0.000000
0.032701
0.030833 1.000000 0.115045 0.000030 0.000024 0.040313 0.037110 0.033790 0.685919 0.142857 0.116158 0.114286
0.032701
0.018611 1.000000 0.038404 0.000000 0.000000 0.000000 0.000014 0.000001 0.271114 0.142857 0.000031 0.028571
0.032701
0.035957 1.000000 0.147168 0.000040 0.000053 0.046114 0.087188 0.079878 0.995161 0.000000 0.347867 0.114286
0.032701
0.018516 1.000000 0.037809 0.000000 0.000000 0.000000 0.000011 0.000009 0.265911 0.000000 0.000138 0.028571
0.032701
0.030762 1.000000 0.114600 0.000030 0.000024 0.040313 0.036998 0.033627 0.683671 0.142857 0.114925 0.057143
0.032701
0.018569 1.000000 0.038143 0.000000 0.000000 0.000000 0.000021 0.000001 0.270775 0.142857 0.000000 0.028571
0.032701
0.036014 1.000000 0.147526 0.000039 0.000045 0.046114 0.087377 0.079293 1.000000 0.000000 0.351317 0.028571
0.032701
0.018601 1.000000 0.038344 0.000000 0.000000 0.000000 0.000018 0.000012 0.268695 0.000000 0.000194 0.000000
0.032701
0.030838 1.000000 0.115072 0.000030 0.000024 0.040313 0.036982 0.033476 0.685521 0.142857 0.115163 0.085714
0.032701
0.018552 1.000000 0.038035 0.000000 0.000000 0.000000 0.000023 0.000013 0.270415 0.142857 0.000163 0.000000
0.032701
0.035906 1.000000 0.146850 0.000037 0.000038 0.044954 0.086972 0.079493 0.993562 0.000000 0.347855 0.057143
0.032701
0.018596 1.000000 0.038312 0.000000 0.000000 0.000000 0.000013 0.000005 0.268946 0.000000 0.000063 0.028571
0.032701
0.030834 1.000000 0.115045 0.000030 0.000024 0.040313 0.037140 0.033840 0.685529 0.142857 0.114881 0.142857
0.032701
0.018673 1.000000 0.038794 0.000000 0.000000 0.000000 0.000012 0.000013 0.273245 0.000000 0.000182 0.028571
0.032701
0.035879 1.000000 0.146674 0.000035 0.000027 0.044954 0.086936 0.078559 0.990247 0.000000 0.346709 0.085714
0.032701
0.018610 1.000000 0.038400 0.000000 0.000000 0.000000 0.000018 0.000022 0.269197 0.000000 0.000282 0.028571
0.032701
0.030800 1.000000 0.114839 0.000030 0.000024 0.040313 0.037153 0.033679 0.684207 0.142857 0.114236 0.114286
0.032701
0.025076 0.333333 0.000322 0.000011 0.000008 0.012761 0.000052 0.000048 0.270591 0.000000 0.000175 0.085714
0.045822
0.043076 0.333333 0.056754 0.000047 0.000036 0.058875 0.060607 0.055182 0.940068 0.142857 0.289510 0.114286
0.045822
0.025083 0.333333 0.000344 0.000011 0.000008 0.012761 0.000040 0.000052 0.267226 0.000000 0.000125 0.085714
0.045822
0.037295 0.333333 0.038630 0.000037 0.000028 0.047274 0.025829 0.024134 0.662411 0.000000 0.103657 0.142857
0.045822
0.025139 0.333333 0.000519 0.000011 0.000008 0.012761 0.000059 0.000059 0.272136 0.142857 0.000269 0.057143
0.045822
0.043079 0.333333 0.056762 0.000047 0.000036 0.058875 0.060900 0.056150 0.940373 0.142857 0.291494 0.057143
0.045822
0.024973 0.333333 0.000000 0.000011 0.000008 0.012761 0.000058 0.000046 0.264237 0.142857 0.000150 0.057143
0.045822
0.037226 0.333333 0.038414 0.000037 0.000028 0.047274 0.025824 0.023398 0.659347 0.000000 0.101578 0.057143
0.045822
0.025156 0.333333 0.000572 0.000012 0.000009 0.013921 0.000068 0.000053 0.272751 0.142857 0.000144 0.057143
0.045822
0.043045 0.333333 0.056655 0.000047 0.000036 0.058875 0.060682 0.055661 0.939465 0.142857 0.289791 0.085714
0.045822
0.025111 0.333333 0.000430 0.000012 0.000009 0.013921 0.000072 0.000050 0.267569 0.000000 0.000119 0.085714
0.045822
0.037266 0.333333 0.038538 0.000039 0.000029 0.048434 0.026064 0.024312 0.660821 0.000000 0.103569 0.085714
0.045822
0.025218 0.333333 0.000768 0.000012 0.000009 0.013921 0.000068 0.000050 0.274095 0.142857 0.000200 0.028571
0.045822
0.043001 0.333333 0.056519 0.000047 0.000036 0.058875 0.060838 0.056111 0.938745 0.142857 0.290524 0.057143
0.045822
0.025113 0.333333 0.000439 0.000012 0.000009 0.013921 0.000053 0.000059 0.268352 0.142857 0.000225 0.057143
0.045822
0.037249 0.333333 0.038487 0.000039 0.000029 0.048434 0.025913 0.023581 0.660142 0.142857 0.101985 0.085714
0.045822
0.025052 0.333333 0.000247 0.000012 0.000009 0.013921 0.000051 0.000044 0.269879 0.000000 0.000094 0.057143
0.045822
0.042940 0.333333 0.056325 0.000047 0.000036 0.058875 0.060896 0.056123 0.934769 0.142857 0.289441 0.114286
0.045822
0.025054 0.333333 0.000253 0.000011 0.000008 0.012761 0.000042 0.000059 0.266669 0.142857 0.000250 0.057143
0.045822
0.037241 0.333333 0.038463 0.000039 0.000029 0.048434 0.025856 0.023424 0.660117 0.000000 0.102486 0.085714
0.045822
0.025115 0.333333 0.000444 0.000011 0.000008 0.012761 0.000055 0.000057 0.271742 0.142857 0.000207 0.057143
0.045822
0.042979 0.333333 0.056451 0.000047 0.000036 0.058875 0.060451 0.055362 0.938887 0.142857 0.290687 0.085714
0.045822
0.025158 0.333333 0.000578 0.000011 0.000008 0.012761 0.000057 0.000055 0.269239 0.000000 0.000307 0.057143
0.045822
0.037265 0.333333 0.038539 0.000039 0.000029 0.048434 0.025837 0.023364 0.661662 0.000000 0.103043 0.085714
0.045822
0.025146 0.333333 0.000540 0.000011 0.000008 0.012761 0.000050 0.000059 0.272814 0.142857 0.000363 0.028571
0.045822
0.043033 0.333333 0.056617 0.000047 0.000036 0.058875 0.060536 0.055185 0.940038 0.142857 0.290317 0.085714
0.045822
0.025159 0.333333 0.000584 0.000011 0.000008 0.012761 0.000056 0.000052 0.269231 0.142857 0.000119 0.057143
0.045822
0.037231 0.333333 0.038431 0.000039 0.000029 0.048434 0.025829 0.023269 0.659665 0.142857 0.102135 0.057143
0.045822
0.025137 0.333333 0.000513 0.000011 0.000008 0.012761 0.000064 0.000055 0.271617 0.142857 0.000263 0.057143
0.045822
0.042936 0.333333 0.056313 0.000047 0.000036 0.058875 0.060887 0.056015 0.934668 0.142857 0.288164 0.114286
0.045822
0.025094 0.333333 0.000380 0.000011 0.000008 0.012761 0.000058 0.000053 0.266815 0.142857 0.000188 0.028571
0.045822
0.037337 0.333333 0.038764 0.000037 0.000028 0.047274 0.026106 0.024343 0.661633 0.000000 0.103600 0.085714
0.045822
0.025228 0.333333 0.000800 0.000011 0.000008 0.012761 0.000058 0.000053 0.273789 0.142857 0.000144 0.028571
0.045822
0.042956 0.333333 0.056379 0.000047 0.000036 0.058875 0.060778 0.056033 0.936426 0.142857 0.289917 0.114286
0.045822
0.025169 0.333333 0.000614 0.000011 0.000008 0.012761 0.000061 0.000057 0.269377 0.142857 0.000225 0.000000
0.045822
0.037306 0.333333 0.038669 0.000037 0.000028 0.047274 0.026156 0.024322 0.661704 0.142857 0.103350 0.085714
0.045822
0.025220 0.333333 0.000772 0.000011 0.000008 0.012761 0.000059 0.000054 0.273617 0.142857 0.000188 0.057143
0.045822
0.043161 0.333333 0.057018 0.000047 0.000036 0.058875 0.060716 0.055174 0.942182 0.142857 0.290599 0.171429
0.045822
0.025211 0.333333 0.000746 0.000011 0.000008 0.012761 0.000056 0.000061 0.270306 0.142857 0.000244 0.000000
0.045822
0.037377 0.333333 0.038886 0.000037 0.000028 0.047274 0.025909 0.023495 0.663533 0.000000 0.103744 0.171429
0.045822
0.025189 0.333333 0.000677 0.000011 0.000008 0.012761 0.000060 0.000057 0.273144 0.000000 0.000250 0.028571
0.045822
0.043014 0.333333 0.056560 0.000047 0.000036 0.058875 0.060998 0.056340 0.937560 0.142857 0.291225 0.085714
0.045822
0.025072 0.333333 0.000310 0.000011 0.000008 0.012761 0.000070 0.000051 0.266794 0.142857 0.000188 0.028571
0.045822
0.037251 0.333333 0.038494 0.000038 0.000028 0.047274 0.025799 0.023394 0.661260 0.142857 0.102223 0.142857
0.045822
0.025098 0.333333 0.000390 0.000011 0.000008 0.012761 0.000063 0.000056 0.271265 0.142857 0.000219 0.028571
0.045822
0.043031 0.333333 0.056613 0.000047 0.000036 0.058875 0.060561 0.055335 0.937636 0.285714 0.289072 0.142857
0.045822
0.163592 1.000000 0.947359 0.999271 0.999525 0.458237 0.584096 0.635452 0.047978 1.000000 0.160625 1.000000
0.327835
0.169358 1.000000 0.983510 0.999278 0.999529 0.465197 0.925838 0.933794 0.568565 0.857143 0.778896 0.771429
0.327835
0.162647 1.000000 0.941430 0.999269 0.999524 0.457077 0.583063 0.634037 0.015182 0.000000 0.103901 0.457143
0.327835
0.168973 1.000000 0.981099 0.999277 0.999528 0.464037 0.924897 0.932919 0.548160 0.000000 0.751382 0.342857
0.327835
0.162537 1.000000 0.940744 0.999260 0.999524 0.457077 0.582348 0.633761 0.011030 0.000000 0.099600 0.514286
0.327835
0.168983 1.000000 0.981164 0.999278 0.999529 0.465197 0.925628 0.933536 0.545200 0.142857 0.748026 0.285714
0.327835
0.163788 1.000000 0.948591 0.999271 0.999525 0.458237 0.584397 0.635638 0.064424 0.000000 0.163298 0.400000
0.327835
0.169503 1.000000 0.984424 0.999278 0.999529 0.465197 0.926319 0.933867 0.569193 0.000000 0.780517 0.285714
0.327835
0.162687 1.000000 0.941678 0.999269 0.999524 0.457077 0.583126 0.634109 0.016379 0.000000 0.105228 0.514286
0.327835
0.168979 1.000000 0.981139 0.999278 0.999529 0.465197 0.924883 0.933063 0.549466 0.142857 0.752640 0.314286
0.327835
0.162592 1.000000 0.941086 0.999269 0.999524 0.457077 0.582469 0.633978 0.013570 0.142857 0.102824 0.428571
0.327835
0.168932 1.000000 0.980843 0.999277 0.999528 0.464037 0.925050 0.933049 0.545079 0.000000 0.748314 0.400000
0.327835
0.164624 1.000000 0.953834 0.999273 0.999526 0.460557 0.604579 0.653523 0.122753 0.285714 0.229900 0.285714
0.327835
0.169586 1.000000 0.984941 0.999155 0.999529 0.465197 0.925871 0.933779 0.579156 0.000000 0.790339 0.342857
0.327835
0.162671 1.000000 0.941576 0.999269 0.999524 0.457077 0.582954 0.634040 0.015810 0.142857 0.104715 0.400000
0.327835
0.168921 1.000000 0.980775 0.999277 0.999528 0.464037 0.925239 0.933122 0.544652 0.142857 0.746724 0.371429
0.327835
0.162620 1.000000 0.941263 0.999269 0.999524 0.457077 0.582941 0.634058 0.012817 0.142857 0.101910 0.400000
0.327835
0.168928 1.000000 0.980815 0.999277 0.999528 0.464037 0.925257 0.933234 0.543513 0.142857 0.746618 0.342857
0.327835
0.162568 1.000000 0.940936 0.999259 0.999524 0.457077 0.582395 0.633822 0.012189 0.000000 0.101065 0.457143
0.327835
0.171389 1.000000 0.996250 0.999283 0.999534 0.472158 0.935160 0.942438 0.636350 0.000000 0.857374 0.314286
0.327835
0.162726 1.000000 0.941922 0.999269 0.999524 0.457077 0.583291 0.634262 0.016781 0.000000 0.105503 0.400000
0.327835
0.169002 1.000000 0.981286 0.999278 0.999529 0.465197 0.925769 0.933649 0.546996 0.142857 0.751276 0.342857
0.327835
0.162606 1.000000 0.941173 0.999269 0.999524 0.457077 0.582441 0.633958 0.013206 0.000000 0.102605 0.285714
0.327835
0.168893 1.000000 0.980595 0.999277 0.999528 0.464037 0.925009 0.933442 0.545184 0.000000 0.748602 0.285714
0.327835
0.162600 1.000000 0.941138 0.999261 0.999524 0.457077 0.582561 0.633935 0.011988 0.000000 0.100533 0.342857
0.327835
0.171795 1.000000 0.998795 0.999284 0.999534 0.473318 0.975457 0.977549 0.697727 0.142857 0.927263 0.228571
0.327835
0.162718 1.000000 0.941878 0.999269 0.999524 0.457077 0.583175 0.634131 0.017827 0.000000 0.106931 0.342857
0.327835
0.168947 1.000000 0.980930 0.999277 0.999528 0.464037 0.925298 0.933173 0.547264 0.000000 0.750787 0.257143
0.327835
0.162627 1.000000 0.941307 0.999269 0.999524 0.457077 0.582595 0.633975 0.013884 0.000000 0.102642 0.314286
0.327835
0.168879 1.000000 0.980511 0.999277 0.999528 0.464037 0.924974 0.932933 0.544309 0.000000 0.747482 0.342857
0.327835
0.162601 1.000000 0.941140 0.999269 0.999524 0.457077 0.582559 0.634007 0.012315 0.000000 0.101259 0.371429
0.327835
0.168923 1.000000 0.980782 0.999277 0.999528 0.464037 0.925048 0.933175 0.543656 0.000000 0.746724 0.257143
0.327835
0.163745 1.000000 0.948320 0.999271 0.999525 0.458237 0.584274 0.635474 0.062875 0.000000 0.161745 0.342857
0.327835
0.169419 1.000000 0.983896 0.999278 0.999529 0.465197 0.926372 0.933874 0.566979 0.000000 0.777005 0.371429
0.327835
0.162684 1.000000 0.941662 0.999269 0.999524 0.457077 0.582837 0.634069 0.015831 0.142857 0.104971 0.371429
0.327835
0.168940 1.000000 0.980890 0.999277 0.999528 0.464037 0.925341 0.933209 0.544727 0.000000 0.747951 0.371429
0.327835
0.162578 1.000000 0.940999 0.999264 0.999524 0.457077 0.582293 0.633797 0.013043 0.000000 0.101491 0.371429
0.327835
0.168919 1.000000 0.980761 0.999277 0.999528 0.464037 0.925202 0.933257 0.542237 0.000000 0.744302 0.342857
0.327835
0.164617 1.000000 0.953790 0.999273 0.999526 0.460557 0.604658 0.653539 0.120467 0.142857 0.227715 0.200000
0.327835
0.169455 1.000000 0.984117 0.999171 0.999529 0.465197 0.925736 0.933894 0.574706 0.000000 0.786915 0.314286
0.327835
0.162655 1.000000 0.941481 0.999269 0.999524 0.457077 0.582919 0.633979 0.015797 0.142857 0.104546 0.314286
0.327835
0.168941 1.000000 0.980900 0.999277 0.999528 0.464037 0.925159 0.933066 0.546469 0.142857 0.748822 0.342857
0.327835
0.162604 1.000000 0.941157 0.999269 0.999524 0.457077 0.582580 0.634007 0.012959 0.000000 0.102423 0.342857
0.327835
0.168941 1.000000 0.980901 0.999277 0.999528 0.464037 0.925312 0.933295 0.543057 0.000000 0.744170 0.342857
0.327835
0.162602 1.000000 0.941152 0.999269 0.999524 0.457077 0.582456 0.633946 0.012319 0.000000 0.101315 0.342857
0.327835
0.171446 1.000000 0.996602 0.999283 0.999534 0.472158 0.935550 0.942704 0.632738 0.142857 0.851445 0.342857
0.327835
0.162680 1.000000 0.941640 0.999269 0.999524 0.457077 0.583072 0.634087 0.015965 0.142857 0.105497 0.342857
0.327835
0.169003 1.000000 0.981285 0.999278 0.999529 0.465197 0.925647 0.933456 0.548482 0.000000 0.751563 0.314286
0.327835
0.162587 1.000000 0.941057 0.999269 0.999524 0.457077 0.582422 0.633935 0.011452 0.142857 0.099506 0.314286
0.327835
0.168986 1.000000 0.981178 0.999278 0.999529 0.465197 0.925154 0.933212 0.547971 0.000000 0.751695 0.342857
0.327835
0.162562 1.000000 0.940899 0.999269 0.999524 0.457077 0.582291 0.633880 0.011980 0.000000 0.100958 0.400000
0.327835
0.171734 1.000000 0.998410 0.999284 0.999534 0.473318 0.975149 0.977443 0.695190 0.142857 0.923838 0.171429
0.327835
0.162678 1.000000 0.941622 0.999269 0.999524 0.457077 0.583096 0.634102 0.016944 0.000000 0.105841 0.371429
0.327835
0.168945 1.000000 0.980923 0.999277 0.999528 0.464037 0.925076 0.933067 0.547875 0.142857 0.750862 0.400000
0.327835
0.162616 1.000000 0.941240 0.999269 0.999524 0.457077 0.582674 0.634041 0.013064 0.000000 0.102029 0.285714
0.327835
0.168853 1.000000 0.980345 0.999277 0.999528 0.464037 0.925136 0.933173 0.538821 0.000000 0.739776 0.285714
0.327835
0.162575 1.000000 0.940983 0.999261 0.999524 0.457077 0.582368 0.633872 0.011821 0.000000 0.100483 0.400000
0.327835
0.168929 1.000000 0.980822 0.999277 0.999528 0.464037 0.925238 0.933273 0.542203 0.142857 0.744871 0.342857
0.327835
0.163710 1.000000 0.948098 0.999271 0.999525 0.458237 0.584186 0.635420 0.061393 0.142857 0.160668 0.200000
0.327835
0.169365 1.000000 0.983556 0.999278 0.999529 0.465197 0.926150 0.933836 0.567347 0.000000 0.776811 0.228571
0.327835
0.162640 1.000000 0.941387 0.999269 0.999524 0.457077 0.582756 0.633985 0.014763 0.000000 0.103362 0.285714
0.327835
0.168957 1.000000 0.980999 0.999278 0.999529 0.465197 0.925035 0.933045 0.546808 0.000000 0.749767 0.314286
0.327835
0.162564 1.000000 0.940910 0.999266 0.999524 0.457077 0.582379 0.633886 0.012394 0.000000 0.100558 0.371429
0.327835
0.168791 1.000000 0.979959 0.999277 0.999528 0.464037 0.924751 0.932820 0.540236 0.000000 0.741754 0.285714
0.327835
0.164618 1.000000 0.953791 0.999273 0.999526 0.460557 0.604469 0.653397 0.121041 0.142857 0.227790 0.257143
0.327835
0.169572 1.000000 0.984855 0.999182 0.999529 0.465197 0.927107 0.935450 0.582420 0.000000 0.791616 0.285714
0.327835
0.162642 1.000000 0.941402 0.999269 0.999524 0.457077 0.582972 0.633992 0.014265 0.000000 0.103650 0.371429
0.327835
0.168949 1.000000 0.980947 0.999277 0.999528 0.464037 0.925459 0.933248 0.544937 0.142857 0.747169 0.342857
0.327835
0.162540 1.000000 0.940761 0.999260 0.999524 0.457077 0.582373 0.633825 0.010979 0.142857 0.099600 0.314286
0.327835
0.168882 1.000000 0.980524 0.999277 0.999528 0.464037 0.925003 0.933126 0.542639 0.142857 0.745547 0.342857
0.327835
0.162586 1.000000 0.941049 0.999269 0.999524 0.457077 0.582451 0.633949 0.011494 0.000000 0.100677 0.314286
0.327835
0.171452 1.000000 0.996639 0.999283 0.999534 0.472158 0.935567 0.942691 0.633596 0.000000 0.853830 0.200000
0.327835
0.162727 1.000000 0.941936 0.999269 0.999524 0.457077 0.583362 0.634261 0.016814 0.000000 0.105284 0.342857
0.327835
0.168981 1.000000 0.981151 0.999278 0.999529 0.465197 0.925333 0.933221 0.548089 0.000000 0.755075 0.314286
0.327835
0.162575 1.000000 0.940976 0.999269 0.999524 0.457077 0.582374 0.633864 0.012193 0.000000 0.101027 0.371429
0.327835
0.168861 1.000000 0.980394 0.999277 0.999528 0.464037 0.924853 0.932767 0.544401 0.000000 0.747175 0.371429
0.327835
0.162605 1.000000 0.941167 0.999260 0.999524 0.457077 0.582531 0.633817 0.013068 0.000000 0.101935 0.314286
0.327835
0.171711 1.000000 0.998265 0.999284 0.999534 0.473318 0.975150 0.977273 0.693763 0.142857 0.924383 0.228571
0.327835
0.162737 1.000000 0.941994 0.999269 0.999524 0.457077 0.583366 0.634254 0.016869 0.000000 0.105917 0.371429
0.327835
0.169056 1.000000 0.981615 0.999278 0.999529 0.465197 0.925723 0.933484 0.551395 0.000000 0.755520 0.342857
0.327835
0.162596 1.000000 0.941109 0.999269 0.999524 0.457077 0.582493 0.633964 0.013261 0.142857 0.102367 0.314286
0.327835
0.168893 1.000000 0.980597 0.999277 0.999528 0.464037 0.925069 0.933083 0.543991 0.000000 0.745466 0.314286
0.327835
0.162600 1.000000 0.941135 0.999269 0.999524 0.457077 0.582640 0.633973 0.013340 0.000000 0.102611 0.371429
0.327835
0.168938 1.000000 0.980880 0.999277 0.999528 0.464037 0.924765 0.932808 0.550043 0.000000 0.752496 0.285714
0.327835
0.163750 1.000000 0.948347 0.999271 0.999525 0.458237 0.584349 0.635487 0.062992 0.000000 0.161989 0.342857
0.327835
0.169351 1.000000 0.983469 0.999278 0.999529 0.465197 0.926081 0.933823 0.565054 0.000000 0.774733 0.314286
0.327835
0.162664 1.000000 0.941539 0.999269 0.999524 0.457077 0.582973 0.634039 0.015194 0.000000 0.103807 0.371429
0.327835
0.168941 1.000000 0.980898 0.999277 0.999528 0.464037 0.925183 0.933108 0.545372 0.142857 0.749554 0.342857
0.327835
0.162607 1.000000 0.941180 0.999269 0.999524 0.457077 0.582846 0.634042 0.012227 0.000000 0.101165 0.371429
0.327835
0.168896 1.000000 0.980611 0.999277 0.999528 0.464037 0.924616 0.932752 0.547452 0.000000 0.749980 0.314286
0.327835
0.164654 1.000000 0.954016 0.999273 0.999526 0.460557 0.604515 0.653422 0.122263 0.142857 0.229330 0.171429
0.327835
0.169448 1.000000 0.984076 0.999160 0.999529 0.465197 0.925913 0.934507 0.574472 0.000000 0.785225 0.142857
0.327835
0.162688 1.000000 0.941686 0.999269 0.999524 0.457077 0.583173 0.634092 0.015839 0.142857 0.104909 0.285714
0.327835
0.168988 1.000000 0.981192 0.999278 0.999529 0.465197 0.925295 0.933232 0.546728 0.142857 0.751958 0.400000
0.327835
0.162612 1.000000 0.941215 0.999269 0.999524 0.457077 0.582686 0.633985 0.012587 0.000000 0.101372 0.371429
0.327835
0.168888 1.000000 0.980566 0.999277 0.999528 0.464037 0.925253 0.933157 0.542639 0.142857 0.745391 0.371429
0.327835
0.162593 1.000000 0.941094 0.999262 0.999524 0.457077 0.582506 0.633914 0.011821 0.142857 0.101115 0.342857
0.327835
0.171377 1.000000 0.996173 0.999283 0.999534 0.472158 0.935358 0.942607 0.631177 0.000000 0.852096 0.200000
0.327835
0.162682 1.000000 0.941652 0.999269 0.999524 0.457077 0.583108 0.634058 0.016710 0.000000 0.105967 0.342857
0.327835
0.168982 1.000000 0.981153 0.999278 0.999529 0.465197 0.925374 0.933291 0.549537 0.000000 0.753329 0.314286
0.327835
0.162637 1.000000 0.941366 0.999269 0.999524 0.457077 0.582723 0.634085 0.013692 0.000000 0.102761 0.400000
0.327835
0.168930 1.000000 0.980830 0.999277 0.999528 0.464037 0.925149 0.933194 0.546121 0.000000 0.749804 0.314286
0.327835
0.162615 1.000000 0.941230 0.999269 0.999524 0.457077 0.582453 0.633921 0.013926 0.000000 0.102980 0.371429
0.327835
0.171748 1.000000 0.998496 0.999284 0.999534 0.473318 0.975308 0.977316 0.693926 0.142857 0.921710 0.171429
0.327835
0.162737 1.000000 0.941996 0.999269 0.999524 0.457077 0.583303 0.634241 0.017597 0.000000 0.106392 0.342857
0.327835
0.168945 1.000000 0.980920 0.999277 0.999528 0.464037 0.925306 0.933304 0.547210 0.142857 0.751376 0.371429
0.327835
0.162622 1.000000 0.941278 0.999269 0.999524 0.457077 0.582513 0.633952 0.013884 0.000000 0.103081 0.314286
0.327835
0.168926 1.000000 0.980801 0.999277 0.999528 0.464037 0.925133 0.933155 0.545548 0.000000 0.747006 0.285714
0.327835
0.162582 1.000000 0.941027 0.999260 0.999524 0.457077 0.582416 0.633800 0.012771 0.000000 0.101516 0.400000
0.327835
0.168890 1.000000 0.980577 0.999277 0.999528 0.464037 0.925112 0.933123 0.543547 0.142857 0.746286 0.400000
0.327835
0.163755 1.000000 0.948382 0.999271 0.999525 0.458237 0.584281 0.635445 0.062887 0.000000 0.162590 0.285714
0.327835
0.169444 1.000000 0.984051 0.999278 0.999529 0.465197 0.926095 0.933880 0.568339 0.000000 0.777913 0.228571
0.327835
0.162611 1.000000 0.941208 0.999269 0.999524 0.457077 0.583069 0.634083 0.013273 0.000000 0.101228 0.342857
0.327835
0.168924 1.000000 0.980791 0.999277 0.999528 0.464037 0.925131 0.933130 0.545971 0.142857 0.748884 0.285714
0.327835
0.162602 1.000000 0.941148 0.999269 0.999524 0.457077 0.582686 0.633985 0.012264 0.000000 0.101246 0.342857
0.327835
0.168888 1.000000 0.980566 0.999277 0.999528 0.464037 0.924761 0.932721 0.546033 0.000000 0.749592 0.314286
0.327835
0.164617 1.000000 0.953784 0.999242 0.999526 0.460557 0.604678 0.653687 0.120396 0.142857 0.227358 0.228571
0.327835
0.169462 1.000000 0.984162 0.999164 0.999529 0.465197 0.925861 0.933759 0.572521 0.142857 0.783628 0.285714
0.327835
0.162688 1.000000 0.941693 0.999269 0.999524 0.457077 0.583244 0.634129 0.015542 0.000000 0.104596 0.342857
0.327835
0.168948 1.000000 0.980941 0.999278 0.999529 0.465197 0.925129 0.932940 0.547783 0.000000 0.752891 0.285714
0.327835
0.162624 1.000000 0.941290 0.999269 0.999524 0.457077 0.582591 0.633922 0.013834 0.000000 0.102730 0.342857
0.327835
0.168864 1.000000 0.980419 0.999277 0.999528 0.464037 0.924824 0.933205 0.544732 0.285714 0.748402 0.371429
0.327835
0.162611 1.000000 0.941206 0.999267 0.999524 0.457077 0.582608 0.634030 0.012101 0.000000 0.101278 0.371429
0.327835
0.171255 1.000000 0.995405 0.999283 0.999534 0.472158 0.934992 0.942243 0.631905 0.000000 0.850725 0.171429
0.327835
0.162665 1.000000 0.941550 0.999269 0.999524 0.457077 0.583092 0.634001 0.016664 0.000000 0.104934 0.314286
0.327835
0.168923 1.000000 0.980785 0.999277 0.999528 0.464037 0.925306 0.933187 0.546946 0.000000 0.750812 0.285714
0.327835
0.162596 1.000000 0.941109 0.999269 0.999524 0.457077 0.582577 0.633999 0.012298 0.000000 0.101265 0.371429
0.327835
0.168938 1.000000 0.980878 0.999278 0.999529 0.465197 0.925341 0.933156 0.544166 0.000000 0.748202 0.285714
0.327835
0.162564 1.000000 0.940909 0.999264 0.999524 0.457077 0.582461 0.633809 0.011850 0.000000 0.101165 0.342857
0.327835
0.171654 1.000000 0.997905 0.999284 0.999530 0.473318 0.973717 0.975670 0.687497 0.142857 0.918373 0.200000
0.327835
0.162745 1.000000 0.942048 0.999269 0.999520 0.457077 0.583455 0.634265 0.016877 0.000000 0.105422 0.314286
0.327835
0.168973 1.000000 0.981097 0.999278 0.999525 0.465197 0.925112 0.933084 0.548574 0.000000 0.751864 0.342857
0.327835
0.162554 1.000000 0.940848 0.999260 0.999520 0.457077 0.582446 0.633808 0.013060 0.000000 0.101904 0.342857
0.327835
0.168832 1.000000 0.980215 0.999277 0.999524 0.464037 0.924939 0.932960 0.540366 0.142857 0.743050 0.371429
0.327835
0.162577 1.000000 0.940990 0.999269 0.999520 0.457077 0.582636 0.633950 0.010611 0.000000 0.099625 0.342857
0.327835
0.168893 1.000000 0.980599 0.999277 0.999524 0.464037 0.925205 0.933189 0.542521 0.142857 0.745860 0.371429
0.327835
0.163715 1.000000 0.948133 0.999270 0.999521 0.458237 0.584175 0.635359 0.062214 0.000000 0.161733 0.342857
0.327835
0.169472 1.000000 0.984229 0.999278 0.999525 0.465197 0.926429 0.933891 0.568821 0.000000 0.778263 0.257143
0.327835
0.162632 1.000000 0.941332 0.999269 0.999520 0.457077 0.582739 0.634008 0.014521 0.000000 0.102636 0.342857
0.327835
0.168899 1.000000 0.980634 0.999277 0.999524 0.464037 0.925248 0.933176 0.542053 0.142857 0.743100 0.314286
0.327835
0.162598 1.000000 0.941126 0.999269 0.999520 0.457077 0.582527 0.633924 0.012700 0.000000 0.102298 0.342857
0.327835
0.168938 1.000000 0.980880 0.999278 0.999525 0.465197 0.925268 0.933216 0.544719 0.142857 0.747613 0.285714
0.327835
0.164515 1.000000 0.953146 0.999271 0.999522 0.459397 0.583832 0.634489 0.106930 0.000000 0.214381 0.257143
0.327835
0.171412 1.000000 0.996386 0.999282 0.999529 0.472158 0.935628 0.942683 0.633144 0.000000 0.856566 0.200000
0.327835
0.162707 1.000000 0.941813 0.999269 0.999520 0.457077 0.583275 0.634174 0.016375 0.000000 0.104777 0.371429
0.327835
0.168948 1.000000 0.980943 0.999278 0.999525 0.465197 0.925335 0.933256 0.546573 0.000000 0.748408 0.371429
0.327835
0.162620 1.000000 0.941265 0.999269 0.999520 0.457077 0.582623 0.633995 0.013876 0.000000 0.103337 0.314286
0.327835
0.168904 1.000000 0.980662 0.999277 0.999524 0.464037 0.925106 0.933010 0.543518 0.000000 0.746092 0.257143
0.327835
0.162567 1.000000 0.940934 0.999260 0.999520 0.457077 0.582516 0.633813 0.011946 0.000000 0.101096 0.285714
0.327835
0.171404 1.000000 0.996339 0.999282 0.999529 0.472158 0.935665 0.942686 0.632010 0.000000 0.852221 0.228571
0.327835
0.162689 1.000000 0.941696 0.999269 0.999520 0.457077 0.583196 0.634078 0.015998 0.000000 0.104752 0.371429
0.327835
0.168984 1.000000 0.981168 0.999278 0.999525 0.465197 0.925316 0.933122 0.548951 0.142857 0.753529 0.342857
0.327835
0.162637 1.000000 0.941372 0.999269 0.999520 0.457077 0.582735 0.634044 0.013415 0.285714 0.102417 0.342857
0.327835
0.168854 1.000000 0.980350 0.999277 0.999524 0.464037 0.924717 0.932708 0.543170 0.142857 0.746937 0.314286
0.327835
0.162612 1.000000 0.941209 0.999261 0.999520 0.457077 0.582584 0.633923 0.013235 0.000000 0.102135 0.371429
0.327835
0.171987 1.000000 0.999997 0.999284 0.999530 0.473318 0.937448 0.943508 0.654374 0.000000 0.874846 0.171429
0.327835
0.163711 1.000000 0.948104 0.999270 0.999521 0.458237 0.584589 0.635763 0.056542 0.000000 0.160637 0.342857
0.327835
0.169197 1.000000 0.982502 0.999278 0.999525 0.465197 0.925858 0.933781 0.562534 0.285714 0.768203 0.285714
0.327835
0.162672 1.000000 0.941587 0.999269 0.999520 0.457077 0.583116 0.634076 0.015412 0.000000 0.104120 0.314286
0.327835
0.168950 1.000000 0.980950 0.999278 0.999525 0.465197 0.925106 0.933010 0.548273 0.000000 0.753423 0.400000
0.327835
0.162606 1.000000 0.941174 0.999269 0.999520 0.457077 0.582546 0.633997 0.012436 0.000000 0.100915 0.314286
0.327835
0.168929 1.000000 0.980821 0.999277 0.999524 0.464037 0.925233 0.933132 0.543480 0.142857 0.746224 0.371429
0.327835
0.163743 1.000000 0.948299 0.999270 0.999521 0.458237 0.584356 0.635473 0.062971 0.000000 0.162653 0.228571
0.327835
0.169430 1.000000 0.983962 0.999278 0.999525 0.465197 0.926384 0.933881 0.564091 0.000000 0.774545 0.257143
0.327835
0.162624 1.000000 0.941290 0.999269 0.999520 0.457077 0.582617 0.633935 0.014968 0.142857 0.104007 0.257143
0.327835
0.168978 1.000000 0.981136 0.999278 0.999525 0.465197 0.925604 0.933356 0.547235 0.000000 0.750462 0.342857
0.327835
0.162607 1.000000 0.941183 0.999269 0.999520 0.457077 0.582630 0.634004 0.012909 0.000000 0.101985 0.400000
0.327835
0.168875 1.000000 0.980483 0.999277 0.999524 0.464037 0.925285 0.933196 0.540550 0.000000 0.741478 0.314286
0.327835
0.164551 1.000000 0.953377 0.999271 0.999522 0.459397 0.583806 0.634482 0.107851 0.000000 0.216234 0.171429
0.327835
0.171498 1.000000 0.996925 0.999282 0.999529 0.472158 0.936578 0.942605 0.629138 0.000000 0.851088 0.171429
0.327835
0.162714 1.000000 0.941848 0.999269 0.999520 0.457077 0.583232 0.634109 0.016639 0.000000 0.106035 0.371429
0.327835
0.168933 1.000000 0.980849 0.999277 0.999524 0.464037 0.925118 0.933093 0.545447 0.000000 0.748058 0.371429
0.327835
0.162598 1.000000 0.941126 0.999269 0.999520 0.457077 0.582514 0.633922 0.012763 0.000000 0.101741 0.342857
0.327835
0.168861 1.000000 0.980399 0.999277 0.999524 0.464037 0.924838 0.932843 0.541630 0.000000 0.744233 0.314286
0.327835
0.162568 1.000000 0.940934 0.999260 0.999520 0.457077 0.582504 0.633946 0.011352 0.000000 0.099306 0.342857
0.327835
0.171281 1.000000 0.995568 0.999282 0.999529 0.472158 0.935367 0.942465 0.630427 0.142857 0.850105 0.314286
0.327835
0.162695 1.000000 0.941731 0.999269 0.999520 0.457077 0.583279 0.634193 0.016002 0.000000 0.104239 0.400000
0.327835
0.168930 1.000000 0.980825 0.999277 0.999524 0.464037 0.924853 0.932949 0.549160 0.000000 0.753373 0.314286
0.327835
0.162607 1.000000 0.941180 0.999269 0.999520 0.457077 0.582644 0.634003 0.012800 0.142857 0.101196 0.371429
0.327835
0.168899 1.000000 0.980636 0.999277 0.999524 0.464037 0.925419 0.933234 0.542936 0.000000 0.746624 0.314286
0.327835
0.162608 1.000000 0.941184 0.999266 0.999520 0.457077 0.582396 0.633890 0.013981 0.000000 0.103287 0.400000
0.327835
0.171988 1.000000 1.000000 0.999284 0.999530 0.473318 0.937470 0.943406 0.656032 0.000000 0.877726 0.171429
0.327835
0.163743 1.000000 0.948298 0.999270 0.999521 0.458237 0.584754 0.635888 0.056985 0.000000 0.161288 0.342857
0.327835
0.169329 1.000000 0.983327 0.999278 0.999525 0.465197 0.926204 0.933849 0.564627 0.000000 0.772554 0.314286
0.327835
0.162633 1.000000 0.941348 0.999269 0.999520 0.457077 0.583036 0.634059 0.014102 0.000000 0.102761 0.342857
0.327835
0.168879 1.000000 0.980511 0.999277 0.999524 0.464037 0.925186 0.933074 0.539981 0.000000 0.741779 0.342857
0.327835
0.162624 1.000000 0.941291 0.999269 0.999520 0.457077 0.582590 0.633935 0.013662 0.142857 0.102092 0.314286
0.327835
0.168893 1.000000 0.980596 0.999277 0.999524 0.464037 0.925245 0.933150 0.540977 0.000000 0.742730 0.285714
0.327835
0.163732 1.000000 0.948237 0.999270 0.999521 0.458237 0.584108 0.635318 0.062703 0.000000 0.161820 0.342857
0.327835
0.169454 1.000000 0.984119 0.999278 0.999525 0.465197 0.926452 0.933853 0.566665 0.000000 0.777662 0.285714
0.327835
0.162682 1.000000 0.941651 0.999269 0.999520 0.457077 0.583272 0.634156 0.016027 0.000000 0.104533 0.428571
0.327835
0.168928 1.000000 0.980815 0.999277 0.999524 0.464037 0.925334 0.933312 0.546778 0.000000 0.748934 0.428571
0.327835
0.162647 1.000000 0.941432 0.999269 0.999520 0.457077 0.582829 0.634093 0.013399 0.142857 0.102392 0.400000
0.327835
0.168954 1.000000 0.980977 0.999278 0.999525 0.465197 0.925511 0.933344 0.544564 0.000000 0.746474 0.485714
0.327835
0.164561 1.000000 0.953433 0.999271 0.999522 0.459397 0.583788 0.634476 0.108693 0.000000 0.216960 0.342857
0.327835
0.171454 1.000000 0.996650 0.999282 0.999529 0.472158 0.935723 0.942635 0.632198 0.000000 0.855233 0.400000
0.327835
0.162691 1.000000 0.941705 0.999269 0.999520 0.457077 0.583282 0.634221 0.016207 0.000000 0.105497 0.457143
0.327835
0.168968 1.000000 0.981071 0.999278 0.999525 0.465197 0.925327 0.933684 0.551132 0.142857 0.755088 0.314286
0.327835
0.162563 1.000000 0.940900 0.999261 0.999520 0.457077 0.582435 0.633884 0.011482 0.000000 0.101109 0.485714
0.327835
0.168940 1.000000 0.980892 0.999277 0.999524 0.464037 0.925119 0.933119 0.546314 0.142857 0.749623 0.371429
0.327835
0.162627 1.000000 0.941306 0.999269 0.999520 0.457077 0.582461 0.633940 0.013989 0.000000 0.102793 0.457143
0.327835
0.171476 1.000000 0.996793 0.999282 0.999529 0.472158 0.935495 0.942688 0.635362 0.000000 0.856460 0.314286
0.327835
0.162746 1.000000 0.942052 0.999269 0.999520 0.457077 0.583209 0.634182 0.019150 0.000000 0.107594 0.428571
0.327835
0.168999 1.000000 0.981261 0.999278 0.999525 0.465197 0.925198 0.933056 0.551274 0.142857 0.755094 0.428571
0.327835
0.162614 1.000000 0.941222 0.999269 0.999520 0.457077 0.582572 0.634040 0.013252 0.000000 0.101685 0.457143
0.327835
0.168913 1.000000 0.980719 0.999277 0.999524 0.464037 0.925175 0.933148 0.543999 0.000000 0.747657 0.257143
0.327835
0.162625 1.000000 0.941292 0.999269 0.999520 0.457077 0.582704 0.634084 0.012813 0.142857 0.101397 0.400000
0.327835
0.171918 1.000000 0.999558 0.999282 0.999529 0.472158 0.937323 0.943351 0.654441 0.000000 0.872342 0.228571
0.327835
0.163743 1.000000 0.948301 0.999270 0.999521 0.458237 0.584613 0.635809 0.057848 0.000000 0.161614 0.428571
0.327835
0.169286 1.000000 0.983061 0.999278 0.999525 0.465197 0.926127 0.933894 0.563229 0.142857 0.769393 0.400000
0.327835
0.162651 1.000000 0.941458 0.999269 0.999520 0.457077 0.583039 0.634063 0.015324 0.000000 0.104370 0.485714
0.327835
0.168986 1.000000 0.981180 0.999278 0.999525 0.465197 0.925264 0.933193 0.549240 0.000000 0.752484 0.342857
0.327835
0.162600 1.000000 0.941133 0.999269 0.999520 0.457077 0.582450 0.633946 0.013462 0.142857 0.102642 0.400000
0.327835
0.168894 1.000000 0.980605 0.999277 0.999524 0.464037 0.925268 0.933182 0.542224 0.142857 0.744320 0.457143
0.327835
0.163740 1.000000 0.948289 0.999270 0.999521 0.458237 0.584247 0.635446 0.063331 0.000000 0.162384 0.314286
0.327835
0.169415 1.000000 0.983867 0.999278 0.999525 0.465197 0.926508 0.933904 0.566950 0.142857 0.777581 0.400000
0.327835
0.162700 1.000000 0.941770 0.999269 0.999520 0.457077 0.583274 0.634226 0.015739 0.000000 0.104151 0.485714
0.327835
0.168987 1.000000 0.981187 0.999278 0.999525 0.465197 0.925324 0.933231 0.549863 0.000000 0.752208 0.285714
0.327835
0.162586 1.000000 0.941052 0.999269 0.999520 0.457077 0.582463 0.633917 0.012524 0.000000 0.102023 0.485714
0.327835
0.168903 1.000000 0.980661 0.999277 0.999524 0.464037 0.925156 0.933170 0.543844 0.000000 0.746605 0.371429
0.327835
0.164556 1.000000 0.953404 0.999271 0.999522 0.459397 0.583809 0.634488 0.108747 0.000000 0.216409 0.314286
0.327835
0.171556 1.000000 0.997292 0.999282 0.999529 0.472158 0.936205 0.942672 0.631537 0.000000 0.855170 0.342857
0.327835
0.162694 1.000000 0.941729 0.999269 0.999520 0.457077 0.583131 0.634064 0.018187 0.000000 0.106430 0.371429
0.327835
0.168939 1.000000 0.980886 0.999278 0.999525 0.465197 0.925302 0.933135 0.547963 0.000000 0.752828 0.400000
0.327835
0.162598 1.000000 0.941121 0.999269 0.999520 0.457077 0.582778 0.634020 0.011758 0.000000 0.100871 0.371429
0.327835
0.168937 1.000000 0.980874 0.999278 0.999525 0.465197 0.925353 0.933176 0.544409 0.142857 0.747012 0.314286
0.327835
0.162584 1.000000 0.941036 0.999269 0.999520 0.457077 0.582510 0.633941 0.011842 0.000000 0.100858 0.314286
0.327835
0.171418 1.000000 0.996428 0.999282 0.999529 0.472158 0.935312 0.942556 0.633035 0.142857 0.851815 0.257143
0.327835
0.162732 1.000000 0.941969 0.999269 0.999520 0.457077 0.583271 0.634148 0.017924 0.142857 0.106987 0.342857
0.327835
0.168973 1.000000 0.981098 0.999278 0.999525 0.465197 0.925127 0.933097 0.550173 0.000000 0.753523 0.314286
0.327835
0.162607 1.000000 0.941179 0.999269 0.999520 0.457077 0.582522 0.633931 0.013918 0.000000 0.102930 0.342857
0.327835
0.168958 1.000000 0.981006 0.999278 0.999525 0.465197 0.925129 0.933027 0.547971 0.000000 0.751169 0.314286
0.327835
0.162594 1.000000 0.941099 0.999269 0.999520 0.457077 0.582560 0.633904 0.013064 0.000000 0.102123 0.314286
0.327835
0.171771 1.000000 0.998644 0.999282 0.999529 0.472158 0.936084 0.942693 0.658995 0.000000 0.880417 0.171429
0.327835
0.163728 1.000000 0.948209 0.999270 0.999521 0.458237 0.584605 0.635739 0.056977 0.000000 0.160862 0.257143
0.327835
0.169319 1.000000 0.983267 0.999278 0.999525 0.465197 0.926152 0.933740 0.565878 0.142857 0.772823 0.314286
0.327835
0.162632 1.000000 0.941339 0.999269 0.999520 0.457077 0.582687 0.633987 0.014998 0.142857 0.104289 0.314286
0.327835
0.168955 1.000000 0.980986 0.999278 0.999525 0.465197 0.925416 0.933305 0.545485 0.000000 0.747795 0.342857
0.327835
0.162566 1.000000 0.940927 0.999260 0.999520 0.457077 0.582539 0.633841 0.011712 0.000000 0.101140 0.314286
0.327835
0.168853 1.000000 0.980347 0.999277 0.999524 0.464037 0.925166 0.933012 0.539838 0.142857 0.742774 0.371429
0.327835
0.163755 1.000000 0.948381 0.999270 0.999521 0.458237 0.584328 0.635475 0.063779 0.000000 0.162960 0.257143
0.327835
0.169338 1.000000 0.983391 0.999278 0.999525 0.465197 0.926168 0.933842 0.565280 0.000000 0.775540 0.314286
0.327835
0.162651 1.000000 0.941461 0.999269 0.999520 0.457077 0.582943 0.633949 0.015144 0.000000 0.102755 0.314286
0.327835
0.168969 1.000000 0.981073 0.999278 0.999525 0.465197 0.925444 0.933372 0.546364 0.000000 0.749592 0.228571
0.327835
0.162587 1.000000 0.941054 0.999269 0.999520 0.457077 0.582545 0.633973 0.012026 0.000000 0.100896 0.371429
0.327835
0.168911 1.000000 0.980711 0.999277 0.999524 0.464037 0.925404 0.933355 0.543308 0.000000 0.744208 0.314286
0.327835
0.164559 1.000000 0.953420 0.999271 0.999522 0.459397 0.583701 0.634487 0.108308 0.000000 0.215971 0.228571
0.327835
0.171455 1.000000 0.996660 0.999282 0.999529 0.472158 0.935186 0.942434 0.637853 0.142857 0.860222 0.257143
0.327835
0.162742 1.000000 0.942032 0.999269 0.999520 0.457077 0.583302 0.634255 0.017153 0.000000 0.105679 0.400000
0.327835
0.168970 1.000000 0.981077 0.999278 0.999525 0.465197 0.924941 0.933134 0.546783 0.000000 0.749272 0.342857
0.327835
0.162593 1.000000 0.941096 0.999269 0.999520 0.457077 0.582424 0.633985 0.012737 0.000000 0.101547 0.342857
0.327835
0.168906 1.000000 0.980678 0.999277 0.999524 0.464037 0.924880 0.932984 0.546774 0.000000 0.750693 0.171429
0.327835
0.162517 1.000000 0.940611 0.999259 0.999520 0.457077 0.582335 0.633771 0.010448 0.000000 0.099775 0.400000
0.327835
0.171469 1.000000 0.996749 0.999282 0.999529 0.472158 0.935635 0.942363 0.633378 0.000000 0.852804 0.200000
0.327835
0.162695 1.000000 0.941729 0.999269 0.999520 0.457077 0.583053 0.634107 0.016601 0.000000 0.105303 0.342857
0.327835
0.168958 1.000000 0.980999 0.999278 0.999525 0.465197 0.925078 0.933174 0.549131 0.000000 0.752471 0.314286
0.327835
0.162586 1.000000 0.941049 0.999269 0.999520 0.457077 0.582456 0.633961 0.012440 0.000000 0.100570 0.400000
0.327835
0.168876 1.000000 0.980490 0.999277 0.999524 0.464037 0.924951 0.933036 0.542609 0.000000 0.746205 0.285714
0.327835
0.162596 1.000000 0.941116 0.999269 0.999520 0.457077 0.582656 0.633969 0.012164 0.000000 0.101315 0.342857
0.327835
0.171917 1.000000 0.999557 0.999284 0.999530 0.473318 0.937218 0.943372 0.651679 0.000000 0.871991 0.200000
0.327835
0.163744 1.000000 0.948310 0.999270 0.999521 0.458237 0.584739 0.635851 0.057777 0.000000 0.161244 0.314286
0.327835
0.169282 1.000000 0.983032 0.999278 0.999525 0.465197 0.925876 0.934039 0.565832 0.000000 0.771052 0.400000
0.327835
0.162646 1.000000 0.941422 0.999269 0.999520 0.457077 0.583096 0.634083 0.013947 0.000000 0.103031 0.342857
0.327835
0.168929 1.000000 0.980825 0.999278 0.999525 0.465197 0.925298 0.933108 0.546711 0.000000 0.749322 0.314286
0.327835
0.162580 1.000000 0.941010 0.999260 0.999520 0.457077 0.582572 0.633911 0.012034 0.000000 0.100940 0.371429
0.327835
0.168920 1.000000 0.980766 0.999277 0.999524 0.464037 0.924956 0.932978 0.545636 0.000000 0.749761 0.400000
0.327835
0.163745 1.000000 0.948314 0.999270 0.999521 0.458237 0.584276 0.635463 0.063197 0.142857 0.162139 0.257143
0.327835
0.169448 1.000000 0.984076 0.999278 0.999525 0.465197 0.926309 0.933872 0.570118 0.142857 0.781606 0.342857
0.327835
0.162655 1.000000 0.941482 0.999269 0.999520 0.457077 0.582922 0.634016 0.015538 0.000000 0.103988 0.371429
0.327835
0.168898 1.000000 0.980627 0.999277 0.999524 0.464037 0.925056 0.933015 0.545887 0.000000 0.748527 0.371429
0.327835
0.162598 1.000000 0.941125 0.999269 0.999520 0.457077 0.582554 0.633942 0.012771 0.000000 0.101735 0.342857
0.327835
0.168847 1.000000 0.980306 0.999277 0.999524 0.464037 0.925000 0.932972 0.541207 0.000000 0.743025 0.342857
0.327835
0.164534 1.000000 0.953265 0.999271 0.999522 0.459397 0.583813 0.634483 0.107592 0.000000 0.215633 0.228571
0.327835
0.171278 1.000000 0.995546 0.999282 0.999529 0.472158 0.935232 0.942410 0.632269 0.000000 0.853511 0.200000
0.327835
0.162687 1.000000 0.941676 0.999269 0.999520 0.457077 0.583195 0.634105 0.016404 0.142857 0.104815 0.342857
0.327835
0.168942 1.000000 0.980904 0.999278 0.999525 0.465197 0.925459 0.933245 0.545280 0.142857 0.748753 0.371429
0.327835
0.162588 1.000000 0.941058 0.999259 0.999520 0.457077 0.582400 0.633792 0.013114 0.142857 0.102736 0.314286
0.327835
0.168947 1.000000 0.980935 0.999278 0.999525 0.465197 0.925258 0.933213 0.545745 0.000000 0.748415 0.257143
0.327835
0.162602 1.000000 0.941147 0.999261 0.999520 0.457077 0.582599 0.633947 0.012926 0.000000 0.102267 0.257143
0.327835
0.171428 1.000000 0.996489 0.999282 0.999529 0.472158 0.935803 0.942574 0.630260 0.000000 0.851038 0.257143
0.327835
0.162682 1.000000 0.941648 0.999269 0.999520 0.457077 0.583191 0.634091 0.016174 0.142857 0.104934 0.285714
0.327835
0.168907 1.000000 0.980687 0.999277 0.999524 0.464037 0.924939 0.932916 0.547369 0.000000 0.750005 0.400000
0.327835
0.162643 1.000000 0.941407 0.999269 0.999520 0.457077 0.583016 0.634010 0.013658 0.000000 0.102824 0.400000
0.327835
0.168841 1.000000 0.980268 0.999277 0.999524 0.464037 0.924872 0.932868 0.541019 0.000000 0.745773 0.257143
0.327835
0.162580 1.000000 0.941012 0.999260 0.999520 0.457077 0.582494 0.633833 0.013219 0.000000 0.101966 0.285714
0.327835
0.171936 1.000000 0.999675 0.999284 0.999530 0.473318 0.936907 0.943000 0.657878 0.000000 0.879153 0.142857
0.327835
0.163710 1.000000 0.948093 0.999270 0.999521 0.458237 0.584617 0.635759 0.056148 0.000000 0.159523 0.342857
0.327835
0.169287 1.000000 0.983066 0.999278 0.999525 0.465197 0.926121 0.933874 0.563283 0.000000 0.769292 0.342857
0.327835
0.162620 1.000000 0.941264 0.999269 0.999520 0.457077 0.582854 0.633988 0.013968 0.000000 0.103024 0.400000
0.327835
0.168867 1.000000 0.980433 0.999277 0.999524 0.464037 0.925025 0.933040 0.542739 0.285714 0.745497 0.342857
0.327835
0.162592 1.000000 0.941083 0.999269 0.999520 0.457077 0.582629 0.633989 0.012482 0.000000 0.101390 0.314286
0.327835
0.168852 1.000000 0.980335 0.999277 0.999524 0.464037 0.924843 0.932819 0.543949 0.000000 0.744846 0.257143
0.327835
0.163730 1.000000 0.948220 0.999270 0.999521 0.458237 0.584007 0.635274 0.062276 0.000000 0.162440 0.314286
0.327835
0.169323 1.000000 0.983293 0.999278 0.999525 0.465197 0.925977 0.933639 0.568687 0.000000 0.778739 0.371429
0.327835
0.162675 1.000000 0.941607 0.999269 0.999520 0.457077 0.583133 0.634075 0.016094 0.000000 0.105184 0.371429
0.327835
0.169026 1.000000 0.981426 0.999278 0.999525 0.465197 0.925531 0.933516 0.548691 0.000000 0.753047 0.228571
0.327835
0.162601 1.000000 0.941140 0.999269 0.999520 0.457077 0.582716 0.634022 0.012038 0.000000 0.100520 0.314286
0.327835
0.168850 1.000000 0.980328 0.999277 0.999524 0.464037 0.925121 0.933048 0.540077 0.000000 0.741334 0.285714
0.327835
0.164533 1.000000 0.953259 0.999271 0.999522 0.459397 0.583792 0.634506 0.107617 0.000000 0.215790 0.285714
0.327835
0.171561 1.000000 0.997324 0.999282 0.999529 0.472158 0.936709 0.942760 0.631692 0.000000 0.853999 0.228571
0.327835
0.162710 1.000000 0.941826 0.999269 0.999520 0.457077 0.583254 0.634154 0.017099 0.000000 0.106305 0.342857
0.327835
0.331361 0.333333 0.960445 0.999523 0.999689 0.732019 0.953105 0.958441 0.578946 0.000000 0.788693 0.285714
0.489756
0.323319 0.333333 0.935234 0.999511 0.999680 0.718097 0.597150 0.646757 0.014906 0.000000 0.103400 0.257143
0.489756
0.331322 0.333333 0.960324 0.999524 0.999689 0.733179 0.953329 0.958407 0.575899 0.000000 0.784805 0.342857
0.489756
0.323295 0.333333 0.935158 0.999512 0.999681 0.719258 0.597050 0.646722 0.013830 0.000000 0.102016 0.285714
0.489756
0.333595 0.333333 0.967451 0.999201 0.999691 0.735499 0.957478 0.962519 0.660674 0.000000 0.887485 0.142857
0.489756
0.323403 0.333333 0.935496 0.999462 0.999681 0.719258 0.596858 0.646655 0.018058 0.000000 0.105760 0.314286
0.489756
0.331319 0.333333 0.960314 0.999497 0.999689 0.732019 0.953098 0.958544 0.578984 0.000000 0.788843 0.257143
0.489756
0.323329 0.333333 0.935265 0.999511 0.999683 0.718097 0.597073 0.646715 0.015693 0.000000 0.104145 0.257143
0.489756
0.331322 0.333333 0.960324 0.999523 0.999689 0.732019 0.953100 0.958358 0.573362 0.000000 0.783747 0.314286
0.489756
0.323259 0.333333 0.935046 0.999511 0.999680 0.718097 0.597069 0.646712 0.013935 0.142857 0.102035 0.228571
0.489756
0.333784 0.333333 0.968042 0.999131 0.999691 0.735499 0.959297 0.963979 0.674069 0.000000 0.898954 0.200000
0.489756
0.324788 0.333333 0.939841 0.999512 0.999681 0.719258 0.598396 0.648124 0.058723 0.000000 0.162008 0.285714
0.489756
0.331531 0.333333 0.960977 0.999406 0.999689 0.732019 0.953619 0.959189 0.593082 0.000000 0.804775 0.228571
0.489756
0.323364 0.333333 0.935376 0.999490 0.999680 0.718097 0.596942 0.646678 0.018137 0.000000 0.106737 0.257143
0.489756
0.331287 0.333333 0.960215 0.999523 0.999689 0.732019 0.953337 0.958588 0.574731 0.000000 0.783735 0.257143
0.489756
0.323344 0.333333 0.935313 0.999512 0.999681 0.719258 0.597055 0.646721 0.016132 0.000000 0.104489 0.285714
0.489756
0.331301 0.333333 0.960259 0.999524 0.999689 0.733179 0.953354 0.958568 0.574928 0.000000 0.783478 0.371429
0.489756
0.324790 0.333333 0.939847 0.999513 0.999681 0.720418 0.598027 0.647800 0.066454 0.000000 0.165476 0.228571
0.489756
0.331751 0.333333 0.961668 0.999364 0.999689 0.733179 0.954410 0.960014 0.604618 0.142857 0.818235 0.228571
0.489756
0.323368 0.333333 0.935390 0.999500 0.999680 0.718097 0.597084 0.646698 0.017756 0.000000 0.105967 0.285714
0.489756
0.331377 0.333333 0.960496 0.999506 0.999689 0.732019 0.952800 0.958208 0.578498 0.142857 0.788937 0.257143
0.489756
0.323302 0.333333 0.935178 0.999511 0.999680 0.718097 0.597154 0.646790 0.015873 0.000000 0.104283 0.371429
0.489756
0.331282 0.333333 0.960199 0.999523 0.999689 0.732019 0.953275 0.958581 0.572144 0.000000 0.780323 0.257143
0.489756
0.325289 0.333333 0.941409 0.999509 0.999681 0.720418 0.597028 0.646705 0.108040 0.000000 0.214719 0.171429
0.489756
0.333637 0.333333 0.967582 0.999166 0.999690 0.734339 0.957749 0.962787 0.656442 0.000000 0.883410 0.228571
0.489756
0.323378 0.333333 0.935417 0.999468 0.999680 0.718097 0.596943 0.646659 0.017693 0.000000 0.105985 0.257143
0.489756
0.331310 0.333333 0.960285 0.999496 0.999689 0.732019 0.953504 0.958828 0.576339 0.000000 0.786395 0.285714
0.489756
0.323314 0.333333 0.935218 0.999511 0.999680 0.718097 0.596992 0.646754 0.015914 0.000000 0.104258 0.314286
0.489756
0.331344 0.333333 0.960394 0.999524 0.999689 0.733179 0.953190 0.958326 0.576435 0.000000 0.785337 0.314286
0.489756
0.323306 0.333333 0.935193 0.999512 0.999681 0.719258 0.597034 0.646697 0.014960 0.142857 0.103043 0.257143
0.489756
0.333698 0.333333 0.967772 0.999208 0.999691 0.735499 0.958439 0.963534 0.657526 0.000000 0.883166 0.228571
0.489756
0.323421 0.333333 0.935553 0.999466 0.999681 0.719258 0.596830 0.646654 0.019217 0.000000 0.107237 0.285714
0.489756
0.331245 0.333333 0.960083 0.999523 0.999689 0.732019 0.952864 0.958197 0.574848 0.000000 0.783660 0.257143
0.489756
0.323283 0.333333 0.935122 0.999511 0.999680 0.718097 0.597031 0.646694 0.014696 0.000000 0.102430 0.228571
0.489756
0.331297 0.333333 0.960246 0.999523 0.999689 0.732019 0.952937 0.958223 0.574794 0.000000 0.783998 0.314286
0.489756
0.323297 0.333333 0.935166 0.999511 0.999680 0.718097 0.597186 0.646733 0.014642 0.000000 0.103469 0.314286
0.489756
0.333912 0.333333 0.968445 0.999118 0.999691 0.735499 0.959424 0.964150 0.676467 0.000000 0.900726 0.200000
0.489756
0.324811 0.333333 0.939910 0.999513 0.999681 0.720418 0.598385 0.648096 0.061058 0.000000 0.164168 0.314286
0.489756
0.331593 0.333333 0.961174 0.999394 0.999689 0.732019 0.953933 0.959265 0.596426 0.000000 0.807561 0.142857
0.489756
0.323354 0.333333 0.935343 0.999511 0.999680 0.718097 0.596957 0.646704 0.017543 0.142857 0.105247 0.257143
0.489756
0.331281 0.333333 0.960193 0.999507 0.999689 0.732019 0.953125 0.958397 0.573371 0.000000 0.781932 0.285714
0.489756
0.323329 0.333333 0.935267 0.999512 0.999681 0.719258 0.597059 0.646756 0.015257 0.000000 0.103663 0.257143
0.489756
0.331284 0.333333 0.960203 0.999524 0.999689 0.733179 0.953155 0.958266 0.571027 0.142857 0.778414 0.257143
0.489756
0.324777 0.333333 0.939806 0.999513 0.999681 0.720418 0.598108 0.647895 0.065838 0.000000 0.164907 0.228571
0.489756
0.331564 0.333333 0.961085 0.999367 0.999689 0.733179 0.954051 0.959574 0.605430 0.000000 0.820169 0.285714
0.489756
0.323327 0.333333 0.935260 0.999490 0.999680 0.718097 0.597023 0.646666 0.016019 0.000000 0.104001 0.257143
0.489756
0.331263 0.333333 0.960139 0.999523 0.999689 0.732019 0.952948 0.958176 0.573450 0.000000 0.782827 0.285714
0.489756
0.323313 0.333333 0.935216 0.999511 0.999680 0.718097 0.597115 0.646728 0.014721 0.000000 0.103143 0.371429
0.489756
0.331327 0.333333 0.960342 0.999523 0.999689 0.732019 0.953070 0.958289 0.575999 0.000000 0.784210 0.342857
0.489756
0.325343 0.333333 0.941578 0.999513 0.999681 0.720418 0.597150 0.646782 0.108701 0.142857 0.214832 0.114286
0.489756
0.333649 0.333333 0.967618 0.999113 0.999690 0.734339 0.958684 0.963713 0.657112 0.142857 0.883986 0.228571
0.489756
0.323419 0.333333 0.935546 0.999468 0.999680 0.718097 0.596980 0.646653 0.020155 0.142857 0.108515 0.200000
0.489756
0.331341 0.333333 0.960382 0.999507 0.999689 0.732019 0.953096 0.958377 0.580415 0.000000 0.789801 0.285714
0.489756
0.323320 0.333333 0.935236 0.999511 0.999680 0.718097 0.597010 0.646767 0.014805 0.000000 0.103312 0.314286
0.489756
0.331358 0.333333 0.960436 0.999523 0.999689 0.732019 0.953319 0.958640 0.575342 0.000000 0.784630 0.314286
0.489756
0.323272 0.333333 0.935085 0.999512 0.999681 0.719258 0.597102 0.646768 0.013169 0.000000 0.101553 0.314286
0.489756
0.333720 0.333333 0.967840 0.999197 0.999691 0.735499 0.957809 0.962814 0.662445 0.000000 0.887980 0.228571
0.489756
0.323371 0.333333 0.935397 0.999469 0.999681 0.719258 0.596876 0.646632 0.017647 0.000000 0.105741 0.257143
0.489756
0.331346 0.333333 0.960398 0.999514 0.999689 0.732019 0.953172 0.958491 0.576648 0.142857 0.785538 0.228571
0.489756
0.323300 0.333333 0.935174 0.999511 0.999683 0.718097 0.596951 0.646712 0.014801 0.000000 0.103644 0.257143
0.489756
0.331297 0.333333 0.960247 0.999523 0.999689 0.732019 0.952963 0.958251 0.573086 0.142857 0.780786 0.200000
0.489756
0.323278 0.333333 0.935105 0.999511 0.999680 0.718097 0.597151 0.646723 0.014688 0.142857 0.103350 0.257143
0.489756
0.333901 0.333333 0.968409 0.999118 0.999691 0.735499 0.959323 0.964156 0.680113 0.000000 0.906316 0.142857
0.489756
0.324712 0.333333 0.939602 0.999512 0.999681 0.719258 0.598051 0.647871 0.059983 0.000000 0.164725 0.285714
0.489756
0.331732 0.333333 0.961611 0.999392 0.999689 0.732019 0.954238 0.959811 0.595288 0.000000 0.806052 0.200000
0.489756
0.323335 0.333333 0.935283 0.999511 0.999680 0.718097 0.597064 0.646738 0.015341 0.142857 0.103519 0.200000
0.489756
0.331382 0.333333 0.960511 0.999503 0.999689 0.732019 0.953192 0.958612 0.578766 0.000000 0.788899 0.314286
0.489756
0.323334 0.333333 0.935283 0.999511 0.999680 0.718097 0.597065 0.646767 0.014755 0.142857 0.103431 0.285714
0.489756
0.331334 0.333333 0.960362 0.999524 0.999689 0.733179 0.953958 0.959186 0.573969 0.000000 0.783353 0.228571
0.489756
0.324817 0.333333 0.939930 0.999513 0.999681 0.720418 0.598018 0.647865 0.066525 0.000000 0.165608 0.228571
0.489756
0.331711 0.333333 0.961542 0.999367 0.999689 0.733179 0.954336 0.959891 0.605317 0.000000 0.819468 0.257143
0.489756
0.323360 0.333333 0.935365 0.999487 0.999681 0.719258 0.596982 0.646675 0.016283 0.000000 0.104220 0.342857
0.489756
0.331280 0.333333 0.960191 0.999523 0.999689 0.732019 0.952968 0.958291 0.577088 0.000000 0.785813 0.228571
0.489756
0.323292 0.333333 0.935150 0.999511 0.999680 0.718097 0.597146 0.646758 0.014772 0.000000 0.102949 0.342857
0.489756
0.331335 0.333333 0.960365 0.999523 0.999689 0.732019 0.953873 0.959210 0.574802 0.000000 0.782990 0.228571
0.489756
0.325445 0.333333 0.941902 0.999513 0.999681 0.720418 0.597121 0.646734 0.109090 0.142857 0.215226 0.114286
0.489756
0.333700 0.333333 0.967780 0.999057 0.999690 0.734339 0.957397 0.962520 0.658481 0.000000 0.885839 0.200000
0.489756
0.323453 0.333333 0.935653 0.999448 0.999680 0.718097 0.596887 0.646629 0.019778 0.000000 0.108339 0.285714
0.489756
0.331341 0.333333 0.960383 0.999523 0.999689 0.732019 0.953386 0.958544 0.577875 0.000000 0.786220 0.257143
0.489756
0.323326 0.333333 0.935256 0.999511 0.999680 0.718097 0.597103 0.646740 0.014495 0.000000 0.102117 0.285714
0.489756
0.331262 0.333333 0.960135 0.999523 0.999689 0.732019 0.952818 0.958283 0.574455 0.142857 0.782946 0.200000
0.489756
0.323273 0.333333 0.935091 0.999511 0.999680 0.718097 0.597116 0.646761 0.012683 0.000000 0.100658 0.257143
0.489756
0.333713 0.333333 0.967818 0.999205 0.999691 0.735499 0.958099 0.963113 0.659594 0.000000 0.884749 0.142857
0.489756
0.323410 0.333333 0.935521 0.999470 0.999681 0.719258 0.596879 0.646682 0.019041 0.000000 0.106743 0.314286
0.489756
0.331386 0.333333 0.960523 0.999499 0.999689 0.733179 0.953456 0.958545 0.577929 0.000000 0.786546 0.314286
0.489756
0.323341 0.333333 0.935301 0.999511 0.999680 0.718097 0.597017 0.646760 0.016576 0.000000 0.105003 0.285714
0.489756
0.331393 0.333333 0.960547 0.999523 0.999689 0.732019 0.953246 0.958566 0.576602 0.142857 0.785481 0.342857
0.489756
0.323289 0.333333 0.935141 0.999511 0.999681 0.718097 0.597078 0.646716 0.013880 0.000000 0.102436 0.314286
0.489756
0.333950 0.333333 0.968564 0.999118 0.999691 0.735499 0.959399 0.964178 0.677400 0.000000 0.904920 0.171429
0.489756
0.324807 0.333333 0.939898 0.999513 0.999681 0.720418 0.598355 0.648078 0.061841 0.000000 0.165482 0.400000
0.489756
0.331622 0.333333 0.961265 0.999394 0.999689 0.732019 0.953486 0.959069 0.595895 0.142857 0.807204 0.428571
0.489756
0.323342 0.333333 0.935306 0.999493 0.999680 0.718097 0.597155 0.646725 0.016329 0.000000 0.105190 0.428571
0.489756
0.331302 0.333333 0.960259 0.999504 0.999689 0.732019 0.953166 0.958182 0.576108 0.142857 0.785569 0.342857
0.489756
0.323314 0.333333 0.935215 0.999511 0.999680 0.718097 0.597068 0.646780 0.014253 0.000000 0.102930 0.428571
0.489756
0.331264 0.333333 0.960141 0.999523 0.999689 0.732019 0.952847 0.958189 0.571922 0.000000 0.780680 0.428571
0.489756
0.324800 0.333333 0.939878 0.999513 0.999681 0.720418 0.598112 0.647916 0.066738 0.000000 0.165626 0.314286
0.489756
0.331751 0.333333 0.961669 0.999368 0.999689 0.733179 0.954197 0.959709 0.606715 0.142857 0.820082 0.342857
0.489756
0.323360 0.333333 0.935363 0.999505 0.999681 0.719258 0.597059 0.646748 0.016819 0.142857 0.104614 0.457143
0.489756
0.331310 0.333333 0.960286 0.999523 0.999689 0.732019 0.953707 0.958836 0.570746 0.000000 0.779434 0.400000
0.489756
0.323321 0.333333 0.935241 0.999511 0.999680 0.718097 0.597033 0.646715 0.014663 0.142857 0.102661 0.371429
0.489756
0.331275 0.333333 0.960176 0.999523 0.999689 0.732019 0.953136 0.958482 0.572676 0.142857 0.781312 0.400000
0.489756
0.325350 0.333333 0.941601 0.999513 0.999681 0.720418 0.597116 0.646750 0.109367 0.000000 0.215902 0.314286
0.489756
0.333666 0.333333 0.967672 0.999175 0.999691 0.735499 0.957618 0.962681 0.658652 0.000000 0.885388 0.285714
0.489756
0.323398 0.333333 0.935482 0.999478 0.999680 0.718097 0.596995 0.646700 0.019016 0.000000 0.106981 0.428571
0.489756
0.331273 0.333333 0.960169 0.999508 0.999689 0.732019 0.953172 0.958170 0.575874 0.142857 0.784267 0.342857
0.489756
0.323350 0.333333 0.935330 0.999511 0.999680 0.718097 0.597120 0.646734 0.016551 0.142857 0.105090 0.457143
0.489756
0.331391 0.333333 0.960541 0.999523 0.999689 0.732019 0.954182 0.959590 0.571948 0.000000 0.781969 0.400000
0.489756
0.323315 0.333333 0.935222 0.999511 0.999680 0.718097 0.597029 0.646761 0.014299 0.142857 0.102718 0.371429
0.489756
0.333809 0.333333 0.968121 0.999211 0.999691 0.735499 0.958617 0.963513 0.663273 0.142857 0.888380 0.285714
0.489756
0.323427 0.333333 0.935573 0.999463 0.999681 0.719258 0.596926 0.646700 0.018602 0.000000 0.106618 0.457143
0.489756
0.331410 0.333333 0.960600 0.999488 0.999689 0.733179 0.953525 0.959023 0.579063 0.000000 0.787816 0.257143
0.489756
0.323344 0.333333 0.935312 0.999512 0.999681 0.719258 0.596999 0.646729 0.015600 0.000000 0.104051 0.400000
0.489756
0.331286 0.333333 0.960209 0.999523 0.999689 0.732019 0.953812 0.959150 0.570135 0.142857 0.779584 0.314286
0.489756
0.323308 0.333333 0.935199 0.999511 0.999680 0.718097 0.596994 0.646722 0.015454 0.000000 0.104364 0.400000
0.489756
0.333999 0.333333 0.968717 0.999105 0.999691 0.735499 0.959484 0.964235 0.676789 0.142857 0.904112 0.228571
0.489756
0.324719 0.333333 0.939622 0.999513 0.999681 0.720418 0.598186 0.647922 0.059635 0.000000 0.163454 0.400000
0.489756
0.331727 0.333333 0.961593 0.999396 0.999689 0.733179 0.953845 0.959260 0.599436 0.142857 0.810917 0.342857
0.489756
0.323391 0.333333 0.935458 0.999511 0.999680 0.718097 0.597161 0.646734 0.018627 0.142857 0.107369 0.371429
0.489756
0.331323 0.333333 0.960328 0.999523 0.999689 0.732019 0.953265 0.958482 0.578406 0.000000 0.787516 0.314286
0.489756
0.323319 0.333333 0.935232 0.999511 0.999680 0.718097 0.597033 0.646758 0.015684 0.000000 0.104783 0.400000
0.489756
0.331276 0.333333 0.960177 0.999523 0.999689 0.732019 0.953073 0.958463 0.570031 0.000000 0.778395 0.342857
0.489756
0.324777 0.333333 0.939804 0.999512 0.999681 0.719258 0.598191 0.647944 0.064930 0.000000 0.163798 0.371429
0.489756
0.331722 0.333333 0.961576 0.999366 0.999689 0.733179 0.954800 0.960371 0.605275 0.000000 0.819718 0.342857
0.489756
0.323373 0.333333 0.935404 0.999496 0.999681 0.719258 0.597070 0.646722 0.018166 0.000000 0.106374 0.314286
0.489756
0.331364 0.333333 0.960456 0.999524 0.999689 0.733179 0.953023 0.958334 0.576878 0.000000 0.786170 0.342857
0.489756
0.323328 0.333333 0.935262 0.999511 0.999680 0.718097 0.597087 0.646743 0.015161 0.000000 0.103218 0.400000
0.489756
0.331416 0.333333 0.960616 0.999523 0.999689 0.732019 0.953496 0.958645 0.577042 0.142857 0.786082 0.342857
0.489756
0.325353 0.333333 0.941613 0.999512 0.999681 0.720418 0.597016 0.646691 0.109208 0.000000 0.216297 0.257143
0.489756
0.333677 0.333333 0.967707 0.999166 0.999691 0.735499 0.958269 0.963417 0.659004 0.000000 0.886427 0.342857
0.489756
0.323353 0.333333 0.935340 0.999486 0.999680 0.718097 0.597081 0.646684 0.017279 0.142857 0.105109 0.342857
0.489756
0.331370 0.333333 0.960472 0.999515 0.999689 0.732019 0.953640 0.958781 0.577280 0.000000 0.785819 0.228571
0.489756
0.323352 0.333333 0.935338 0.999511 0.999680 0.718097 0.597138 0.646738 0.015349 0.142857 0.103694 0.400000
0.489756
0.331348 0.333333 0.960407 0.999523 0.999689 0.732019 0.953350 0.958636 0.575552 0.000000 0.784392 0.457143
0.489756
0.323287 0.333333 0.935135 0.999511 0.999680 0.718097 0.597075 0.646807 0.014202 0.000000 0.102117 0.400000
0.489756
0.333587 0.333333 0.967425 0.999197 0.999698 0.734339 0.957969 0.962919 0.659460 0.000000 0.884806 0.400000
0.489756
0.323381 0.333333 0.935429 0.999485 0.999681 0.719258 0.596984 0.646701 0.017869 0.000000 0.105691 0.457143
0.489756
0.331364 0.333333 0.960457 0.999509 0.999689 0.733179 0.953175 0.958350 0.579499 0.000000 0.788899 0.428571
0.489756
0.323354 0.333333 0.935344 0.999512 0.999681 0.719258 0.597009 0.646733 0.015835 0.000000 0.104258 0.342857
0.489756
0.331333 0.333333 0.960356 0.999524 0.999689 0.733179 0.953138 0.958554 0.575489 0.000000 0.783021 0.342857
0.489756
0.323287 0.333333 0.935133 0.999511 0.999680 0.718097 0.596993 0.646736 0.013729 0.000000 0.101923 0.428571
0.489756
0.333926 0.333333 0.968486 0.999107 0.999691 0.735499 0.959229 0.964108 0.678346 0.000000 0.905321 0.257143
0.489756
0.324797 0.333333 0.939869 0.999513 0.999681 0.720418 0.598360 0.648140 0.060351 0.142857 0.164043 0.371429
0.489756
0.331718 0.333333 0.961564 0.999394 0.999689 0.733179 0.953992 0.959490 0.598356 0.000000 0.809564 0.314286
0.489756
0.323358 0.333333 0.935357 0.999496 0.999680 0.718097 0.597083 0.646716 0.015986 0.000000 0.104514 0.400000
0.489756
0.331359 0.333333 0.960440 0.999523 0.999689 0.732019 0.953416 0.958503 0.578779 0.142857 0.787829 0.314286
0.489756
0.323300 0.333333 0.935174 0.999511 0.999680 0.718097 0.597083 0.646723 0.015416 0.000000 0.103406 0.485714
0.489756
0.331335 0.333333 0.960363 0.999523 0.999689 0.732019 0.953231 0.958491 0.573794 0.142857 0.783660 0.371429
0.489756
0.324782 0.333333 0.939819 0.999512 0.999681 0.719258 0.597960 0.647895 0.066060 0.000000 0.164825 0.314286
0.489756
0.331693 0.333333 0.961486 0.999369 0.999689 0.733179 0.954655 0.960173 0.604706 0.000000 0.818416 0.371429
0.489756
0.323356 0.333333 0.935351 0.999508 0.999681 0.719258 0.597077 0.646729 0.016048 0.000000 0.103732 0.457143
0.489756
0.331345 0.333333 0.960396 0.999524 0.999689 0.733179 0.953146 0.958343 0.577012 0.142857 0.785112 0.342857
0.489756
0.323304 0.333333 0.935188 0.999512 0.999681 0.719258 0.597078 0.646734 0.015856 0.000000 0.104251 0.457143
0.489756
0.331306 0.333333 0.960274 0.999523 0.999689 0.732019 0.953213 0.958442 0.575066 0.000000 0.783697 0.457143
0.489756
0.325295 0.333333 0.941428 0.999513 0.999681 0.720418 0.597111 0.646759 0.107516 0.000000 0.214306 0.285714
0.489756
0.333650 0.333333 0.967622 0.999114 0.999691 0.735499 0.957856 0.963002 0.659816 0.000000 0.886490 0.200000
0.489756
0.323378 0.333333 0.935419 0.999483 0.999680 0.718097 0.597012 0.646691 0.018723 0.000000 0.107018 0.342857
0.489756
0.331278 0.333333 0.960186 0.999523 0.999689 0.732019 0.953126 0.958466 0.576644 0.000000 0.785294 0.342857
0.489756
0.323351 0.333333 0.935335 0.999511 0.999680 0.718097 0.597118 0.646731 0.015571 0.000000 0.104308 0.285714
0.489756
0.331312 0.333333 0.960293 0.999523 0.999689 0.732019 0.953320 0.958348 0.571843 0.000000 0.779572 0.257143
0.489756
0.323266 0.333333 0.935068 0.999511 0.999680 0.718097 0.597077 0.646748 0.013771 0.000000 0.102567 0.342857
0.489756
0.333710 0.333333 0.967811 0.999200 0.999690 0.734339 0.958096 0.963293 0.661214 0.142857 0.886139 0.171429
0.489756
0.323377 0.333333 0.935415 0.999491 0.999680 0.718097 0.597042 0.646704 0.018371 0.142857 0.106636 0.257143
0.489756
0.331243 0.333333 0.960076 0.999524 0.999689 0.733179 0.952890 0.958199 0.575133 0.000000 0.785344 0.314286
0.489756
0.323297 0.333333 0.935163 0.999512 0.999681 0.719258 0.597009 0.646675 0.014420 0.000000 0.102467 0.257143
0.489756
0.331274 0.333333 0.960174 0.999523 0.999689 0.732019 0.953068 0.958340 0.574476 0.142857 0.783178 0.228571
0.489756
0.323293 0.333333 0.935151 0.999511 0.999680 0.718097 0.596999 0.646730 0.013026 0.000000 0.101322 0.314286
0.489756
0.333896 0.333333 0.968394 0.999126 0.999691 0.735499 0.959182 0.964060 0.678447 0.000000 0.905702 0.142857
0.489756
0.324795 0.333333 0.939860 0.999513 0.999681 0.720418 0.598240 0.648014 0.060874 0.000000 0.164932 0.228571
0.489756
0.331612 0.333333 0.961232 0.999389 0.999689 0.733179 0.953850 0.959382 0.591939 0.000000 0.803686 0.285714
0.489756
0.323336 0.333333 0.935287 0.999511 0.999680 0.718097 0.597018 0.646717 0.016613 0.000000 0.104520 0.228571
0.489756
0.331262 0.333333 0.960135 0.999523 0.999689 0.732019 0.953131 0.958356 0.573911 0.000000 0.782088 0.285714
0.489756
0.323327 0.333333 0.935259 0.999511 0.999680 0.718097 0.597171 0.646748 0.016011 0.000000 0.104095 0.342857
0.489756
0.331264 0.333333 0.960142 0.999523 0.999689 0.732019 0.953132 0.958328 0.573199 0.000000 0.781268 0.285714
0.489756
0.324749 0.333333 0.939718 0.999512 0.999681 0.719258 0.597869 0.647795 0.064696 0.000000 0.163942 0.285714
0.489756
0.331654 0.333333 0.961365 0.999366 0.999689 0.732019 0.953541 0.959178 0.603684 0.000000 0.816338 0.257143
0.489756
0.323370 0.333333 0.935394 0.999503 0.999681 0.719258 0.596999 0.646687 0.016639 0.000000 0.104746 0.257143
0.489756
0.331331 0.333333 0.960351 0.999524 0.999689 0.733179 0.953047 0.958274 0.576389 0.000000 0.785225 0.314286
0.489756
0.323301 0.333333 0.935177 0.999512 0.999681 0.719258 0.597139 0.646724 0.015199 0.000000 0.103694 0.342857
0.489756
0.331311 0.333333 0.960290 0.999523 0.999689 0.732019 0.952935 0.958104 0.575439 0.000000 0.784079 0.371429
0.489756
0.325356 0.333333 0.941619 0.999513 0.999681 0.720418 0.597058 0.646727 0.108868 0.000000 0.215145 0.171429
0.489756
0.333669 0.333333 0.967680 0.999103 0.999691 0.735499 0.957540 0.962720 0.659757 0.000000 0.885307 0.171429
0.489756
0.323392 0.333333 0.935461 0.999472 0.999680 0.718097 0.596888 0.646649 0.017785 0.000000 0.105866 0.314286
0.489756
0.331237 0.333333 0.960057 0.999523 0.999689 0.732019 0.952598 0.957973 0.575300 0.000000 0.783121 0.285714
0.489756
0.323290 0.333333 0.935144 0.999511 0.999680 0.718097 0.597138 0.646736 0.014684 0.000000 0.102987 0.257143
0.489756
0.331246 0.333333 0.960085 0.999523 0.999689 0.732019 0.952620 0.957893 0.573894 0.000000 0.783290 0.171429
0.489756
0.323304 0.333333 0.935187 0.999511 0.999680 0.718097 0.597162 0.646738 0.014269 0.000000 0.101703 0.257143
0.489756
0.333682 0.333333 0.967721 0.999171 0.999690 0.734339 0.957654 0.962615 0.659247 0.000000 0.884224 0.228571
0.489756
0.323413 0.333333 0.935527 0.999468 0.999680 0.718097 0.596792 0.646657 0.018635 0.000000 0.106912 0.285714
0.489756
0.331332 0.333333 0.960355 0.999530 0.999825 0.732019 0.953293 0.958510 0.575878 0.000000 0.783760 0.285714
0.489756
0.323325 0.333333 0.935250 0.999512 0.999681 0.719258 0.597082 0.646744 0.015144 0.000000 0.103444 0.314286
0.489756
0.331250 0.333333 0.960097 0.999524 0.999689 0.733179 0.952655 0.957999 0.570131 0.000000 0.777944 0.342857
0.489756
0.323344 0.333333 0.935311 0.999512 0.999681 0.719258 0.596997 0.646723 0.015893 0.000000 0.104921 0.314286
0.489756
0.333949 0.333333 0.968560 0.999126 0.999691 0.735499 0.959291 0.964091 0.679016 0.142857 0.906472 0.085714
0.489756
0.324750 0.333333 0.939720 0.999513 0.999681 0.720418 0.598338 0.648067 0.058861 0.142857 0.162384 0.257143
0.489756
0.331536 0.333333 0.960994 0.999402 0.999689 0.733179 0.953487 0.959005 0.592864 0.000000 0.803292 0.285714
0.489756
0.323345 0.333333 0.935317 0.999502 0.999680 0.718097 0.597197 0.646754 0.016392 0.000000 0.104614 0.257143
0.489756
0.331297 0.333333 0.960247 0.999523 0.999689 0.732019 0.953388 0.958459 0.575434 0.000000 0.785062 0.314286
0.489756
0.323293 0.333333 0.935152 0.999511 0.999680 0.718097 0.597144 0.646758 0.014985 0.000000 0.103006 0.257143
0.489756
0.331310 0.333333 0.960286 0.999523 0.999689 0.732019 0.953267 0.958397 0.572927 0.000000 0.781669 0.314286
0.489756
0.324811 0.333333 0.939912 0.999512 0.999681 0.719258 0.597857 0.647764 0.066801 0.000000 0.165789 0.171429
0.489756
0.331699 0.333333 0.961507 0.999367 0.999689 0.732019 0.953630 0.959309 0.604308 0.000000 0.817552 0.285714
0.489756
0.323354 0.333333 0.935344 0.999486 0.999680 0.718097 0.596978 0.646770 0.017195 0.000000 0.105247 0.257143
0.489756
0.331302 0.333333 0.960261 0.999516 0.999689 0.733179 0.953277 0.958575 0.576096 0.142857 0.784473 0.228571
0.489756
0.323315 0.333333 0.935219 0.999512 0.999681 0.719258 0.597097 0.646736 0.014424 0.142857 0.102492 0.285714
0.489756
0.331286 0.333333 0.960210 0.999524 0.999689 0.733179 0.953279 0.958393 0.572613 0.142857 0.782558 0.285714
0.489756
0.325413 0.333333 0.941799 0.999515 0.999682 0.721578 0.597214 0.646735 0.108739 0.000000 0.215796 0.142857
0.489756
0.333600 0.333333 0.967464 0.999139 0.999691 0.735499 0.957742 0.962892 0.655894 0.000000 0.883272 0.200000
0.489756
0.323399 0.333333 0.935484 0.999463 0.999680 0.718097 0.596913 0.646663 0.018748 0.000000 0.107112 0.285714
0.489756
0.331348 0.333333 0.960405 0.999523 0.999689 0.732019 0.952808 0.958010 0.576954 0.000000 0.787153 0.314286
0.489756
0.323301 0.333333 0.935179 0.999511 0.999680 0.718097 0.597194 0.646738 0.015194 0.000000 0.103062 0.285714
0.489756
0.331270 0.333333 0.960161 0.999515 0.999689 0.732019 0.952766 0.958174 0.575958 0.000000 0.784749 0.342857
0.489756
0.323304 0.333333 0.935187 0.999511 0.999680 0.718097 0.597037 0.646721 0.014968 0.000000 0.103300 0.285714
0.489756
0.333714 0.333333 0.967824 0.999209 0.999690 0.734339 0.958367 0.963322 0.658569 0.000000 0.884975 0.200000
0.489756
0.323382 0.333333 0.935430 0.999479 0.999680 0.718097 0.596916 0.646700 0.017103 0.000000 0.105034 0.257143
0.489756
0.331449 0.333333 0.960721 0.999505 0.999689 0.732019 0.953891 0.959297 0.579863 0.142857 0.788436 0.371429
0.489756
0.323308 0.333333 0.935201 0.999512 0.999681 0.719258 0.597150 0.646723 0.014897 0.000000 0.103500 0.257143
0.489756
0.331387 0.333333 0.960530 0.999524 0.999689 0.733179 0.953964 0.959318 0.572647 0.000000 0.781506 0.314286
0.489756
0.323341 0.333333 0.935303 0.999512 0.999681 0.719258 0.596998 0.646731 0.014747 0.142857 0.103287 0.171429
0.489756
0.333982 0.333333 0.968663 0.999099 0.999691 0.735499 0.959264 0.964087 0.680644 0.000000 0.909077 0.142857
0.489756
0.324809 0.333333 0.939904 0.999513 0.999681 0.720418 0.598285 0.648061 0.060342 0.000000 0.163642 0.228571
0.489756
0.331593 0.333333 0.961173 0.999402 0.999689 0.733179 0.953637 0.959238 0.595840 0.000000 0.807154 0.257143
0.489756
0.323388 0.333333 0.935448 0.999484 0.999680 0.718097 0.597042 0.646675 0.017790 0.000000 0.105854 0.314286
0.489756
0.331279 0.333333 0.960188 0.999523 0.999689 0.732019 0.953138 0.958377 0.574606 0.000000 0.783109 0.285714
0.489756
0.323316 0.333333 0.935226 0.999511 0.999680 0.718097 0.597119 0.646744 0.016337 0.000000 0.104514 0.314286
0.489756
0.331246 0.333333 0.960087 0.999523 0.999689 0.732019 0.952683 0.958070 0.573974 0.142857 0.782514 0.342857
0.489756
0.324774 0.333333 0.939795 0.999512 0.999681 0.719258 0.597908 0.647776 0.064775 0.142857 0.163861 0.200000
0.489756
0.331759 0.333333 0.961694 0.999362 0.999689 0.732019 0.954323 0.959902 0.609557 0.000000 0.825503 0.314286
0.489756
0.323404 0.333333 0.935501 0.999491 0.999680 0.718097 0.596935 0.646675 0.018803 0.000000 0.107626 0.342857
0.489756
0.331333 0.333333 0.960360 0.999503 0.999690 0.732019 0.953255 0.958399 0.575066 0.000000 0.783741 0.314286
0.489756
0.323334 0.333333 0.935281 0.999512 0.999681 0.719258 0.597055 0.646723 0.015621 0.000000 0.103901 0.314286
0.489756
0.331280 0.333333 0.960194 0.999524 0.999689 0.733179 0.953482 0.958535 0.572195 0.142857 0.780536 0.285714
0.489756
0.325394 0.333333 0.941740 0.999515 0.999682 0.721578 0.597205 0.646724 0.107650 0.000000 0.214375 0.114286
0.489756
0.333729 0.333333 0.967870 0.999190 0.999691 0.735499 0.957629 0.962678 0.661854 0.000000 0.892093 0.228571
0.489756
0.323365 0.333333 0.935379 0.999471 0.999680 0.718097 0.597051 0.646680 0.017559 0.000000 0.105754 0.257143
0.489756
0.331372 0.333333 0.960482 0.999504 0.999689 0.732019 0.953428 0.958409 0.579189 0.000000 0.788374 0.257143
0.489756
0.323307 0.333333 0.935196 0.999511 0.999680 0.718097 0.597096 0.646700 0.014186 0.000000 0.103494 0.314286
0.489756
0.331174 0.333333 0.959860 0.999523 0.999689 0.732019 0.952535 0.958093 0.571667 0.000000 0.779872 0.257143
0.489756
0.323291 0.333333 0.935147 0.999511 0.999680 0.718097 0.597122 0.646748 0.014102 0.000000 0.102517 0.314286
0.489756
0.333667 0.333333 0.967675 0.999210 0.999690 0.734339 0.957617 0.962549 0.658008 0.000000 0.884142 0.285714
0.489756
0.323413 0.333333 0.935529 0.999457 0.999680 0.718097 0.596982 0.646680 0.019548 0.000000 0.107751 0.257143
0.489756
0.331332 0.333333 0.960355 0.999486 0.999689 0.732019 0.953323 0.958552 0.579583 0.000000 0.788267 0.285714
0.489756
0.323352 0.333333 0.935337 0.999511 0.999680 0.718097 0.597011 0.646732 0.015508 0.000000 0.103256 0.314286
0.489756
0.331252 0.333333 0.960105 0.999524 0.999689 0.733179 0.953096 0.958244 0.571939 0.000000 0.780974 0.314286
0.489756
0.323305 0.333333 0.935191 0.999512 0.999681 0.719258 0.596957 0.646703 0.014378 0.142857 0.103037 0.285714
0.489756
0.333956 0.333333 0.968581 0.999127 0.999691 0.735499 0.959395 0.964177 0.678949 0.142857 0.905803 0.114286
0.489756
0.324773 0.333333 0.939793 0.999513 0.999681 0.720418 0.598120 0.648049 0.059861 0.000000 0.163680 0.257143
0.489756
0.331609 0.333333 0.961224 0.999391 0.999689 0.733179 0.953782 0.959376 0.592019 0.000000 0.802666 0.342857
0.489756
0.323342 0.333333 0.935305 0.999491 0.999680 0.718097 0.597020 0.646696 0.016835 0.000000 0.105021 0.342857
0.489756
0.331304 0.333333 0.960268 0.999523 0.999689 0.732019 0.953487 0.958659 0.574371 0.142857 0.782927 0.257143
0.489756
0.323309 0.333333 0.935201 0.999511 0.999680 0.718097 0.597101 0.646732 0.015563 0.000000 0.103613 0.257143
0.489756
0.331231 0.333333 0.960039 0.999523 0.999689 0.732019 0.952818 0.958108 0.572806 0.000000 0.782395 0.228571
0.489756
0.324767 0.333333 0.939776 0.999512 0.999681 0.719258 0.598120 0.647896 0.065859 0.000000 0.164969 0.257143
0.489756
0.331640 0.333333 0.961320 0.999385 0.999689 0.732019 0.953763 0.959316 0.605459 0.142857 0.819656 0.285714
0.489756
0.323358 0.333333 0.935353 0.999494 0.999680 0.718097 0.596981 0.646673 0.017028 0.000000 0.105347 0.285714
0.489756
0.331356 0.333333 0.960429 0.999523 0.999689 0.732019 0.953147 0.958384 0.576456 0.000000 0.785087 0.257143
0.489756
0.323335 0.333333 0.935283 0.999512 0.999681 0.719258 0.597137 0.646779 0.015822 0.000000 0.104671 0.342857
0.489756
0.331236 0.333333 0.960054 0.999524 0.999689 0.733179 0.952661 0.958093 0.574183 0.000000 0.781368 0.285714
0.489756
0.325326 0.333333 0.941526 0.999515 0.999682 0.721578 0.597142 0.646712 0.107696 0.000000 0.214619 0.200000
0.489756
0.333720 0.333333 0.967842 0.999143 0.999691 0.735499 0.958403 0.963428 0.659967 0.000000 0.888881 0.228571
0.489756
0.323414 0.333333 0.935534 0.999479 0.999681 0.719258 0.597027 0.646666 0.018208 0.000000 0.107137 0.257143
0.489756
0.331383 0.333333 0.960516 0.999514 0.999689 0.732019 0.953186 0.958400 0.578260 0.000000 0.788117 0.285714
0.489756
0.323350 0.333333 0.935330 0.999511 0.999680 0.718097 0.597086 0.646727 0.016186 0.000000 0.105065 0.285714
0.489756
0.331337 0.333333 0.960373 0.999523 0.999689 0.732019 0.953995 0.959298 0.573735 0.000000 0.782376 0.257143
0.489756
0.323304 0.333333 0.935187 0.999511 0.999680 0.718097 0.597118 0.646722 0.015199 0.000000 0.103150 0.285714
0.489756
0.333593 0.333333 0.967442 0.999203 0.999690 0.734339 0.958161 0.963105 0.660774 0.000000 0.887529 0.200000
0.489756
0.323407 0.333333 0.935509 0.999478 0.999680 0.718097 0.597050 0.646705 0.018484 0.000000 0.106943 0.200000
0.489756
0.331314 0.333333 0.960297 0.999491 0.999689 0.732019 0.953153 0.958515 0.574940 0.000000 0.783102 0.285714
0.489756
0.323311 0.333333 0.935209 0.999511 0.999680 0.718097 0.597001 0.646775 0.014328 0.000000 0.102818 0.342857
0.489756
0.331285 0.333333 0.960209 0.999546 0.999827 0.732019 0.954030 0.959275 0.569394 0.000000 0.778683 0.314286
0.489756
0.323298 0.333333 0.935165 0.999512 0.999681 0.719258 0.597037 0.646749 0.013826 0.000000 0.102029 0.314286
0.489756
0.334031 0.333333 0.968815 0.999106 0.999691 0.735499 0.959597 0.964152 0.679016 0.142857 0.906823 0.171429
0.489756
0.324810 0.333333 0.939907 0.999513 0.999681 0.720418 0.598152 0.648036 0.061820 0.000000 0.165820 0.171429
0.489756
0.331693 0.333333 0.961486 0.999393 0.999689 0.733179 0.953846 0.959476 0.600051 0.142857 0.814003 0.228571
0.489756
0.323358 0.333333 0.935357 0.999494 0.999680 0.718097 0.596978 0.646679 0.016906 0.000000 0.105597 0.314286
0.489756
0.331357 0.333333 0.960435 0.999523 0.999689 0.732019 0.953059 0.958398 0.575033 0.000000 0.783246 0.257143
0.489756
0.323291 0.333333 0.935146 0.999511 0.999680 0.718097 0.597192 0.646733 0.014119 0.000000 0.102661 0.228571
0.489756
0.331174 0.333333 0.959860 0.999523 0.999689 0.732019 0.952597 0.958109 0.571232 0.000000 0.779584 0.200000
0.489756
0.324817 0.333333 0.939929 0.999513 0.999681 0.720418 0.598181 0.647890 0.067521 0.000000 0.166152 0.257143
0.489756
0.331735 0.333333 0.961617 0.999365 0.999689 0.732019 0.954196 0.959744 0.604463 0.000000 0.816225 0.285714
0.489756
0.323376 0.333333 0.935413 0.999486 0.999680 0.718097 0.596891 0.646694 0.019033 0.000000 0.107619 0.257143
0.489756
0.331242 0.333333 0.960076 0.999523 0.999689 0.732019 0.952580 0.958136 0.574894 0.000000 0.784730 0.342857
0.489756
0.323372 0.333333 0.935402 0.999511 0.999680 0.718097 0.597128 0.646807 0.015299 0.000000 0.103951 0.342857
0.489756
0.331422 0.333333 0.960639 0.999524 0.999689 0.733179 0.953523 0.958677 0.575962 0.000000 0.786089 0.314286
0.489756
0.325275 0.333333 0.941366 0.999515 0.999682 0.721578 0.597101 0.646732 0.107211 0.000000 0.213962 0.114286
0.489756
0.333671 0.333333 0.967690 0.999113 0.999691 0.735499 0.957857 0.962849 0.658045 0.000000 0.886427 0.200000
0.489756
0.323398 0.333333 0.935481 0.999473 0.999681 0.719258 0.596966 0.646678 0.019983 0.000000 0.108208 0.314286
0.489756
0.331319 0.333333 0.960314 0.999523 0.999689 0.732019 0.953427 0.958670 0.576678 0.000000 0.784755 0.342857
0.489756
0.323308 0.333333 0.935200 0.999511 0.999680 0.718097 0.597096 0.646744 0.015839 0.000000 0.104170 0.285714
0.489756
0.331361 0.333333 0.960446 0.999523 0.999689 0.732019 0.952983 0.958385 0.576301 0.142857 0.785826 0.200000
0.489756
0.323324 0.333333 0.935251 0.999511 0.999680 0.718097 0.597131 0.646696 0.016676 0.142857 0.104790 0.228571
0.489756
0.333679 0.333333 0.967712 0.999197 0.999690 0.734339 0.957774 0.962528 0.657288 0.000000 0.881832 0.371429
0.489756
0.323388 0.333333 0.935451 0.999471 0.999680 0.718097 0.596915 0.646674 0.018405 0.000000 0.106680 0.371429
0.489756
0.331407 0.333333 0.960592 0.999508 0.999689 0.732019 0.953599 0.958806 0.578385 0.000000 0.787754 0.371429
0.489756
0.323333 0.333333 0.935277 0.999511 0.999680 0.718097 0.597089 0.646759 0.015919 0.285714 0.104245 0.285714
0.489756
0.331315 0.333333 0.960301 0.999523 0.999689 0.732019 0.952737 0.958188 0.577293 0.000000 0.787284 0.342857
0.489756
0.323298 0.333333 0.935166 0.999512 0.999681 0.719258 0.597086 0.646777 0.014889 0.000000 0.103381 0.428571
0.489756
0.333936 0.333333 0.968519 0.999105 0.999691 0.735499 0.959399 0.964109 0.679673 0.000000 0.906422 0.228571
0.489756
0.324796 0.333333 0.939866 0.999513 0.999681 0.720418 0.598197 0.648097 0.060560 0.142857 0.164280 0.285714
0.489756
0.331608 0.333333 0.961220 0.999395 0.999689 0.733179 0.953416 0.959022 0.597171 0.000000 0.809245 0.457143
0.489756
0.323337 0.333333 0.935292 0.999493 0.999680 0.718097 0.597053 0.646764 0.015061 0.000000 0.102887 0.428571
0.489756
0.331290 0.333333 0.960224 0.999523 0.999689 0.732019 0.953057 0.958346 0.575183 0.000000 0.784718 0.400000
0.489756
