605 16 1
0.2851 0.3336 0.0898 0.7798 0.3736 0.6732 0.2256 0.3218 0.2923 0.3358 0.1485 0.1822 0.2943 0.4512 0.1825 0.5756 
0.2140
0.3303 0.6669 0.5407 0.4205 0.5568 0.5661 0.6127 0.5635 0.6607 0.6845 0.5366 0.4277 0.4116 0.8261 0.4372 0.7785 
0.4932
0.1425 0.6669 0.0897 0.3917 0.3736 0.2326 0.1935 0.2560 0.2690 0.3107 0.0000 0.0000 0.2251 0.4512 0.0941 0.5716 
0.2140
0.3303 0.6669 0.5408 0.4200 0.5568 0.5672 0.6127 0.5635 0.6607 0.6844 0.5366 0.4277 0.4127 0.4512 0.4300 0.7793 
0.4932
0.6550 0.3336 0.5382 0.4022 0.5569 0.5358 0.6128 0.5429 0.6607 0.6579 0.5473 0.4478 0.4628 0.6575 0.4865 0.6851 
0.4932
0.3301 0.6669 0.5406 0.4180 0.5568 0.5686 0.6127 0.5635 0.6606 0.6830 0.5365 0.4276 0.4120 0.6575 0.4282 0.7794 
0.4932
0.1425 0.6669 0.0897 0.4050 0.3736 0.2213 0.1923 0.2554 0.2600 0.3128 0.0000 0.0000 0.2233 0.4512 0.0948 0.6023 
0.2140
0.1425 0.6669 0.0897 0.4210 0.3736 0.2193 0.1922 0.2470 0.2608 0.3103 0.0000 0.0000 0.2230 0.5601 0.0937 0.5855 
0.2140
0.2851 0.3336 0.0898 0.7798 0.3736 0.6732 0.2252 0.3200 0.2893 0.3338 0.1462 0.1788 0.2926 0.4512 0.1794 0.5408 
0.2140
0.1425 0.6669 0.0897 0.4155 0.3736 0.2455 0.1923 0.2688 0.2605 0.3080 0.0000 0.0000 0.2233 0.4512 0.0971 0.5949 
0.2140
0.3302 0.6669 0.5407 0.4088 0.5568 0.5683 0.6127 0.5639 0.6607 0.6850 0.5366 0.4277 0.4121 0.9687 0.4296 0.7789 
0.4932
0.1425 0.6669 0.0897 0.4243 0.3736 0.2236 0.1938 0.2612 0.2705 0.3184 0.0000 0.0000 0.2205 0.4512 0.0915 0.5813 
0.2140
0.2851 0.3336 0.0898 0.7798 0.3736 0.6732 0.2256 0.3213 0.2911 0.3385 0.1482 0.1818 0.2939 0.4512 0.1836 0.5873 
0.2140
0.6545 0.3336 0.5380 0.3963 0.5569 0.5283 0.6128 0.5294 0.6607 0.6577 0.5474 0.4465 0.4558 0.6575 0.4817 0.6987 
0.4932
0.2851 0.3336 0.0898 0.7798 0.3736 0.6732 0.2245 0.3186 0.2904 0.3406 0.1485 0.1820 0.2934 0.4512 0.1811 0.5876 
0.2140
0.1425 0.6669 0.0897 0.4118 0.3736 0.2055 0.1925 0.2635 0.2613 0.3070 0.0000 0.0000 0.2229 0.4512 0.0920 0.6199 
0.2140
0.2851 0.3336 0.0898 0.7798 0.3736 0.6732 0.2221 0.3148 0.2859 0.3420 0.1462 0.1790 0.2931 0.4512 0.1808 0.4558 
0.2140
0.2851 0.3336 0.0898 0.7798 0.3736 0.6732 0.2249 0.3188 0.2974 0.3431 0.1486 0.1822 0.2931 0.4512 0.1857 0.5690 
0.2140
0.3302 0.6669 0.5407 0.4253 0.5568 0.5676 0.6127 0.5630 0.6607 0.6853 0.5365 0.4276 0.4123 0.6575 0.4330 0.7790 
0.4932
0.6550 0.3336 0.5382 0.4054 0.5569 0.5307 0.6128 0.5307 0.6607 0.6575 0.5472 0.4478 0.4628 0.8261 0.4849 0.6854 
0.4932
0.6545 0.3336 0.5380 0.4020 0.5569 0.5271 0.6128 0.5274 0.6607 0.6575 0.5474 0.4464 0.4558 0.4512 0.4817 0.6989 
0.4932
0.3302 0.6669 0.5406 0.4259 0.5568 0.5681 0.6127 0.5638 0.6606 0.6833 0.5364 0.4275 0.4120 0.4512 0.4318 0.7791 
0.4932
0.1425 0.6669 0.0897 0.4174 0.3736 0.2104 0.1928 0.2587 0.2618 0.3042 0.0000 0.0000 0.2245 0.4512 0.0959 0.6063 
0.2140
0.2851 0.3336 0.0898 0.7798 0.3736 0.6732 0.2241 0.3180 0.2908 0.3331 0.1459 0.1786 0.2926 0.4512 0.1819 0.5614 
0.2140
0.3303 0.6669 0.5407 0.4261 0.5568 0.5667 0.6127 0.5610 0.6607 0.6863 0.5365 0.4276 0.4120 0.8261 0.4331 0.7792 
0.4932
0.1425 0.6669 0.0897 0.4143 0.3736 0.2316 0.1936 0.2544 0.2726 0.3165 0.0000 0.0000 0.2242 0.5601 0.0920 0.5935 
0.2140
0.3302 0.6669 0.5407 0.4239 0.5568 0.5676 0.6127 0.5646 0.6607 0.6841 0.5365 0.4275 0.4122 0.8261 0.4339 0.7794 
0.4932
0.2851 0.3336 0.0898 0.7798 0.3736 0.6732 0.2251 0.3202 0.2890 0.3356 0.1482 0.1820 0.2955 0.4512 0.1840 0.6015 
0.2140
0.2851 0.3336 0.0898 0.7798 0.3736 0.6732 0.2261 0.3161 0.2920 0.3414 0.1482 0.1819 0.2943 0.4512 0.1904 0.5951 
0.2140
0.6544 0.3336 0.5380 0.3969 0.5569 0.5296 0.6128 0.5329 0.6607 0.6576 0.5474 0.4463 0.4554 0.4512 0.4874 0.6986 
0.4932
0.3303 0.6669 0.5407 0.4138 0.5568 0.5663 0.6127 0.5622 0.6607 0.6860 0.5366 0.4277 0.4122 0.8261 0.4327 0.7790 
0.4932
0.1425 0.6669 0.0897 0.4165 0.3736 0.1988 0.1922 0.2669 0.2613 0.3042 0.0000 0.0000 0.2223 0.4512 0.0921 0.5978 
0.2140
0.2851 0.3336 0.0898 0.7798 0.3736 0.6732 0.2263 0.3237 0.2947 0.3381 0.1483 0.1820 0.2944 0.4512 0.1851 0.5707 
0.2140
0.6544 0.3336 0.5380 0.3875 0.5569 0.5338 0.6128 0.5406 0.6607 0.6577 0.5474 0.4464 0.4556 0.6575 0.4808 0.6987 
0.4932
0.6544 0.3336 0.5380 0.3839 0.5569 0.5275 0.6128 0.5279 0.6607 0.6576 0.5474 0.4463 0.4555 0.4512 0.4822 0.6983 
0.4932
0.1425 0.6669 0.0897 0.4232 0.3736 0.2379 0.1917 0.2739 0.2600 0.3059 0.0000 0.0000 0.2236 0.4512 0.0930 0.5870 
0.2140
0.1425 0.6669 0.0897 0.3904 0.3736 0.2403 0.1926 0.2701 0.2600 0.3037 0.0000 0.0000 0.2242 0.4512 0.0975 0.5567 
0.2140
0.6545 0.3336 0.5380 0.3964 0.5569 0.5254 0.6128 0.5246 0.6607 0.6574 0.5474 0.4465 0.4558 0.4512 0.4777 0.6988 
0.4932
0.3302 0.6669 0.5407 0.4205 0.5568 0.5663 0.6127 0.5631 0.6606 0.6843 0.5365 0.4276 0.4119 0.6575 0.4299 0.7792 
0.4932
0.1425 0.6669 0.0897 0.4050 0.3736 0.2127 0.1940 0.2653 0.2688 0.3089 0.0000 0.0000 0.2244 0.5601 0.0978 0.6010 
0.2140
0.2851 0.3336 0.0898 0.7798 0.3736 0.6732 0.2217 0.3161 0.2835 0.3350 0.1480 0.1817 0.2950 0.4512 0.1834 0.5568 
0.2140
0.6549 0.3336 0.5382 0.3948 0.5569 0.5362 0.6128 0.5441 0.6607 0.6577 0.5473 0.4479 0.4626 0.8261 0.4835 0.6852 
0.4932
0.6545 0.3336 0.5380 0.3997 0.5569 0.5269 0.6128 0.5269 0.6607 0.6574 0.5474 0.4464 0.4561 0.6575 0.4876 0.6983 
0.4932
0.2851 0.3336 0.0898 0.7798 0.3736 0.6732 0.2222 0.3154 0.2841 0.3338 0.1483 0.1821 0.2944 0.4512 0.1830 0.5591 
0.2140
0.6545 0.3336 0.5380 0.3951 0.5569 0.5301 0.6128 0.5328 0.6607 0.6575 0.5474 0.4465 0.4557 0.8261 0.4814 0.6985 
0.4932
0.1425 0.6669 0.0897 0.4340 0.3736 0.2334 0.1936 0.2594 0.2686 0.3211 0.0000 0.0000 0.2223 0.4512 0.0938 0.5887 
0.2140
0.6548 0.3336 0.5382 0.3899 0.5569 0.5348 0.6128 0.5430 0.6607 0.6578 0.5472 0.4475 0.4615 0.6575 0.4838 0.6920 
0.4932
0.3303 0.6669 0.5407 0.4140 0.5568 0.5690 0.6127 0.5650 0.6606 0.6831 0.5366 0.4277 0.4121 0.6575 0.4283 0.7791 
0.4932
0.1425 0.6669 0.0897 0.4330 0.3736 0.2218 0.1939 0.2658 0.2692 0.3042 0.0000 0.0000 0.2228 0.4512 0.0944 0.5766 
0.2140
0.2851 0.3336 0.0898 0.7798 0.3736 0.6732 0.2252 0.3196 0.2886 0.3400 0.1484 0.1822 0.2951 0.4512 0.1823 0.5555 
0.2140
0.6544 0.3336 0.5380 0.3995 0.5569 0.5280 0.6128 0.5292 0.6607 0.6575 0.5474 0.4464 0.4557 0.8261 0.4841 0.6991 
0.4932
0.2010 0.5003 0.0898 0.7645 0.3736 0.6540 0.2088 0.3028 0.2812 0.3303 0.0000 0.0000 0.2423 0.4512 0.1348 0.6336 
0.2140
0.6549 0.3336 0.5382 0.3951 0.5569 0.5303 0.6128 0.5300 0.6607 0.6574 0.5472 0.4477 0.4626 0.6575 0.4883 0.6847 
0.4932
0.1425 0.6669 0.0897 0.4034 0.3736 0.2115 0.1923 0.2643 0.2595 0.3132 0.0000 0.0000 0.2233 0.4512 0.0974 0.5951 
0.2140
0.3302 0.6669 0.5407 0.4154 0.5568 0.5687 0.6127 0.5648 0.6607 0.6843 0.5365 0.4276 0.4120 0.4512 0.4299 0.7793 
0.4932
0.1425 0.6669 0.0897 0.3997 0.3736 0.2061 0.1918 0.2515 0.2603 0.3107 0.0000 0.0000 0.2243 0.4512 0.0932 0.5958 
0.2140
0.3302 0.6669 0.5407 0.4262 0.5568 0.5686 0.6127 0.5645 0.6607 0.6843 0.5367 0.4278 0.4113 0.4512 0.4341 0.7794 
0.4932
0.1425 0.6669 0.0897 0.3780 0.3736 0.2246 0.1936 0.2362 0.2695 0.3084 0.0000 0.0000 0.2216 0.4512 0.0921 0.6060 
0.2140
0.3303 0.6669 0.5407 0.4163 0.5568 0.5674 0.6127 0.5613 0.6607 0.6858 0.5365 0.4276 0.4121 0.6575 0.4296 0.7789 
0.4932
0.2851 0.3336 0.0898 0.7798 0.3736 0.6732 0.2246 0.3200 0.2894 0.3346 0.1484 0.1819 0.2930 0.4512 0.1857 0.5615 
0.2140
0.2851 0.3336 0.0898 0.7798 0.3736 0.6732 0.2245 0.3229 0.2876 0.3353 0.1482 0.1817 0.2933 0.4512 0.1845 0.5799 
0.2140
0.6545 0.3336 0.5380 0.3858 0.5569 0.5273 0.6128 0.5286 0.6607 0.6576 0.5474 0.4464 0.4556 0.4512 0.4778 0.6990 
0.4932
0.6545 0.3336 0.5380 0.3873 0.5569 0.5318 0.6128 0.5382 0.6607 0.6579 0.5474 0.4464 0.4557 0.4512 0.4828 0.6988 
0.4932
0.3303 0.6669 0.5408 0.4110 0.5568 0.5671 0.6127 0.5601 0.6606 0.6858 0.5365 0.4276 0.4124 0.8261 0.4290 0.7793 
0.4932
0.3304 0.6669 0.5408 0.4209 0.5568 0.5686 0.6127 0.5651 0.6607 0.6835 0.5367 0.4278 0.4112 0.4512 0.4391 0.7786 
0.4932
0.6550 0.3336 0.5382 0.3907 0.5569 0.5343 0.6128 0.5396 0.6607 0.6578 0.5472 0.4477 0.4628 0.6575 0.4844 0.6851 
0.4932
0.3302 0.6669 0.5407 0.4234 0.5568 0.5688 0.6127 0.5645 0.6607 0.6834 0.5365 0.4276 0.4121 0.6575 0.4278 0.7794 
0.4932
0.6545 0.3336 0.5380 0.3938 0.5569 0.5337 0.6128 0.5407 0.6608 0.6579 0.5474 0.4464 0.4556 0.6575 0.4798 0.6988 
0.4932
0.2851 0.3336 0.0898 0.7798 0.3736 0.6732 0.2261 0.3189 0.2920 0.3394 0.1483 0.1820 0.2949 0.4512 0.1808 0.6107 
0.2140
0.2851 0.3336 0.0898 0.7798 0.3736 0.6732 0.2243 0.3208 0.2900 0.3389 0.1460 0.1786 0.2930 0.4512 0.1849 0.5809 
0.2140
0.1425 0.6669 0.0897 0.4143 0.3736 0.2040 0.1936 0.2620 0.2695 0.3116 0.0000 0.0000 0.2243 0.4512 0.0923 0.6031 
0.2140
0.6549 0.3336 0.5382 0.3965 0.5569 0.5311 0.6128 0.5319 0.6607 0.6575 0.5473 0.4477 0.4625 0.6575 0.4893 0.6854 
0.4932
0.3303 0.6669 0.5408 0.4308 0.5568 0.5689 0.6127 0.5656 0.6607 0.6834 0.5367 0.4277 0.4111 0.6575 0.4387 0.7794 
0.4932
0.6547 0.3336 0.5381 0.3909 0.5569 0.5347 0.6128 0.5419 0.6607 0.6576 0.5473 0.4466 0.4566 0.6575 0.4800 0.6986 
0.4932
0.1425 0.6669 0.0897 0.4414 0.3736 0.2133 0.1943 0.2689 0.2703 0.3070 0.0000 0.0000 0.2311 0.4512 0.1033 0.6370 
0.2140
0.6544 0.3336 0.5380 0.3974 0.5569 0.5318 0.6128 0.5378 0.6607 0.6577 0.5474 0.4464 0.4554 0.8261 0.4845 0.6993 
0.4932
0.2851 0.3336 0.0898 0.7798 0.3736 0.6732 0.2237 0.3207 0.2876 0.3393 0.1483 0.1819 0.2941 0.4512 0.1884 0.5770 
0.2140
0.6545 0.3336 0.5380 0.3916 0.5569 0.5332 0.6128 0.5401 0.6607 0.6578 0.5474 0.4464 0.4559 0.8261 0.4810 0.6988 
0.4932
0.3302 0.6669 0.5406 0.4145 0.5568 0.5665 0.6127 0.5638 0.6607 0.6840 0.5365 0.4276 0.4115 0.4512 0.4327 0.7797 
0.4932
0.2851 0.3336 0.0898 0.7798 0.3736 0.6732 0.2243 0.3214 0.2883 0.3362 0.1462 0.1789 0.2924 0.4512 0.1807 0.5522 
0.2140
0.3305 0.6669 0.5410 0.4201 0.5568 0.5685 0.6127 0.5618 0.6607 0.6834 0.5371 0.4282 0.4116 0.6575 0.4294 0.7790 
0.4932
0.6545 0.3336 0.5380 0.3930 0.5569 0.5262 0.6128 0.5267 0.6607 0.6575 0.5474 0.4464 0.4556 0.6575 0.4860 0.6982 
0.4932
0.1425 0.6669 0.0897 0.4016 0.3736 0.2198 0.1938 0.2426 0.2703 0.3136 0.0000 0.0000 0.2230 0.4512 0.0928 0.6146 
0.2140
0.6545 0.3336 0.5380 0.3928 0.5569 0.5249 0.6128 0.5242 0.6607 0.6574 0.5474 0.4464 0.4558 0.9687 0.4837 0.6978 
0.4932
0.1425 0.6669 0.0897 0.4111 0.3736 0.2171 0.1941 0.2675 0.2684 0.3080 0.0000 0.0000 0.2226 0.4512 0.0951 0.6107 
0.2140
0.1425 0.6669 0.0897 0.4200 0.3736 0.2126 0.1923 0.2649 0.2605 0.3037 0.0000 0.0000 0.2219 0.4512 0.0936 0.5825 
0.2140
0.1425 0.6669 0.0897 0.3735 0.3736 0.2341 0.1925 0.2634 0.2690 0.3184 0.0000 0.0000 0.2236 0.4512 0.0940 0.6070 
0.2140
0.3303 0.6669 0.5407 0.4260 0.5568 0.5672 0.6127 0.5624 0.6607 0.6851 0.5365 0.4276 0.4124 0.8261 0.4274 0.7792 
0.4932
0.1425 0.6669 0.0897 0.3912 0.3736 0.2271 0.1920 0.2645 0.2581 0.3103 0.0000 0.0000 0.2235 0.4512 0.0941 0.5753 
0.2140
0.6549 0.3336 0.5382 0.3936 0.5569 0.5337 0.6128 0.5379 0.6607 0.6577 0.5473 0.4478 0.4625 0.6575 0.4853 0.6851 
0.4932
0.1425 0.6669 0.0897 0.4183 0.3736 0.2129 0.1922 0.2641 0.2610 0.3080 0.0000 0.0000 0.2252 0.4512 0.0953 0.6078 
0.2140
0.2851 0.3336 0.0898 0.7798 0.3736 0.6732 0.2265 0.3233 0.2923 0.3444 0.1486 0.1823 0.2949 0.4512 0.1812 0.5954 
0.2140
0.2851 0.3336 0.0898 0.7798 0.3736 0.6732 0.2261 0.3156 0.2941 0.3410 0.1463 0.1791 0.2932 0.4512 0.1804 0.5741 
0.2140
0.1425 0.6669 0.0897 0.4294 0.3736 0.2197 0.1925 0.2711 0.2613 0.3075 0.0000 0.0000 0.2225 0.4512 0.0956 0.5895 
0.2140
0.3302 0.6669 0.5407 0.4148 0.5568 0.5687 0.6127 0.5642 0.6607 0.6831 0.5365 0.4276 0.4120 0.6575 0.4332 0.7797 
0.4932
0.6545 0.3336 0.5380 0.3934 0.5569 0.5296 0.6128 0.5327 0.6607 0.6577 0.5474 0.4465 0.4558 0.6575 0.4791 0.6983 
0.4932
0.6551 0.3336 0.5383 0.3985 0.5569 0.5342 0.6128 0.5359 0.6607 0.6577 0.5471 0.4478 0.4633 0.4512 0.4850 0.6851 
0.4932
0.6544 0.3336 0.5380 0.3929 0.5569 0.5307 0.6128 0.5361 0.6607 0.6577 0.5474 0.4463 0.4548 0.6575 0.4836 0.6997 
0.4932
0.1425 0.6669 0.0897 0.4169 0.3736 0.1960 0.1946 0.2603 0.2728 0.3244 0.0000 0.0000 0.2232 0.4512 0.0949 0.6362 
0.2140
0.2851 0.3336 0.0898 0.7798 0.3736 0.6732 0.2254 0.3176 0.2908 0.3259 0.1462 0.1789 0.2923 0.4512 0.1882 0.5708 
0.2140
0.2851 0.3336 0.0898 0.7798 0.3736 0.6732 0.2257 0.3187 0.2972 0.3410 0.1485 0.1821 0.2940 0.4512 0.1821 0.5841 
0.2140
0.6544 0.3336 0.5380 0.3844 0.5569 0.5310 0.6128 0.5358 0.6607 0.6577 0.5474 0.4464 0.4555 0.6575 0.4773 0.6991 
0.4932
0.1425 0.6669 0.0897 0.4352 0.3736 0.2121 0.1939 0.2640 0.2682 0.3112 0.0000 0.0000 0.2234 0.4512 0.0959 0.6078 
0.2140
0.2851 0.3336 0.0898 0.7798 0.3736 0.6732 0.2218 0.3194 0.2842 0.3335 0.1485 0.1822 0.2943 0.4512 0.1859 0.5768 
0.2140
0.2851 0.3336 0.0898 0.7798 0.3736 0.6732 0.2230 0.3194 0.2862 0.3364 0.1485 0.1820 0.2935 0.4512 0.1854 0.5530 
0.2140
0.1425 0.6669 0.0897 0.4272 0.3736 0.1785 0.1917 0.2659 0.2605 0.3080 0.0000 0.0000 0.2226 0.4512 0.0956 0.6082 
0.2140
0.2851 0.3336 0.0898 0.7798 0.3736 0.6732 0.2238 0.3154 0.2905 0.3385 0.1459 0.1785 0.2919 0.4512 0.1790 0.5680 
0.2140
0.6548 0.3336 0.5382 0.4006 0.5569 0.5351 0.6128 0.5409 0.6607 0.6579 0.5473 0.4477 0.4621 0.4512 0.4846 0.6856 
0.4932
0.1425 0.6669 0.0897 0.4134 0.3736 0.2172 0.1937 0.2608 0.2684 0.3059 0.0000 0.0000 0.2241 0.4512 0.0948 0.6223 
0.2140
0.1425 0.6669 0.0897 0.3744 0.3736 0.2488 0.1921 0.2672 0.2603 0.3107 0.0000 0.0000 0.2235 0.4512 0.0932 0.5908 
0.2140
0.3303 0.6669 0.5407 0.4284 0.5568 0.5689 0.6127 0.5649 0.6606 0.6831 0.5365 0.4276 0.4126 0.4512 0.4314 0.7791 
0.4932
0.2851 0.3336 0.0898 0.7798 0.3736 0.6732 0.2260 0.3228 0.2915 0.3261 0.1486 0.1822 0.2941 0.4512 0.1832 0.5634 
0.2140
0.3303 0.6669 0.5407 0.4201 0.5568 0.5667 0.6127 0.5605 0.6606 0.6858 0.5365 0.4276 0.4120 0.6575 0.4291 0.7791 
0.4932
0.3303 0.6669 0.5408 0.4174 0.5568 0.5666 0.6127 0.5603 0.6607 0.6856 0.5366 0.4277 0.4121 0.6575 0.4278 0.7793 
0.4932
0.1425 0.6669 0.0897 0.4356 0.3736 0.2187 0.1940 0.2626 0.2679 0.3112 0.0000 0.0000 0.2244 0.4512 0.0953 0.6036 
0.2140
0.2851 0.3336 0.0898 0.7798 0.3736 0.6732 0.2251 0.3239 0.2877 0.3411 0.1461 0.1788 0.2932 0.4512 0.1874 0.5905 
0.2140
0.2851 0.3336 0.0898 0.7830 0.3736 0.6771 0.2268 0.3247 0.2979 0.3580 0.1393 0.1935 0.3051 0.4512 0.1873 0.4659 
0.2140
0.3303 0.6669 0.5408 0.4238 0.5568 0.5654 0.6127 0.5629 0.6607 0.6848 0.5365 0.4277 0.4125 0.8261 0.4279 0.7790 
0.4932
0.3301 0.6669 0.5406 0.4256 0.5568 0.5685 0.6127 0.5635 0.6607 0.6833 0.5365 0.4275 0.4120 0.6575 0.4323 0.7792 
0.4932
0.2851 0.3336 0.0898 0.7798 0.3736 0.6732 0.2239 0.3219 0.2873 0.3374 0.1485 0.1823 0.2948 0.4512 0.1862 0.5656 
0.2140
0.2851 0.3336 0.0898 0.7798 0.3736 0.6732 0.2212 0.3126 0.2839 0.3428 0.1483 0.1820 0.2945 0.4512 0.1821 0.5808 
0.2140
0.1425 0.6669 0.0897 0.3678 0.3736 0.2362 0.1915 0.2560 0.2608 0.3080 0.0000 0.0000 0.2241 0.4512 0.0925 0.6005 
0.2140
0.6546 0.3336 0.5381 0.3881 0.5569 0.5323 0.6128 0.5374 0.6607 0.6578 0.5474 0.4464 0.4562 0.4512 0.4852 0.6978 
0.4932
0.6550 0.3336 0.5382 0.3999 0.5569 0.5318 0.6128 0.5324 0.6607 0.6576 0.5472 0.4479 0.4631 0.6575 0.4854 0.6843 
0.4932
0.1425 0.6669 0.0897 0.3968 0.3736 0.2457 0.1929 0.2664 0.2684 0.3107 0.0000 0.0000 0.2237 0.4512 0.0917 0.6326 
0.2140
0.3303 0.6669 0.5408 0.4153 0.5568 0.5659 0.6127 0.5615 0.6607 0.6856 0.5367 0.4277 0.4109 0.6575 0.4405 0.7796 
0.4932
0.6545 0.3336 0.5380 0.3961 0.5569 0.5330 0.6128 0.5392 0.6607 0.6577 0.5474 0.4465 0.4559 0.8261 0.4805 0.6984 
0.4932
0.1425 0.6669 0.0897 0.4127 0.3736 0.1956 0.1921 0.2598 0.2618 0.3080 0.0000 0.0000 0.2210 0.4512 0.0944 0.5890 
0.2140
0.3302 0.6669 0.5407 0.4275 0.5568 0.5689 0.6127 0.5647 0.6606 0.6844 0.5366 0.4277 0.4119 0.8261 0.4382 0.7790 
0.4932
0.6545 0.3336 0.5380 0.3927 0.5569 0.5283 0.6128 0.5297 0.6607 0.6575 0.5474 0.4464 0.4557 0.4512 0.4830 0.6984 
0.4932
0.6545 0.3336 0.5380 0.3911 0.5569 0.5273 0.6128 0.5280 0.6607 0.6576 0.5473 0.4463 0.4559 0.6575 0.4848 0.6992 
0.4932
0.6544 0.3336 0.5380 0.3856 0.5569 0.5291 0.6128 0.5314 0.6607 0.6577 0.5474 0.4463 0.4549 0.8261 0.4789 0.6996 
0.4932
0.6545 0.3336 0.5380 0.3857 0.5569 0.5328 0.6128 0.5384 0.6607 0.6577 0.5474 0.4463 0.4556 0.6575 0.4875 0.6992 
0.4932
0.3303 0.6669 0.5407 0.4319 0.5568 0.5696 0.6127 0.5660 0.6607 0.6832 0.5366 0.4276 0.4120 0.4512 0.4318 0.7795 
0.4932
0.6545 0.3336 0.5380 0.3947 0.5569 0.5313 0.6128 0.5368 0.6607 0.6576 0.5474 0.4464 0.4558 0.8261 0.4832 0.6993 
0.4932
0.6545 0.3336 0.5380 0.3942 0.5569 0.5284 0.6128 0.5298 0.6607 0.6577 0.5474 0.4464 0.4560 0.6575 0.4841 0.6987 
0.4932
0.2851 0.3336 0.0898 0.7798 0.3736 0.6732 0.2210 0.3152 0.2865 0.3441 0.1482 0.1818 0.2949 0.4512 0.1816 0.4372 
0.2140
0.1425 0.6669 0.0897 0.3878 0.3736 0.2093 0.1918 0.2559 0.2592 0.3018 0.0000 0.0000 0.2232 0.5601 0.0966 0.6134 
0.2140
0.1425 0.6669 0.0897 0.3801 0.3736 0.2324 0.1921 0.2553 0.2608 0.3107 0.0000 0.0000 0.2235 0.5601 0.0954 0.6134 
0.2140
0.6548 0.3336 0.5381 0.3958 0.5569 0.5358 0.6128 0.5427 0.6607 0.6578 0.5472 0.4477 0.4619 0.8261 0.4832 0.6858 
0.4932
0.1425 0.6669 0.0897 0.4281 0.3736 0.2443 0.1951 0.2686 0.2690 0.3075 0.0000 0.0000 0.2284 0.4512 0.1004 0.6024 
0.2140
0.6545 0.3336 0.5380 0.3925 0.5569 0.5278 0.6128 0.5288 0.6607 0.6577 0.5474 0.4465 0.4556 0.6575 0.4758 0.6991 
0.4932
0.1425 0.6669 0.0897 0.4207 0.3736 0.2215 0.1939 0.2644 0.2692 0.3098 0.0000 0.0000 0.2220 0.4512 0.0941 0.5902 
0.2140
0.6550 0.3336 0.5382 0.3948 0.5569 0.5363 0.6128 0.5439 0.6607 0.6578 0.5472 0.4478 0.4625 0.8261 0.4844 0.6847 
0.4932
0.6545 0.3336 0.5380 0.3897 0.5569 0.5277 0.6128 0.5288 0.6608 0.6578 0.5474 0.4464 0.4562 0.8261 0.4837 0.6984 
0.4932
0.2851 0.3336 0.0898 0.7798 0.3736 0.6732 0.2255 0.3197 0.2936 0.3374 0.1485 0.1820 0.2930 0.4512 0.1899 0.4553 
0.2140
0.2851 0.3336 0.0898 0.7798 0.3736 0.6732 0.2217 0.3183 0.2873 0.3396 0.1485 0.1822 0.2945 0.4512 0.1863 0.5822 
0.2140
0.1425 0.6669 0.0897 0.4067 0.3736 0.2303 0.1944 0.2610 0.2673 0.3080 0.0000 0.0000 0.2237 0.4512 0.0967 0.5125 
0.2140
0.6544 0.3336 0.5380 0.3986 0.5569 0.5301 0.6128 0.5316 0.6607 0.6576 0.5474 0.4464 0.4556 0.6575 0.4837 0.6991 
0.4932
0.3303 0.6669 0.5408 0.4171 0.5568 0.5653 0.6127 0.5597 0.6607 0.6861 0.5365 0.4277 0.4123 0.4512 0.4280 0.7791 
0.4932
0.3303 0.6669 0.5407 0.4280 0.5568 0.5671 0.6127 0.5633 0.6606 0.6839 0.5366 0.4276 0.4121 0.6575 0.4301 0.7791 
0.4932
0.3303 0.6669 0.5407 0.4125 0.5568 0.5683 0.6127 0.5636 0.6606 0.6831 0.5365 0.4276 0.4120 0.6575 0.4317 0.7790 
0.4932
0.1425 0.6669 0.0897 0.3876 0.3736 0.2084 0.1935 0.2466 0.2701 0.3158 0.0000 0.0000 0.2234 0.4512 0.0929 0.6166 
0.2140
0.1425 0.6669 0.0897 0.4453 0.3736 0.2444 0.1944 0.2813 0.2692 0.3124 0.0000 0.0000 0.2234 0.4512 0.0958 0.5664 
0.2140
0.3303 0.6669 0.5408 0.4243 0.5568 0.5693 0.6127 0.5658 0.6607 0.6832 0.5366 0.4276 0.4122 0.9687 0.4326 0.7792 
0.4932
0.6550 0.3336 0.5382 0.3874 0.5569 0.5365 0.6128 0.5437 0.6607 0.6577 0.5472 0.4478 0.4628 0.6575 0.4846 0.6850 
0.4932
0.2851 0.3336 0.0898 0.7798 0.3736 0.6732 0.2258 0.3198 0.2910 0.3361 0.1482 0.1819 0.2947 0.4512 0.1807 0.5778 
0.2140
0.3305 0.6669 0.5409 0.4185 0.5568 0.5677 0.6127 0.5646 0.6604 0.6841 0.5368 0.4278 0.4109 0.9687 0.4487 0.7786 
0.4932
0.1425 0.6669 0.0897 0.4373 0.3736 0.2226 0.1938 0.2700 0.2697 0.3107 0.0000 0.0000 0.2234 0.4512 0.0924 0.6174 
0.2140
0.3304 0.6669 0.5408 0.4189 0.5568 0.5694 0.6127 0.5658 0.6607 0.6833 0.5366 0.4276 0.4127 0.6575 0.4367 0.7789 
0.4932
0.3303 0.6669 0.5408 0.4222 0.5568 0.5688 0.6127 0.5646 0.6607 0.6840 0.5366 0.4277 0.4124 0.9687 0.4370 0.7795 
0.4932
0.1425 0.6669 0.0897 0.3915 0.3736 0.2349 0.1932 0.2486 0.2699 0.3089 0.0000 0.0000 0.2224 0.4512 0.0908 0.5915 
0.2140
0.1425 0.6669 0.0897 0.4069 0.3736 0.2447 0.1942 0.2599 0.2684 0.3154 0.0000 0.0000 0.2235 0.4512 0.0978 0.5463 
0.2140
0.3302 0.6669 0.5407 0.4157 0.5568 0.5659 0.6127 0.5635 0.6607 0.6841 0.5365 0.4275 0.4116 0.4512 0.4315 0.7794 
0.4932
0.6544 0.3336 0.5380 0.3937 0.5569 0.5277 0.6128 0.5286 0.6607 0.6574 0.5474 0.4464 0.4552 0.4512 0.4833 0.6991 
0.4932
0.3302 0.6669 0.5407 0.4125 0.5568 0.5687 0.6127 0.5635 0.6607 0.6833 0.5364 0.4275 0.4124 0.6575 0.4311 0.7792 
0.4932
0.1425 0.6669 0.0897 0.3870 0.3736 0.2308 0.1940 0.2542 0.2692 0.3098 0.0000 0.0000 0.2228 0.4512 0.0958 0.5881 
0.2140
0.2851 0.3336 0.0898 0.7798 0.3736 0.6732 0.2227 0.3145 0.2924 0.3453 0.1484 0.1820 0.2939 0.4512 0.1844 0.4582 
0.2140
0.3303 0.6669 0.5408 0.4152 0.5568 0.5689 0.6127 0.5647 0.6607 0.6833 0.5366 0.4276 0.4123 0.4512 0.4353 0.7792 
0.4932
0.2851 0.3336 0.0898 0.7798 0.3736 0.6732 0.2248 0.3236 0.2896 0.3356 0.1484 0.1821 0.2939 0.4512 0.1809 0.5612 
0.2140
0.2851 0.3336 0.0898 0.7798 0.3736 0.6732 0.2250 0.3194 0.2959 0.3487 0.1460 0.1786 0.2924 0.4512 0.1816 0.5899 
0.2140
0.2851 0.3336 0.0898 0.7798 0.3736 0.6732 0.2217 0.3184 0.2842 0.3380 0.1461 0.1786 0.2916 0.4512 0.1806 0.4508 
0.2140
0.6544 0.3336 0.5380 0.3926 0.5569 0.5329 0.6128 0.5385 0.6607 0.6576 0.5474 0.4464 0.4554 0.4512 0.4853 0.6989 
0.4932
0.2851 0.3336 0.0898 0.7798 0.3736 0.6732 0.2227 0.3169 0.2864 0.3382 0.1485 0.1820 0.2931 0.4512 0.1817 0.4574 
0.2140
0.2851 0.3336 0.0898 0.7798 0.3736 0.6732 0.2235 0.3201 0.2882 0.3431 0.1461 0.1788 0.2929 0.4512 0.1834 0.5612 
0.2140
0.3302 0.6669 0.5407 0.4305 0.5568 0.5685 0.6127 0.5651 0.6607 0.6836 0.5365 0.4275 0.4120 0.4512 0.4315 0.7794 
0.4932
0.2851 0.3336 0.0898 0.7798 0.3736 0.6732 0.2265 0.3183 0.2914 0.3324 0.1486 0.1821 0.2933 0.4512 0.1857 0.5862 
0.2140
0.2851 0.3336 0.0898 0.7798 0.3736 0.6732 0.2262 0.3197 0.2932 0.3347 0.1485 0.1823 0.2950 0.4512 0.1807 0.5738 
0.2140
0.2851 0.3336 0.0898 0.7798 0.3736 0.6732 0.2214 0.3167 0.2833 0.3445 0.1461 0.1787 0.2931 0.5601 0.1790 0.6024 
0.2140
0.1425 0.6669 0.0897 0.4234 0.3736 0.2071 0.1940 0.2709 0.2673 0.3143 0.0000 0.0000 0.2235 0.4512 0.1012 0.6144 
0.2140
0.3302 0.6669 0.5407 0.4196 0.5568 0.5673 0.6127 0.5639 0.6607 0.6847 0.5365 0.4276 0.4121 0.6575 0.4329 0.7790 
0.4932
0.3303 0.6669 0.5407 0.4303 0.5568 0.5680 0.6127 0.5633 0.6607 0.6830 0.5365 0.4275 0.4121 0.6575 0.4305 0.7792 
0.4932
0.2851 0.3336 0.0898 0.7798 0.3736 0.6732 0.2228 0.3167 0.2850 0.3401 0.1485 0.1820 0.2935 0.5601 0.1822 0.5581 
0.2140
0.6544 0.3336 0.5380 0.4015 0.5569 0.5286 0.6128 0.5303 0.6607 0.6577 0.5474 0.4464 0.4555 0.4512 0.4783 0.6996 
0.4932
0.6545 0.3336 0.5380 0.3968 0.5569 0.5287 0.6128 0.5299 0.6607 0.6576 0.5474 0.4464 0.4556 0.6575 0.4802 0.6984 
0.4932
0.3305 0.6669 0.5409 0.4126 0.5568 0.5667 0.6127 0.5631 0.6602 0.6840 0.5367 0.4276 0.4113 0.4512 0.4508 0.7795 
0.4932
0.2851 0.3336 0.0898 0.7798 0.3736 0.6732 0.2257 0.3222 0.2908 0.3316 0.1464 0.1794 0.2932 0.4512 0.1820 0.5678 
0.2140
0.2851 0.3336 0.0898 0.7798 0.3736 0.6732 0.2230 0.3207 0.2858 0.3384 0.1485 0.1821 0.2942 0.4512 0.1831 0.5450 
0.2140
0.6544 0.3336 0.5380 0.3964 0.5569 0.5289 0.6128 0.5314 0.6607 0.6576 0.5474 0.4463 0.4553 0.6575 0.4880 0.6993 
0.4932
0.2851 0.3336 0.0898 0.7798 0.3736 0.6732 0.2245 0.3218 0.2887 0.3321 0.1485 0.1821 0.2939 0.4512 0.1794 0.5776 
0.2140
0.2851 0.3336 0.0898 0.7798 0.3736 0.6732 0.2262 0.3205 0.2920 0.3273 0.1482 0.1818 0.2942 0.4512 0.1834 0.6090 
0.2140
0.3302 0.6669 0.5407 0.4181 0.5568 0.5677 0.6127 0.5639 0.6607 0.6834 0.5365 0.4276 0.4121 0.6575 0.4308 0.7788 
0.4932
0.6544 0.3336 0.5380 0.3818 0.5569 0.5328 0.6128 0.5389 0.6607 0.6577 0.5474 0.4464 0.4555 0.6575 0.4851 0.6996 
0.4932
0.6551 0.3336 0.5383 0.3914 0.5569 0.5359 0.6128 0.5423 0.6607 0.6576 0.5471 0.4478 0.4634 1.0000 0.4904 0.6847 
0.4932
0.2851 0.3336 0.0898 0.7798 0.3736 0.6732 0.2248 0.3167 0.2883 0.3459 0.1484 0.1820 0.2944 0.4512 0.1843 0.5805 
0.2140
0.6544 0.3336 0.5380 0.3913 0.5569 0.5301 0.6128 0.5348 0.6607 0.6576 0.5474 0.4463 0.4553 0.4512 0.4825 0.6990 
0.4932
0.1425 0.6669 0.0897 0.4242 0.3736 0.2007 0.1920 0.2665 0.2597 0.3084 0.0000 0.0000 0.2243 0.4512 0.0936 0.5914 
0.2140
0.1425 0.6669 0.0897 0.4026 0.3736 0.2518 0.1922 0.2738 0.2613 0.3084 0.0000 0.0000 0.2237 0.4512 0.0940 0.6027 
0.2140
0.2851 0.3336 0.0898 0.7798 0.3736 0.6732 0.2228 0.3131 0.2882 0.3326 0.1483 0.1820 0.2944 0.4512 0.1786 0.5776 
0.2140
0.2851 0.3336 0.0898 0.7798 0.3736 0.6732 0.2242 0.3226 0.2884 0.3373 0.1485 0.1821 0.2935 0.4512 0.1839 0.5925 
0.2140
0.2851 0.3336 0.0898 0.7798 0.3736 0.6732 0.2253 0.3237 0.2886 0.3402 0.1483 0.1823 0.2965 0.4512 0.1840 0.5958 
0.2140
0.1425 0.6669 0.0897 0.4144 0.3736 0.2450 0.1920 0.2645 0.2589 0.3094 0.0000 0.0000 0.2222 0.4512 0.0926 0.5968 
0.2140
0.1425 0.6669 0.0897 0.4414 0.3736 0.2362 0.1939 0.2774 0.2701 0.3089 0.0000 0.0000 0.2224 0.4512 0.0920 0.5897 
0.2140
0.6549 0.3336 0.5382 0.3838 0.5569 0.5308 0.6128 0.5317 0.6607 0.6575 0.5472 0.4478 0.4627 0.6575 0.4885 0.6844 
0.4932
0.3303 0.6669 0.5407 0.4170 0.5568 0.5670 0.6127 0.5632 0.6607 0.6842 0.5366 0.4276 0.4122 0.4512 0.4354 0.7791 
0.4932
0.2851 0.3336 0.0898 0.7798 0.3736 0.6732 0.2246 0.3225 0.2912 0.3419 0.1483 0.1818 0.2929 0.4512 0.1843 0.5703 
0.2140
0.1425 0.6669 0.0897 0.4041 0.3736 0.2192 0.1937 0.2584 0.2647 0.3059 0.0000 0.0000 0.2244 0.4512 0.0961 0.6076 
0.2140
0.6549 0.3336 0.5382 0.4039 0.5569 0.5371 0.6128 0.5449 0.6606 0.6576 0.5472 0.4478 0.4628 0.6575 0.4829 0.6845 
0.4932
0.1425 0.6669 0.0897 0.4232 0.3736 0.2229 0.1935 0.2615 0.2707 0.3059 0.0000 0.0000 0.2242 0.4512 0.0912 0.6054 
0.2140
0.1425 0.6669 0.0897 0.4403 0.3736 0.2370 0.1931 0.2690 0.2666 0.3213 0.0000 0.0000 0.2225 0.4512 0.0943 0.5965 
0.2140
0.6545 0.3336 0.5380 0.3868 0.5569 0.5276 0.6128 0.5281 0.6607 0.6575 0.5474 0.4463 0.4556 0.8261 0.4895 0.6994 
0.4932
0.1425 0.6669 0.0897 0.3580 0.3736 0.2417 0.1939 0.2576 0.2699 0.3132 0.0000 0.0000 0.2244 0.4512 0.0921 0.6142 
0.2140
0.1425 0.6669 0.0897 0.4398 0.3736 0.2276 0.1929 0.2729 0.2695 0.3140 0.0000 0.0000 0.2247 0.4512 0.0946 0.6151 
0.2140
0.6544 0.3336 0.5380 0.3972 0.5569 0.5286 0.6128 0.5300 0.6607 0.6576 0.5474 0.4463 0.4556 0.6575 0.4872 0.6984 
0.4932
0.1425 0.6669 0.0897 0.4200 0.3736 0.2191 0.1937 0.2587 0.2695 0.3042 0.0000 0.0000 0.2229 0.4512 0.0919 0.6309 
0.2140
0.3306 0.6669 0.5410 0.4225 0.5568 0.5703 0.6127 0.5644 0.6607 0.6835 0.5366 0.4282 0.4101 0.4512 0.4342 0.7792 
0.4932
0.2851 0.3336 0.0898 0.7798 0.3736 0.6732 0.2248 0.3194 0.2944 0.3358 0.1484 0.1820 0.2939 0.4512 0.1869 0.5808 
0.2140
0.6544 0.3336 0.5380 0.3929 0.5569 0.5266 0.6128 0.5258 0.6607 0.6575 0.5474 0.4464 0.4553 0.8261 0.4815 0.6991 
0.4932
0.6547 0.3336 0.5381 0.3959 0.5569 0.5307 0.6128 0.5313 0.6607 0.6578 0.5473 0.4466 0.4569 0.8261 0.4845 0.6986 
0.4932
0.3303 0.6669 0.5407 0.4277 0.5568 0.5677 0.6127 0.5638 0.6607 0.6834 0.5366 0.4277 0.4122 0.6575 0.4284 0.7792 
0.4932
0.2851 0.3336 0.0898 0.7798 0.3736 0.6732 0.2242 0.3189 0.2884 0.3417 0.1459 0.1785 0.2925 0.4512 0.1798 0.4549 
0.2140
0.2851 0.3336 0.0898 0.7798 0.3736 0.6732 0.2258 0.3200 0.2928 0.3360 0.1483 0.1818 0.2933 0.4512 0.1834 0.5543 
0.2140
0.3302 0.6669 0.5406 0.4208 0.5568 0.5690 0.6127 0.5645 0.6606 0.6831 0.5366 0.4277 0.4118 0.6575 0.4397 0.7792 
0.4932
0.6545 0.3336 0.5380 0.3823 0.5569 0.5264 0.6128 0.5268 0.6607 0.6576 0.5473 0.4464 0.4557 0.8261 0.4808 0.6985 
0.4932
0.1425 0.6669 0.0897 0.4166 0.3736 0.2078 0.1924 0.2638 0.2608 0.3112 0.0000 0.0000 0.2240 0.4512 0.0955 0.6132 
0.2140
0.1425 0.6669 0.0897 0.3966 0.3736 0.2335 0.1936 0.2522 0.2695 0.3112 0.0000 0.0000 0.2232 0.4512 0.0925 0.5923 
0.2140
0.1425 0.6669 0.0897 0.4192 0.3736 0.2360 0.1943 0.2671 0.2682 0.3084 0.0000 0.0000 0.2230 0.4512 0.0940 0.6286 
0.2140
0.3302 0.6669 0.5407 0.4223 0.5568 0.5686 0.6127 0.5649 0.6607 0.6833 0.5366 0.4276 0.4116 0.8261 0.4295 0.7795 
0.4932
0.1425 0.6669 0.0897 0.3976 0.3736 0.2487 0.1941 0.2676 0.2699 0.3064 0.0000 0.0000 0.2233 0.4512 0.0933 0.5970 
0.2140
0.1425 0.6669 0.0897 0.4615 0.3736 0.2428 0.1946 0.2694 0.2699 0.3112 0.0000 0.0000 0.2283 0.4512 0.1028 0.6250 
0.2140
0.3303 0.6669 0.5407 0.4345 0.5568 0.5683 0.6127 0.5649 0.6607 0.6833 0.5365 0.4276 0.4126 0.6575 0.4325 0.7795 
0.4932
0.3302 0.6669 0.5407 0.4284 0.5568 0.5690 0.6127 0.5643 0.6607 0.6848 0.5366 0.4277 0.4121 0.4512 0.4330 0.7789 
0.4932
0.2851 0.3336 0.0898 0.7798 0.3736 0.6732 0.2249 0.3179 0.2915 0.3446 0.1484 0.1820 0.2939 0.4512 0.1828 0.5878 
0.2140
0.1425 0.6669 0.0897 0.3938 0.3736 0.2060 0.1937 0.2557 0.2684 0.3136 0.0000 0.0000 0.2212 0.4512 0.0943 0.6107 
0.2140
0.2851 0.3336 0.0898 0.7798 0.3736 0.6732 0.2212 0.3158 0.2853 0.3354 0.1483 0.1819 0.2935 0.4512 0.1804 0.6121 
0.2140
0.3304 0.6669 0.5408 0.4234 0.5568 0.5685 0.6127 0.5654 0.6607 0.6834 0.5367 0.4277 0.4111 0.6575 0.4386 0.7796 
0.4932
0.1425 0.6669 0.0897 0.4439 0.3736 0.1926 0.1936 0.2676 0.3267 0.3795 0.0000 0.0000 0.2230 1.0000 0.0957 0.6015 
0.2140
0.2851 0.3336 0.0898 0.7798 0.3736 0.6732 0.2253 0.3207 0.2912 0.3388 0.1486 0.1822 0.2932 0.4512 0.1867 0.5804 
0.2140
0.2851 0.3336 0.0898 0.7798 0.3736 0.6732 0.2250 0.3177 0.2900 0.3313 0.1459 0.1788 0.2946 0.4512 0.1882 0.4602 
0.2140
0.2851 0.3336 0.0898 0.7798 0.3736 0.6732 0.2247 0.3204 0.2890 0.3378 0.1482 0.1818 0.2939 0.4512 0.1854 0.5458 
0.2140
0.6545 0.3336 0.5380 0.3948 0.5569 0.5299 0.6128 0.5316 0.6607 0.6578 0.5473 0.4464 0.4561 0.6575 0.4826 0.6988 
0.4932
0.3303 0.6669 0.5407 0.4142 0.5568 0.5692 0.6127 0.5647 0.6607 0.6832 0.5365 0.4275 0.4122 0.4512 0.4359 0.7792 
0.4932
0.3302 0.6669 0.5407 0.4269 0.5568 0.5694 0.6127 0.5647 0.6607 0.6833 0.5365 0.4276 0.4123 0.4512 0.4325 0.7793 
0.4932
0.1425 0.6669 0.0897 0.4228 0.3736 0.2225 0.1923 0.2765 0.2615 0.3098 0.0000 0.0000 0.2247 0.4512 0.0970 0.5902 
0.2140
0.3303 0.6669 0.5407 0.4202 0.5568 0.5672 0.6127 0.5643 0.6606 0.6846 0.5365 0.4276 0.4124 0.6575 0.4304 0.7788 
0.4932
0.1425 0.6669 0.0897 0.4088 0.3736 0.2234 0.1936 0.2603 0.2682 0.3165 0.0000 0.0000 0.2205 0.4512 0.0931 0.6249 
0.2140
0.2851 0.3336 0.0898 0.7798 0.3736 0.6732 0.2252 0.3144 0.2935 0.3346 0.1482 0.1817 0.2932 0.4512 0.1851 0.5688 
0.2140
0.6544 0.3336 0.5380 0.3853 0.5569 0.5267 0.6128 0.5278 0.6607 0.6576 0.5475 0.4463 0.4550 0.6575 0.4850 0.6989 
0.4932
0.2851 0.3336 0.0898 0.7798 0.3736 0.6732 0.2255 0.3204 0.2908 0.3395 0.1481 0.1818 0.2946 0.4512 0.1791 0.5698 
0.2140
0.2851 0.3336 0.0898 0.7798 0.3736 0.6732 0.2244 0.3187 0.2889 0.3381 0.1487 0.1822 0.2933 0.4512 0.1866 0.5707 
0.2140
0.3302 0.6669 0.5406 0.4112 0.5568 0.5701 0.6127 0.5660 0.6606 0.6831 0.5366 0.4276 0.4118 0.6575 0.4386 0.7794 
0.4932
0.3303 0.6669 0.5407 0.4264 0.5568 0.5675 0.6127 0.5642 0.6607 0.6837 0.5366 0.4276 0.4121 0.9687 0.4291 0.7791 
0.4932
0.1425 0.6669 0.0897 0.4023 0.3736 0.2371 0.1936 0.2727 0.2711 0.3080 0.0000 0.0000 0.2223 0.4512 0.0983 0.6083 
0.2140
0.6549 0.3336 0.5382 0.4004 0.5569 0.5328 0.6128 0.5342 0.6607 0.6578 0.5472 0.4478 0.4625 0.6575 0.4850 0.6847 
0.4932
0.6549 0.3336 0.5382 0.3903 0.5569 0.5321 0.6128 0.5340 0.6607 0.6576 0.5472 0.4477 0.4623 0.6575 0.4861 0.6849 
0.4932
0.2851 0.3336 0.0898 0.7798 0.3736 0.6732 0.2255 0.3164 0.2926 0.3347 0.1483 0.1819 0.2946 0.5601 0.1809 0.5971 
0.2140
0.2851 0.3336 0.0898 0.7798 0.3736 0.6732 0.2252 0.3197 0.2899 0.3373 0.1457 0.1784 0.2929 0.4512 0.1817 0.4516 
0.2140
0.2851 0.3336 0.0898 0.7798 0.3736 0.6732 0.2253 0.3207 0.2904 0.3380 0.1486 0.1820 0.2929 0.4512 0.1793 0.5798 
0.2140
0.6549 0.3336 0.5382 0.3936 0.5569 0.5315 0.6128 0.5324 0.6607 0.6576 0.5473 0.4478 0.4628 0.6575 0.4839 0.6847 
0.4932
0.6544 0.3336 0.5380 0.3874 0.5569 0.5313 0.6128 0.5360 0.6607 0.6576 0.5474 0.4463 0.4553 0.8261 0.4813 0.6988 
0.4932
0.1425 0.6669 0.0897 0.4123 0.3736 0.1976 0.1936 0.2576 0.2705 0.3103 0.0000 0.0000 0.2230 0.4512 0.0924 0.5966 
0.2140
0.6545 0.3336 0.5380 0.3932 0.5569 0.5311 0.6128 0.5360 0.6607 0.6578 0.5474 0.4464 0.4557 0.8261 0.4821 0.6986 
0.4932
0.2851 0.3336 0.0898 0.7798 0.3736 0.6732 0.2253 0.3172 0.2924 0.3425 0.1484 0.1820 0.2947 0.5601 0.1857 0.6087 
0.2140
0.1425 0.6669 0.0897 0.4188 0.3736 0.2390 0.1941 0.2672 0.2652 0.3103 0.0000 0.0000 0.2248 0.4512 0.0982 0.5918 
0.2140
0.2851 0.3336 0.0898 0.7798 0.3736 0.6732 0.2217 0.3165 0.2862 0.3404 0.1460 0.1787 0.2929 0.4512 0.1798 0.5573 
0.2140
0.1425 0.6669 0.0897 0.4201 0.3736 0.2271 0.1927 0.2724 0.2603 0.3084 0.0000 0.0000 0.2238 0.4512 0.0947 0.6157 
0.2140
0.3664 0.2642 0.0899 0.7605 0.3736 0.6490 0.2358 0.3102 0.3003 0.3235 0.1694 0.2110 0.3449 0.4512 0.2279 0.5859 
0.2140
0.1425 0.6669 0.0897 0.4297 0.3736 0.2032 0.1943 0.2640 0.2673 0.3154 0.0000 0.0000 0.2215 0.4512 0.0939 0.5897 
0.2140
0.3302 0.6669 0.5406 0.4290 0.5568 0.5688 0.6127 0.5651 0.6607 0.6843 0.5365 0.4276 0.4119 0.4512 0.4395 0.7794 
0.4932
0.3302 0.6669 0.5407 0.4229 0.5568 0.5671 0.6127 0.5640 0.6607 0.6840 0.5365 0.4276 0.4120 0.6575 0.4304 0.7797 
0.4932
0.6544 0.3336 0.5380 0.3948 0.5569 0.5285 0.6128 0.5305 0.6606 0.6575 0.5474 0.4464 0.4555 0.8261 0.4840 0.6987 
0.4932
0.1425 0.6669 0.0897 0.4356 0.3736 0.2100 0.1930 0.2649 0.2630 0.3080 0.0000 0.0000 0.2241 0.4512 0.0952 0.6119 
0.2140
0.3301 0.6669 0.5406 0.4226 0.5568 0.5663 0.6127 0.5639 0.6606 0.6841 0.5365 0.4275 0.4117 0.4512 0.4308 0.7798 
0.4932
0.2851 0.3336 0.0898 0.7798 0.3736 0.6732 0.2255 0.3183 0.2915 0.3345 0.1482 0.1819 0.2947 0.4512 0.1819 0.5934 
0.2140
0.3302 0.6669 0.5407 0.4208 0.5568 0.5682 0.6127 0.5626 0.6607 0.6860 0.5365 0.4276 0.4119 0.9687 0.4364 0.7789 
0.4932
0.2851 0.3336 0.0898 0.7798 0.3736 0.6732 0.2221 0.3175 0.2867 0.3356 0.1485 0.1821 0.2934 0.4512 0.1815 0.5652 
0.2140
0.6545 0.3336 0.5380 0.4015 0.5569 0.5273 0.6128 0.5281 0.6607 0.6576 0.5474 0.4464 0.4560 0.4512 0.4826 0.6992 
0.4932
0.1425 0.6669 0.0897 0.4329 0.3736 0.2106 0.1937 0.2490 0.2690 0.3084 0.0000 0.0000 0.2218 0.4512 0.0946 0.6222 
0.2140
0.1425 0.6669 0.0897 0.3754 0.3736 0.2298 0.1935 0.2490 0.2679 0.3070 0.0000 0.0000 0.2241 0.4512 0.0901 0.6140 
0.2140
0.2851 0.3336 0.0898 0.7798 0.3736 0.6732 0.2254 0.3217 0.2900 0.3380 0.1483 0.1820 0.2943 0.4512 0.1800 0.5769 
0.2140
0.3303 0.6669 0.5407 0.4244 0.5568 0.5664 0.6127 0.5609 0.6606 0.6856 0.5365 0.4276 0.4122 0.6575 0.4308 0.7790 
0.4932
0.1425 0.6669 0.0897 0.3889 0.3736 0.2419 0.1939 0.2505 0.2701 0.3165 0.0000 0.0000 0.2241 0.4512 0.0914 0.6136 
0.2140
0.2851 0.3336 0.0898 0.7798 0.3736 0.6732 0.2246 0.3177 0.2886 0.3312 0.1485 0.1821 0.2939 0.4512 0.1835 0.5890 
0.2140
0.3303 0.6669 0.5407 0.4125 0.5568 0.5665 0.6127 0.5615 0.6607 0.6854 0.5366 0.4277 0.4120 0.8261 0.4282 0.7799 
0.4932
0.1425 0.6669 0.0897 0.3954 0.3736 0.2435 0.1938 0.2607 0.2682 0.3143 0.0000 0.0000 0.2247 0.4512 0.0918 0.6199 
0.2140
0.1425 0.6669 0.0897 0.3817 0.3736 0.2463 0.1930 0.2481 0.2628 0.3132 0.0000 0.0000 0.2220 0.4512 0.0946 0.5974 
0.2140
0.6549 0.3336 0.5382 0.3883 0.5569 0.5304 0.6128 0.5302 0.6607 0.6576 0.5472 0.4477 0.4624 0.4512 0.4846 0.6851 
0.4932
0.3302 0.6669 0.5407 0.4163 0.5568 0.5683 0.6127 0.5652 0.6606 0.6838 0.5365 0.4276 0.4117 0.4512 0.4292 0.7792 
0.4932
0.3303 0.6669 0.5407 0.4180 0.5568 0.5697 0.6127 0.5655 0.6601 0.6838 0.5367 0.4277 0.4118 0.8261 0.4374 0.7791 
0.4932
0.1425 0.6669 0.0897 0.4293 0.3736 0.2336 0.1925 0.2679 0.2603 0.3080 0.0000 0.0000 0.2232 0.4512 0.0935 0.6047 
0.2140
0.6551 0.3336 0.5383 0.3909 0.5569 0.5366 0.6128 0.5445 0.6607 0.6577 0.5472 0.4479 0.4634 0.4512 0.4865 0.6848 
0.4932
0.6551 0.3336 0.5383 0.3936 0.5569 0.5364 0.6128 0.5422 0.6607 0.6576 0.5471 0.4479 0.4636 0.6575 0.4887 0.6843 
0.4932
0.1425 0.6669 0.0897 0.4285 0.3736 0.2002 0.1938 0.2744 0.2621 0.3042 0.0000 0.0000 0.2259 0.4512 0.1019 0.5972 
0.2140
0.1425 0.6669 0.0897 0.4176 0.3736 0.2318 0.1936 0.2579 0.2690 0.3054 0.0000 0.0000 0.2232 0.4512 0.0913 0.6355 
0.2140
0.6543 0.3336 0.5379 0.3938 0.5569 0.5293 0.6128 0.5307 0.6607 0.6577 0.5474 0.4463 0.4552 0.4512 0.4868 0.6998 
0.4932
0.1425 0.6669 0.0897 0.4112 0.3736 0.2180 0.1943 0.2410 0.2692 0.3084 0.0000 0.0000 0.2235 0.4512 0.0956 0.4820 
0.2140
0.3302 0.6669 0.5406 0.4187 0.5568 0.5684 0.6127 0.5618 0.6607 0.6859 0.5365 0.4276 0.4116 0.8261 0.4302 0.7794 
0.4932
0.3302 0.6669 0.5407 0.4224 0.5568 0.5667 0.6127 0.5617 0.6607 0.6852 0.5365 0.4276 0.4116 0.4512 0.4320 0.7795 
0.4932
0.6547 0.3336 0.5381 0.3890 0.5569 0.5302 0.6128 0.5309 0.6607 0.6577 0.5473 0.4465 0.4571 0.8261 0.4871 0.6981 
0.4932
0.2851 0.3336 0.0898 0.7798 0.3736 0.6732 0.2266 0.3203 0.2939 0.3404 0.1484 0.1821 0.2949 0.4512 0.1840 0.5715 
0.2140
0.3304 0.6669 0.5409 0.4213 0.5568 0.5675 0.6127 0.5638 0.6606 0.6845 0.5367 0.4278 0.4107 0.8261 0.4403 0.7794 
0.4932
0.3303 0.6669 0.5407 0.4069 0.5568 0.5694 0.6127 0.5650 0.6607 0.6831 0.5365 0.4276 0.4126 0.4512 0.4300 0.7785 
0.4932
0.6551 0.3336 0.5383 0.4088 0.5569 0.5355 0.6128 0.5389 0.6607 0.6577 0.5473 0.4480 0.4634 0.4512 0.4892 0.6847 
0.4932
0.3302 0.6669 0.5407 0.4246 0.5568 0.5662 0.6127 0.5636 0.6607 0.6841 0.5365 0.4275 0.4120 0.4512 0.4327 0.7794 
0.4932
0.1425 0.6669 0.0897 0.4104 0.3736 0.2458 0.1946 0.2624 0.2703 0.3234 0.0000 0.0000 0.2234 0.4512 0.0970 0.6019 
0.2140
0.1425 0.6669 0.0897 0.4164 0.3736 0.2271 0.1922 0.2724 0.2595 0.3080 0.0000 0.0000 0.2236 0.4512 0.0938 0.6058 
0.2140
0.1425 0.6669 0.0897 0.4064 0.3736 0.2245 0.1917 0.2549 0.2576 0.3084 0.0000 0.0000 0.2202 0.4512 0.0922 0.6171 
0.2140
0.3303 0.6669 0.5407 0.4173 0.5568 0.5673 0.6127 0.5639 0.6607 0.6841 0.5365 0.4275 0.4122 0.4512 0.4307 0.7791 
0.4932
0.2851 0.3336 0.0898 0.7798 0.3736 0.6732 0.2255 0.3225 0.2918 0.3345 0.1486 0.1822 0.2939 0.4512 0.1823 0.5373 
0.2140
0.3302 0.6669 0.5407 0.4261 0.5568 0.5698 0.6127 0.5651 0.6607 0.6831 0.5365 0.4275 0.4121 0.8261 0.4303 0.7790 
0.4932
0.6545 0.3336 0.5380 0.3887 0.5569 0.5299 0.6128 0.5318 0.6607 0.6577 0.5473 0.4463 0.4560 0.4512 0.4833 0.6987 
0.4932
0.1425 0.6669 0.0897 0.4300 0.3736 0.1938 0.1919 0.2678 0.2608 0.3054 0.0000 0.0000 0.2234 0.4512 0.0935 0.5897 
0.2140
0.6549 0.3336 0.5382 0.4044 0.5569 0.5321 0.6128 0.5335 0.6607 0.6576 0.5473 0.4478 0.4626 0.8261 0.4886 0.6848 
0.4932
0.1425 0.6669 0.0897 0.4030 0.3736 0.2097 0.1942 0.2660 0.2688 0.3154 0.0000 0.0000 0.2205 0.4512 0.0940 0.6002 
0.2140
0.2851 0.3336 0.0898 0.7798 0.3736 0.6732 0.2212 0.3125 0.2867 0.3382 0.1460 0.1786 0.2921 0.4512 0.1783 0.5791 
0.2140
0.1425 0.6669 0.0897 0.4232 0.3736 0.2108 0.1939 0.2595 0.2699 0.3178 0.0000 0.0000 0.2226 0.4512 0.0926 0.6213 
0.2140
0.2851 0.3336 0.0898 0.7798 0.3736 0.6732 0.2226 0.3192 0.2838 0.3337 0.1482 0.1816 0.2930 0.4512 0.1811 0.6047 
0.2140
0.1425 0.6669 0.0897 0.4196 0.3736 0.2142 0.1921 0.2664 0.2587 0.3084 0.0000 0.0000 0.2237 0.4512 0.0922 0.6164 
0.2140
0.6551 0.3336 0.5383 0.3843 0.5569 0.5339 0.6128 0.5364 0.6608 0.6577 0.5472 0.4479 0.4633 0.8261 0.4872 0.6843 
0.4932
0.2851 0.3336 0.0898 0.7798 0.3736 0.6732 0.2253 0.3215 0.2912 0.3347 0.1485 0.1823 0.2947 0.4512 0.1903 0.5791 
0.2140
0.6545 0.3336 0.5380 0.3925 0.5569 0.5286 0.6128 0.5301 0.6607 0.6576 0.5474 0.4464 0.4559 0.6575 0.4821 0.6987 
0.4932
0.2851 0.3336 0.0898 0.7798 0.3736 0.6732 0.2253 0.3186 0.2960 0.3463 0.1459 0.1787 0.2937 0.4512 0.1788 0.5580 
0.2140
0.6545 0.3336 0.5380 0.3948 0.5569 0.5311 0.6128 0.5365 0.6607 0.6576 0.5474 0.4464 0.4557 0.4512 0.4835 0.6989 
0.4932
0.1425 0.6669 0.0897 0.4094 0.3736 0.2410 0.1928 0.2600 0.2621 0.3084 0.0000 0.0000 0.2220 0.4512 0.0940 0.6180 
0.2140
0.6549 0.3336 0.5382 0.4060 0.5569 0.5320 0.6128 0.5336 0.6607 0.6575 0.5472 0.4478 0.4622 0.6575 0.4848 0.6848 
0.4932
0.1425 0.6669 0.0897 0.4192 0.3736 0.2351 0.1941 0.2653 0.2709 0.3089 0.0000 0.0000 0.2243 0.4512 0.0948 0.5903 
0.2140
0.2851 0.3336 0.0898 0.7798 0.3736 0.6732 0.2251 0.3171 0.2916 0.3398 0.1485 0.1820 0.2930 0.4512 0.1860 0.5698 
0.2140
0.3302 0.6669 0.5406 0.4366 0.5568 0.5674 0.6127 0.5618 0.6607 0.6864 0.5365 0.4276 0.4116 0.4512 0.4430 0.7789 
0.4932
0.1425 0.6669 0.0897 0.4470 0.3736 0.2474 0.1944 0.2799 0.2716 0.3018 0.0000 0.0000 0.2233 0.4512 0.0922 0.6296 
0.2140
0.1425 0.6669 0.0897 0.4016 0.3736 0.2115 0.1924 0.2643 0.2597 0.3048 0.0000 0.0000 0.2244 0.4512 0.0929 0.5954 
0.2140
0.6547 0.3336 0.5381 0.3916 0.5569 0.5328 0.6128 0.5356 0.6608 0.6578 0.5474 0.4466 0.4568 0.4512 0.4867 0.6991 
0.4932
0.3303 0.6669 0.5408 0.4292 0.5568 0.5691 0.6127 0.5659 0.6607 0.6835 0.5366 0.4277 0.4127 0.4512 0.4313 0.7789 
0.4932
0.3302 0.6669 0.5407 0.4262 0.5568 0.5681 0.6127 0.5630 0.6607 0.6833 0.5366 0.4277 0.4120 0.6575 0.4309 0.7791 
0.4932
0.6545 0.3336 0.5380 0.3966 0.5569 0.5277 0.6128 0.5293 0.6607 0.6575 0.5473 0.4464 0.4560 0.4512 0.4838 0.6984 
0.4932
0.6545 0.3336 0.5380 0.3893 0.5569 0.5311 0.6128 0.5360 0.6607 0.6578 0.5474 0.4464 0.4555 0.8261 0.4822 0.6984 
0.4932
0.3303 0.6669 0.5407 0.4146 0.5568 0.5661 0.6127 0.5616 0.6607 0.6849 0.5366 0.4277 0.4120 0.4512 0.4266 0.7796 
0.4932
0.1425 0.6669 0.0897 0.4350 0.3736 0.2412 0.1938 0.2678 0.2686 0.3084 0.0000 0.0000 0.2209 0.4512 0.0922 0.6098 
0.2140
0.2851 0.3336 0.0898 0.7798 0.3736 0.6732 0.2213 0.3135 0.2844 0.3363 0.1483 0.1818 0.2936 0.4512 0.1806 0.5706 
0.2140
0.3302 0.6669 0.5407 0.4057 0.5568 0.5676 0.6127 0.5644 0.6607 0.6838 0.5366 0.4277 0.4118 0.4512 0.4279 0.7791 
0.4932
0.3303 0.6669 0.5407 0.4302 0.5568 0.5681 0.6127 0.5636 0.6607 0.6846 0.5366 0.4277 0.4120 0.4512 0.4287 0.7794 
0.4932
0.3302 0.6669 0.5407 0.4255 0.5568 0.5693 0.6127 0.5652 0.6606 0.6841 0.5365 0.4276 0.4123 0.6575 0.4319 0.7791 
0.4932
0.6545 0.3336 0.5380 0.3817 0.5569 0.5279 0.6128 0.5290 0.6607 0.6576 0.5474 0.4464 0.4560 0.4512 0.4842 0.6979 
0.4932
0.2851 0.3336 0.0898 0.7798 0.3736 0.6732 0.2234 0.3167 0.2942 0.3515 0.1484 0.1823 0.2962 0.4512 0.1822 0.4493 
0.2140
0.1425 0.6669 0.0897 0.3990 0.3736 0.2505 0.1920 0.2670 0.2603 0.3084 0.0000 0.0000 0.2250 0.4512 0.0927 0.5919 
0.2140
0.2851 0.3336 0.0898 0.7798 0.3736 0.6732 0.2265 0.3221 0.3019 0.3443 0.1461 0.1788 0.2928 0.4512 0.1841 0.5768 
0.2140
0.2851 0.3336 0.0898 0.7798 0.3736 0.6732 0.2257 0.3202 0.2916 0.3427 0.1481 0.1816 0.2936 0.4512 0.1819 0.5603 
0.2140
0.1425 0.6669 0.0897 0.3921 0.3736 0.2056 0.1935 0.2581 0.2679 0.3116 0.0000 0.0000 0.2224 0.4512 0.0910 0.5819 
0.2140
0.1425 0.6669 0.0897 0.4078 0.3736 0.2332 0.1924 0.2722 0.2610 0.3124 0.0000 0.0000 0.2247 0.4512 0.0970 0.5961 
0.2140
0.1425 0.6669 0.0897 0.3881 0.3736 0.2062 0.1939 0.2486 0.2686 0.3136 0.0000 0.0000 0.2228 0.4512 0.0935 0.6274 
0.2140
0.2851 0.3336 0.0898 0.7798 0.3736 0.6732 0.2261 0.3196 0.2910 0.3340 0.1462 0.1789 0.2925 0.4512 0.1811 0.5778 
0.2140
0.3302 0.6669 0.5407 0.4179 0.5568 0.5659 0.6127 0.5629 0.6607 0.6846 0.5365 0.4276 0.4122 0.6575 0.4333 0.7790 
0.4932
0.6545 0.3336 0.5380 0.3897 0.5569 0.5321 0.6128 0.5380 0.6607 0.6577 0.5474 0.4464 0.4556 0.6575 0.4833 0.6987 
0.4932
0.3303 0.6669 0.5407 0.4188 0.5568 0.5679 0.6127 0.5641 0.6606 0.6841 0.5365 0.4276 0.4123 0.4512 0.4291 0.7790 
0.4932
0.2851 0.3336 0.0898 0.7798 0.3736 0.6732 0.2216 0.3125 0.2847 0.3332 0.1484 0.1820 0.2942 0.4512 0.1837 0.5631 
0.2140
0.6544 0.3336 0.5380 0.3984 0.5569 0.5315 0.6128 0.5371 0.6607 0.6577 0.5474 0.4463 0.4553 0.6575 0.4831 0.6994 
0.4932
0.4343 0.5558 0.5370 0.3444 0.5568 0.5190 0.6127 0.5214 0.6607 0.6783 0.4729 0.3611 0.3206 0.4512 0.3245 0.8087 
0.4932
0.2851 0.3336 0.0898 0.7798 0.3736 0.6732 0.2243 0.3241 0.2905 0.3437 0.1485 0.1820 0.2935 0.4512 0.1814 0.5518 
0.2140
0.3303 0.6669 0.5407 0.4230 0.5568 0.5691 0.6127 0.5644 0.6607 0.6832 0.5365 0.4276 0.4123 0.6575 0.4320 0.7789 
0.4932
0.6544 0.3336 0.5380 0.3906 0.5569 0.5323 0.6128 0.5376 0.6607 0.6578 0.5474 0.4464 0.4553 0.8261 0.4820 0.6983 
0.4932
0.1425 0.6669 0.0897 0.4444 0.3736 0.2328 0.1946 0.2608 0.2699 0.3107 0.0000 0.0000 0.2293 0.4512 0.1019 0.6111 
0.2140
0.6548 0.3336 0.5382 0.3911 0.5569 0.5327 0.6128 0.5342 0.6607 0.6577 0.5473 0.4477 0.4621 0.4512 0.4845 0.6853 
0.4932
0.3302 0.6669 0.5407 0.4198 0.5568 0.5675 0.6127 0.5630 0.6607 0.6833 0.5365 0.4276 0.4121 0.4512 0.4292 0.7795 
0.4932
0.2851 0.3336 0.0898 0.7798 0.3736 0.6732 0.2233 0.3138 0.2877 0.3330 0.1484 0.1822 0.2951 0.4512 0.1858 0.5564 
0.2140
0.1425 0.6669 0.0897 0.4519 0.3736 0.2330 0.1930 0.2762 0.2695 0.3208 0.0000 0.0000 0.2239 0.4512 0.0960 0.5993 
0.2140
0.2851 0.3336 0.0898 0.7798 0.3736 0.6732 0.2243 0.3192 0.2937 0.3521 0.1460 0.1787 0.2934 0.4512 0.1848 0.5903 
0.2140
0.3301 0.6669 0.5406 0.4256 0.5568 0.5677 0.6127 0.5646 0.6607 0.6838 0.5366 0.4276 0.4113 0.6575 0.4322 0.7798 
0.4932
0.2851 0.3336 0.0898 0.7798 0.3736 0.6732 0.2262 0.3201 0.2937 0.3364 0.1482 0.1819 0.2949 0.4512 0.1824 0.5789 
0.2140
0.6550 0.3336 0.5383 0.3917 0.5569 0.5323 0.6128 0.5338 0.6607 0.6574 0.5471 0.4478 0.4632 0.8261 0.4860 0.6848 
0.4932
0.1425 0.6669 0.0897 0.4337 0.3736 0.2296 0.1940 0.2772 0.2668 0.3098 0.0000 0.0000 0.2245 0.4512 0.0936 0.6021 
0.2140
0.2851 0.3336 0.0898 0.7798 0.3736 0.6732 0.2253 0.3194 0.2933 0.3284 0.1482 0.1817 0.2930 0.4512 0.1821 0.5565 
0.2140
0.6551 0.3336 0.5383 0.3956 0.5569 0.5345 0.6128 0.5356 0.6608 0.6578 0.5471 0.4478 0.4634 0.6575 0.4886 0.6848 
0.4932
0.1425 0.6669 0.0897 0.4294 0.3736 0.2176 0.1923 0.2739 0.2610 0.3175 0.0000 0.0000 0.2223 0.4512 0.0943 0.6005 
0.2140
0.3302 0.6669 0.5407 0.4335 0.5568 0.5656 0.6127 0.5632 0.6607 0.6842 0.5365 0.4276 0.4120 0.6575 0.4298 0.7792 
0.4932
0.1425 0.6669 0.0897 0.3808 0.3736 0.2186 0.1920 0.2564 0.2610 0.3158 0.0000 0.0000 0.2229 0.4512 0.0966 0.5557 
0.2140
0.2851 0.3336 0.0898 0.7798 0.3736 0.6732 0.2241 0.3174 0.2884 0.3336 0.1487 0.1821 0.2922 0.4512 0.1840 0.5588 
0.2140
0.1425 0.6669 0.0897 0.4092 0.3736 0.2055 0.1925 0.2682 0.2605 0.3080 0.0000 0.0000 0.2261 0.4512 0.0963 0.6196 
0.2140
0.1425 0.6669 0.0897 0.4106 0.3736 0.2311 0.1916 0.2553 0.2640 0.3151 0.0000 0.0000 0.2229 0.4512 0.0922 0.6285 
0.2140
0.1425 0.6669 0.0897 0.3874 0.3736 0.2159 0.1915 0.2589 0.2608 0.3120 0.0000 0.0000 0.2241 0.4512 0.0919 0.6392 
0.2140
0.3303 0.6669 0.5407 0.4262 0.5568 0.5669 0.6127 0.5606 0.6607 0.6857 0.5366 0.4277 0.4116 0.8261 0.4373 0.7793 
0.4932
0.6546 0.3336 0.5381 0.3952 0.5569 0.5283 0.6128 0.5297 0.6607 0.6576 0.5474 0.4464 0.4558 0.4512 0.4832 0.6980 
0.4932
0.3303 0.6669 0.5407 0.4162 0.5568 0.5698 0.6127 0.5649 0.6607 0.6831 0.5365 0.4276 0.4121 0.4512 0.4321 0.7788 
0.4932
0.2851 0.3336 0.0898 0.7798 0.3736 0.6732 0.2257 0.3136 0.2931 0.3394 0.1483 0.1820 0.2949 0.4512 0.1815 0.5576 
0.2140
0.3303 0.6669 0.5407 0.4117 0.5568 0.5681 0.6127 0.5651 0.6607 0.6836 0.5366 0.4277 0.4119 0.4512 0.4371 0.7792 
0.4932
0.2851 0.3336 0.0898 0.7798 0.3736 0.6732 0.2247 0.3157 0.2903 0.3374 0.1484 0.1821 0.2939 0.4512 0.1802 0.5831 
0.2140
0.2851 0.3336 0.0898 0.7798 0.3736 0.6732 0.2233 0.3193 0.2932 0.3424 0.1486 0.1823 0.2939 0.4512 0.1812 0.6573 
0.2140
0.2851 0.3336 0.0898 0.7798 0.3736 0.6732 0.2244 0.3200 0.2907 0.3364 0.1486 0.1822 0.2940 0.4512 0.1829 0.5715 
0.2140
0.3303 0.6669 0.5407 0.4239 0.5568 0.5682 0.6127 0.5636 0.6607 0.6850 0.5366 0.4277 0.4119 0.6575 0.4289 0.7791 
0.4932
0.3304 0.6669 0.5408 0.4242 0.5568 0.5683 0.6127 0.5652 0.6607 0.6836 0.5367 0.4277 0.4109 0.6575 0.4426 0.7796 
0.4932
0.2851 0.3336 0.0898 0.7798 0.3736 0.6732 0.2240 0.3171 0.2886 0.3388 0.1482 0.1818 0.2946 0.4512 0.1844 0.5636 
0.2140
0.6547 0.3336 0.5381 0.3886 0.5569 0.5343 0.6128 0.5423 0.6607 0.6579 0.5473 0.4466 0.4569 0.8261 0.4844 0.6983 
0.4932
0.6545 0.3336 0.5380 0.3852 0.5569 0.5267 0.6128 0.5280 0.6607 0.6576 0.5474 0.4464 0.4560 0.4512 0.4802 0.6987 
0.4932
0.2851 0.3336 0.0898 0.7798 0.3736 0.6732 0.2214 0.3152 0.2842 0.3374 0.1458 0.1787 0.2934 0.4512 0.1806 0.6077 
0.2140
0.2851 0.3336 0.0898 0.7798 0.3736 0.6732 0.2213 0.3116 0.2842 0.3409 0.1459 0.1785 0.2922 0.4512 0.1811 0.5713 
0.2140
0.1425 0.6669 0.0897 0.4123 0.3736 0.1924 0.1922 0.2580 0.2623 0.3147 0.0000 0.0000 0.2218 0.4512 0.0942 0.5937 
0.2140
0.6544 0.3336 0.5380 0.3966 0.5569 0.5269 0.6128 0.5281 0.6607 0.6576 0.5474 0.4464 0.4556 0.4512 0.4804 0.6997 
0.4932
0.2851 0.3336 0.0898 0.7798 0.3736 0.6732 0.2253 0.3219 0.2928 0.3526 0.1485 0.1822 0.2938 0.4512 0.1804 0.5602 
0.2140
0.3302 0.6669 0.5407 0.4237 0.5568 0.5689 0.6127 0.5637 0.6607 0.6850 0.5365 0.4276 0.4117 0.8261 0.4325 0.7790 
0.4932
0.6544 0.3336 0.5380 0.3911 0.5569 0.5306 0.6128 0.5353 0.6607 0.6578 0.5474 0.4464 0.4551 0.8261 0.4831 0.6992 
0.4932
0.6549 0.3336 0.5382 0.4005 0.5569 0.5344 0.6128 0.5430 0.6607 0.6578 0.5473 0.4478 0.4626 0.6575 0.4863 0.6849 
0.4932
0.2851 0.3336 0.0898 0.7798 0.3736 0.6732 0.2242 0.3185 0.2893 0.3360 0.1484 0.1821 0.2941 0.4512 0.1878 0.6295 
0.2140
0.3303 0.6669 0.5407 0.4221 0.5568 0.5692 0.6127 0.5656 0.6607 0.6833 0.5365 0.4277 0.4125 0.9687 0.4304 0.7787 
0.4932
0.2851 0.3336 0.0898 0.7798 0.3736 0.6732 0.2261 0.3193 0.2941 0.3408 0.1486 0.1823 0.2946 0.4512 0.1854 0.5547 
0.2140
0.2851 0.3336 0.0898 0.7798 0.3736 0.6732 0.2240 0.3133 0.2893 0.3373 0.1480 0.1818 0.2956 0.4512 0.1812 0.6007 
0.2140
0.6545 0.3336 0.5380 0.3974 0.5569 0.5317 0.6128 0.5363 0.6607 0.6577 0.5474 0.4465 0.4556 0.6575 0.4793 0.6990 
0.4932
0.1425 0.6669 0.0897 0.4245 0.3736 0.2114 0.1924 0.2555 0.2705 0.3222 0.0000 0.0000 0.2215 0.4512 0.0927 0.5946 
0.2140
0.3303 0.6669 0.5408 0.4109 0.5568 0.5672 0.6127 0.5635 0.6607 0.6842 0.5365 0.4276 0.4122 0.4512 0.4325 0.7793 
0.4932
0.6546 0.3336 0.5380 0.4094 0.5569 0.5268 0.6128 0.5271 0.6607 0.6575 0.5473 0.4465 0.4560 0.8261 0.4797 0.6985 
0.4932
0.1425 0.6669 0.0897 0.3866 0.3736 0.2183 0.1921 0.2510 0.2605 0.3064 0.0000 0.0000 0.2251 0.4512 0.0948 0.5561 
0.2140
0.1425 0.6669 0.0897 0.4230 0.3736 0.1799 0.1937 0.2572 0.2673 0.3136 0.0000 0.0000 0.2234 0.4512 0.0932 0.6062 
0.2140
0.1425 0.6669 0.0897 0.4142 0.3736 0.2036 0.1918 0.2655 0.2626 0.3136 0.0000 0.0000 0.2234 0.4512 0.0946 0.6061 
0.2140
0.1425 0.6669 0.0897 0.4411 0.3736 0.2267 0.1940 0.2688 0.2697 0.3112 0.0000 0.0000 0.2229 0.4512 0.0944 0.5809 
0.2140
0.1425 0.6669 0.0897 0.4112 0.3736 0.2136 0.1920 0.2684 0.2630 0.3107 0.0000 0.0000 0.2241 0.5601 0.0950 0.5950 
0.2140
0.2851 0.3336 0.0898 0.7798 0.3736 0.6732 0.2242 0.3200 0.2905 0.3392 0.1485 0.1824 0.2950 0.4512 0.1843 0.5905 
0.2140
0.3303 0.6669 0.5407 0.4114 0.5568 0.5646 0.6127 0.5621 0.6606 0.6846 0.5365 0.4276 0.4122 0.8261 0.4332 0.7792 
0.4932
0.6545 0.3336 0.5380 0.4048 0.5569 0.5308 0.6128 0.5357 0.6607 0.6577 0.5473 0.4464 0.4559 0.4512 0.4820 0.6982 
0.4932
0.3305 0.6669 0.5409 0.4305 0.5568 0.5690 0.6127 0.5633 0.6606 0.6833 0.5367 0.4282 0.4103 0.8261 0.4272 0.7795 
0.4932
0.6544 0.3336 0.5380 0.3963 0.5569 0.5283 0.6128 0.5296 0.6607 0.6578 0.5474 0.4463 0.4556 0.4512 0.4807 0.6995 
0.4932
0.3302 0.6669 0.5407 0.4208 0.5568 0.5669 0.6127 0.5624 0.6607 0.6848 0.5366 0.4277 0.4114 0.6575 0.4403 0.7800 
0.4932
0.2851 0.3336 0.0898 0.7798 0.3736 0.6732 0.2265 0.3225 0.2920 0.3399 0.1461 0.1789 0.2934 0.4512 0.1839 0.6095 
0.2140
0.2851 0.3336 0.0898 0.7798 0.3736 0.6732 0.2260 0.3208 0.2973 0.3484 0.1460 0.1787 0.2928 0.4512 0.1815 0.5694 
0.2140
0.1425 0.6669 0.0897 0.3990 0.3736 0.2521 0.1940 0.2742 0.2638 0.3147 0.0000 0.0000 0.2227 0.4512 0.0984 0.6016 
0.2140
0.6544 0.3336 0.5380 0.3922 0.5569 0.5312 0.6128 0.5358 0.6607 0.6577 0.5474 0.4464 0.4556 1.0000 0.4774 0.6993 
0.4932
0.3302 0.6669 0.5407 0.4263 0.5568 0.5660 0.6127 0.5631 0.6607 0.6844 0.5365 0.4276 0.4122 0.4512 0.4312 0.7792 
0.4932
0.3302 0.6669 0.5407 0.4224 0.5568 0.5693 0.6127 0.5641 0.6607 0.6832 0.5365 0.4276 0.4123 0.6575 0.4316 0.7793 
0.4932
0.3302 0.6669 0.5406 0.4164 0.5568 0.5672 0.6127 0.5621 0.6607 0.6857 0.5365 0.4276 0.4120 0.9687 0.4390 0.7796 
0.4932
0.2851 0.3336 0.0898 0.7798 0.3736 0.6732 0.2255 0.3150 0.2963 0.3404 0.1461 0.1787 0.2929 0.4512 0.1814 0.6317 
0.2140
0.3303 0.6669 0.5408 0.4336 0.5568 0.5682 0.6127 0.5651 0.6607 0.6835 0.5366 0.4277 0.4124 0.4512 0.4317 0.7790 
0.4932
0.2851 0.3336 0.0898 0.7798 0.3736 0.6732 0.2229 0.3168 0.2849 0.3347 0.1482 0.1818 0.2942 0.4512 0.1811 0.5488 
0.2140
0.2851 0.3336 0.0898 0.7798 0.3736 0.6732 0.2226 0.3165 0.2955 0.3630 0.1462 0.1788 0.2929 0.4512 0.1831 0.5572 
0.2140
0.1425 0.6669 0.0897 0.3956 0.3736 0.2260 0.1922 0.2638 0.2618 0.3042 0.0000 0.0000 0.2226 0.4512 0.0926 0.5949 
0.2140
0.2851 0.3336 0.0898 0.7798 0.3736 0.6732 0.2256 0.3198 0.2923 0.3359 0.1483 0.1821 0.2957 0.4512 0.1865 0.5584 
0.2140
0.2851 0.3336 0.0898 0.7798 0.3736 0.6732 0.2263 0.3200 0.2935 0.3384 0.1484 0.1821 0.2941 0.4512 0.1792 0.5563 
0.2140
0.6544 0.3336 0.5380 0.3967 0.5569 0.5287 0.6128 0.5315 0.6607 0.6578 0.5474 0.4463 0.4552 0.6575 0.4845 0.6984 
0.4932
0.6544 0.3336 0.5380 0.3947 0.5569 0.5295 0.6128 0.5309 0.6608 0.6578 0.5474 0.4463 0.4553 0.6575 0.4862 0.6995 
0.4932
0.6552 0.3336 0.5383 0.3993 0.5569 0.5393 0.6128 0.5428 0.6608 0.6580 0.5472 0.4480 0.4636 0.4512 0.4825 0.6843 
0.4932
0.6550 0.3336 0.5382 0.3932 0.5569 0.5354 0.6128 0.5416 0.6607 0.6577 0.5472 0.4478 0.4629 0.4512 0.4881 0.6844 
0.4932
0.3303 0.6669 0.5408 0.4268 0.5568 0.5682 0.6127 0.5644 0.6606 0.6840 0.5366 0.4277 0.4123 0.8261 0.4275 0.7792 
0.4932
0.6548 0.3336 0.5382 0.3941 0.5569 0.5319 0.6128 0.5340 0.6607 0.6577 0.5472 0.4477 0.4623 0.6575 0.4887 0.6849 
0.4932
0.6544 0.3336 0.5380 0.3842 0.5569 0.5295 0.6128 0.5335 0.6607 0.6579 0.5474 0.4464 0.4553 0.4512 0.4805 0.6996 
0.4932
0.2851 0.3336 0.0898 0.7798 0.3736 0.6732 0.2261 0.3180 0.2908 0.3435 0.1482 0.1819 0.2943 0.4512 0.1824 0.5900 
0.2140
0.2851 0.3336 0.0898 0.7798 0.3736 0.6732 0.2254 0.3193 0.2952 0.3397 0.1464 0.1790 0.2916 0.4512 0.1842 0.5662 
0.2140
0.2851 0.3336 0.0898 0.7798 0.3736 0.6732 0.2238 0.3178 0.2968 0.3413 0.1460 0.1787 0.2928 0.5601 0.1791 0.6108 
0.2140
0.3302 0.6669 0.5407 0.4255 0.5568 0.5692 0.6127 0.5650 0.6607 0.6843 0.5365 0.4276 0.4119 0.4512 0.4311 0.7793 
0.4932
0.6545 0.3336 0.5380 0.3929 0.5569 0.5314 0.6128 0.5361 0.6607 0.6577 0.5474 0.4463 0.4556 0.6575 0.4824 0.6985 
0.4932
0.2851 0.3336 0.0898 0.7798 0.3736 0.6732 0.2224 0.3121 0.2838 0.3311 0.1484 0.1820 0.2943 0.4512 0.1789 0.5752 
0.2140
0.1425 0.6669 0.0897 0.4403 0.3736 0.2020 0.1935 0.2690 0.2692 0.3084 0.0000 0.0000 0.2213 0.4512 0.0904 0.6186 
0.2140
0.1425 0.6669 0.0897 0.4410 0.3736 0.2319 0.1946 0.2660 0.2707 0.3098 0.0000 0.0000 0.2229 0.4512 0.0977 0.5225 
0.2140
0.6544 0.3336 0.5380 0.3947 0.5569 0.5331 0.6128 0.5400 0.6607 0.6578 0.5474 0.4464 0.4552 0.9687 0.4784 0.6989 
0.4932
0.2851 0.3336 0.0898 0.7798 0.3736 0.6732 0.2264 0.3184 0.2928 0.3391 0.1483 0.1820 0.2941 0.4512 0.1829 0.5803 
0.2140
0.2851 0.3336 0.0898 0.7798 0.3736 0.6732 0.2239 0.3216 0.2900 0.3327 0.1463 0.1790 0.2929 0.4512 0.1815 0.5682 
0.2140
0.1425 0.6669 0.0897 0.4130 0.3736 0.2127 0.1952 0.2631 0.2695 0.3059 0.0000 0.0000 0.2236 0.4512 0.0962 0.6109 
0.2140
0.3303 0.6669 0.5407 0.4304 0.5568 0.5661 0.6127 0.5633 0.6606 0.6841 0.5366 0.4277 0.4120 0.4512 0.4345 0.7789 
0.4932
0.3302 0.6669 0.5406 0.4229 0.5568 0.5692 0.6127 0.5643 0.6607 0.6848 0.5365 0.4275 0.4115 0.6575 0.4384 0.7795 
0.4932
0.6545 0.3336 0.5380 0.3949 0.5569 0.5299 0.6128 0.5336 0.6607 0.6576 0.5474 0.4465 0.4558 0.9687 0.4823 0.6983 
0.4932
0.6549 0.3336 0.5382 0.3935 0.5569 0.5340 0.6128 0.5391 0.6607 0.6577 0.5471 0.4477 0.4625 0.6575 0.4841 0.6850 
0.4932
0.3304 0.6669 0.5409 0.4075 0.5568 0.5653 0.6127 0.5584 0.6607 0.6857 0.5367 0.4277 0.4113 0.6575 0.4455 0.7793 
0.4932
0.1425 0.6669 0.0897 0.3801 0.3736 0.1151 0.1924 0.1858 0.3485 0.3587 0.0000 0.0000 0.0000 1.0000 0.0362 0.5781 
0.2140
0.1425 0.6669 0.0897 0.3868 0.3736 0.2468 0.1940 0.2568 0.2690 0.3075 0.0000 0.0000 0.2248 0.4512 0.0927 0.6128 
0.2140
0.6549 0.3336 0.5382 0.3993 0.5569 0.5302 0.6128 0.5304 0.6607 0.6575 0.5472 0.4478 0.4625 0.4512 0.4822 0.6848 
0.4932
0.1425 0.6669 0.0897 0.4174 0.3736 0.2101 0.1940 0.2662 0.2677 0.3120 0.0000 0.0000 0.2236 0.5601 0.0949 0.6253 
0.2140
0.6545 0.3336 0.5380 0.3937 0.5569 0.5321 0.6128 0.5375 0.6607 0.6578 0.5474 0.4465 0.4560 0.9687 0.4779 0.6980 
0.4932
0.6545 0.3336 0.5380 0.3861 0.5569 0.5265 0.6128 0.5264 0.6608 0.6576 0.5474 0.4464 0.4557 0.6575 0.4811 0.6988 
0.4932
0.6544 0.3336 0.5380 0.3864 0.5569 0.5295 0.6128 0.5327 0.6608 0.6579 0.5474 0.4465 0.4554 0.6575 0.4816 0.6984 
0.4932
0.6545 0.3336 0.5380 0.3917 0.5569 0.5278 0.6128 0.5285 0.6607 0.6575 0.5474 0.4464 0.4558 0.8261 0.4854 0.6980 
0.4932
0.6549 0.3336 0.5382 0.3972 0.5569 0.5332 0.6128 0.5364 0.6607 0.6577 0.5471 0.4477 0.4626 0.9687 0.4864 0.6847 
0.4932
0.3302 0.6669 0.5407 0.4285 0.5568 0.5668 0.6127 0.5621 0.6607 0.6849 0.5366 0.4276 0.4121 0.6575 0.4322 0.7793 
0.4932
0.6549 0.3336 0.5382 0.3870 0.5569 0.5352 0.6128 0.5413 0.6607 0.6578 0.5472 0.4478 0.4626 0.4512 0.4855 0.6850 
0.4932
0.2851 0.3336 0.0898 0.7798 0.3736 0.6732 0.2246 0.3190 0.2899 0.3392 0.1485 0.1822 0.2939 0.4512 0.1811 0.5834 
0.2140
0.3304 0.6669 0.5408 0.4165 0.5568 0.5674 0.6127 0.5628 0.6607 0.6849 0.5366 0.4277 0.4123 0.4512 0.4303 0.7788 
0.4932
0.1425 0.6669 0.0897 0.4091 0.3736 0.1896 0.1932 0.2517 0.2610 0.3094 0.0000 0.0000 0.2232 0.4512 0.0973 0.6065 
0.2140
0.3302 0.6669 0.5407 0.4268 0.5568 0.5673 0.6127 0.5641 0.6607 0.6843 0.5365 0.4276 0.4121 0.8261 0.4361 0.7794 
0.4932
0.1425 0.6669 0.0897 0.4225 0.3736 0.2078 0.1925 0.2730 0.2618 0.3094 0.0000 0.0000 0.2211 0.4512 0.0944 0.6183 
0.2140
0.2851 0.3336 0.0898 0.7798 0.3736 0.6732 0.2245 0.3182 0.2912 0.3314 0.1460 0.1788 0.2942 0.4512 0.1866 0.5712 
0.2140
0.3303 0.6669 0.5407 0.4216 0.5568 0.5686 0.6127 0.5650 0.6607 0.6839 0.5365 0.4276 0.4121 0.4512 0.4331 0.7792 
0.4932
0.3303 0.6669 0.5408 0.4186 0.5568 0.5689 0.6127 0.5656 0.6607 0.6833 0.5366 0.4277 0.4125 0.6575 0.4306 0.7788 
0.4932
0.1425 0.6669 0.0897 0.4329 0.3736 0.2008 0.1917 0.2660 0.2610 0.3124 0.0000 0.0000 0.2240 0.4512 0.0938 0.5890 
0.2140
0.6544 0.3336 0.5380 0.3924 0.5569 0.5324 0.6128 0.5385 0.6607 0.6578 0.5474 0.4463 0.4553 0.4512 0.4826 0.6986 
0.4932
0.3303 0.6669 0.5407 0.4266 0.5568 0.5680 0.6127 0.5646 0.6607 0.6837 0.5365 0.4276 0.4126 0.6575 0.4303 0.7792 
0.4932
0.3303 0.6669 0.5408 0.4179 0.5568 0.5696 0.6127 0.5652 0.6607 0.6832 0.5366 0.4277 0.4113 0.6575 0.4371 0.7793 
0.4932
0.6547 0.3336 0.5381 0.3952 0.5569 0.5364 0.6128 0.5442 0.6607 0.6577 0.5473 0.4466 0.4569 0.6575 0.4848 0.6985 
0.4932
0.6544 0.3336 0.5380 0.3852 0.5569 0.5291 0.6128 0.5326 0.6607 0.6577 0.5474 0.4464 0.4552 0.8261 0.4828 0.6996 
0.4932
0.2851 0.3336 0.0898 0.7798 0.3736 0.6732 0.2263 0.3202 0.2931 0.3407 0.1484 0.1820 0.2944 0.4512 0.1875 0.5520 
0.2140
0.3302 0.6669 0.5407 0.4114 0.5568 0.5673 0.6127 0.5641 0.6607 0.6835 0.5365 0.4276 0.4119 0.6575 0.4349 0.7796 
0.4932
0.3302 0.6669 0.5406 0.4120 0.5568 0.5681 0.6127 0.5632 0.6607 0.6833 0.5364 0.4275 0.4123 0.4512 0.4307 0.7792 
0.4932
0.1425 0.6669 0.0897 0.4275 0.3736 0.2432 0.1941 0.2691 0.2697 0.3089 0.0000 0.0000 0.2231 0.4512 0.0951 0.5607 
0.2140
0.1425 0.6669 0.0897 0.4203 0.3736 0.2201 0.1923 0.2805 0.2595 0.3048 0.0000 0.0000 0.2253 0.4512 0.0938 0.5982 
0.2140
0.2851 0.3336 0.0898 0.7798 0.3736 0.6732 0.2251 0.3196 0.2886 0.3367 0.1484 0.1821 0.2946 0.4512 0.1890 0.5866 
0.2140
0.3304 0.6669 0.5408 0.4224 0.5568 0.5688 0.6127 0.5645 0.6606 0.6832 0.5367 0.4278 0.4112 0.6575 0.4413 0.7793 
0.4932
0.2851 0.3336 0.0898 0.7798 0.3736 0.6732 0.2249 0.3171 0.2907 0.3363 0.1482 0.1819 0.2950 0.4512 0.1827 0.5751 
0.2140
0.6545 0.3336 0.5380 0.3942 0.5569 0.5280 0.6128 0.5293 0.6607 0.6576 0.5474 0.4465 0.4560 0.4512 0.4826 0.6983 
0.4932
0.2851 0.3336 0.0898 0.7798 0.3736 0.6732 0.2236 0.3176 0.2889 0.3399 0.1460 0.1785 0.2917 0.4512 0.1805 0.5697 
0.2140
0.1425 0.6669 0.0897 0.4303 0.3736 0.2278 0.1937 0.2565 0.2684 0.3116 0.0000 0.0000 0.2229 0.4512 0.0913 0.6100 
0.2140
0.3302 0.6669 0.5407 0.4264 0.5568 0.5662 0.6127 0.5632 0.6607 0.6845 0.5365 0.4276 0.4119 0.8261 0.4291 0.7792 
0.4932
0.3302 0.6669 0.5406 0.4202 0.5568 0.5694 0.6127 0.5661 0.6606 0.6831 0.5365 0.4275 0.4117 0.9687 0.4356 0.7798 
0.4932
0.3306 0.6669 0.5410 0.4087 0.5568 0.5709 0.6127 0.5653 0.6607 0.6833 0.5367 0.4282 0.4107 0.4512 0.4323 0.7791 
0.4932
0.3303 0.6669 0.5407 0.4130 0.5568 0.5669 0.6127 0.5627 0.6607 0.6850 0.5366 0.4276 0.4114 0.4512 0.4310 0.7797 
0.4932
0.1425 0.6669 0.0897 0.4151 0.3736 0.2376 0.1938 0.2601 0.2705 0.3107 0.0000 0.0000 0.2224 0.4512 0.0936 0.6057 
0.2140
0.2851 0.3336 0.0898 0.7798 0.3736 0.6732 0.2259 0.3215 0.2932 0.3341 0.1484 0.1819 0.2932 0.4512 0.1797 0.5866 
0.2140
0.6544 0.3336 0.5380 0.3984 0.5569 0.5281 0.6128 0.5292 0.6607 0.6575 0.5474 0.4464 0.4556 0.8261 0.4839 0.6985 
0.4932
0.3303 0.6669 0.5407 0.4208 0.5568 0.5697 0.6127 0.5661 0.6607 0.6834 0.5365 0.4276 0.4123 0.6575 0.4298 0.7795 
0.4932
0.3303 0.6669 0.5407 0.4208 0.5568 0.5671 0.6127 0.5606 0.6607 0.6859 0.5365 0.4276 0.4121 0.9687 0.4321 0.7794 
0.4932
0.3303 0.6669 0.5407 0.4287 0.5568 0.5690 0.6127 0.5640 0.6607 0.6832 0.5365 0.4276 0.4122 0.4512 0.4316 0.7793 
0.4932
0.2851 0.3336 0.0898 0.7798 0.3736 0.6732 0.2231 0.3215 0.2874 0.3463 0.1460 0.1789 0.2941 0.4512 0.1841 0.4573 
0.2140
0.2851 0.3336 0.0898 0.7798 0.3736 0.6732 0.2254 0.3197 0.2905 0.3305 0.1483 0.1819 0.2943 0.4512 0.1816 0.5666 
0.2140
0.2851 0.3336 0.0898 0.7798 0.3736 0.6732 0.2236 0.3154 0.2905 0.3361 0.1482 0.1819 0.2948 0.4512 0.1782 0.5601 
0.2140
0.3303 0.6669 0.5407 0.4156 0.5568 0.5698 0.6127 0.5656 0.6607 0.6832 0.5365 0.4276 0.4122 0.6575 0.4311 0.7790 
0.4932
0.3302 0.6669 0.5406 0.4125 0.5568 0.5681 0.6127 0.5621 0.6606 0.6860 0.5365 0.4276 0.4120 0.4512 0.4353 0.7794 
0.4932
0.1425 0.6669 0.0897 0.4026 0.3736 0.2213 0.1940 0.2585 0.2690 0.3064 0.0000 0.0000 0.2236 0.4512 0.0938 0.5994 
0.2140
0.6544 0.3336 0.5380 0.3940 0.5569 0.5323 0.6128 0.5382 0.6607 0.6577 0.5474 0.4463 0.4555 0.8261 0.4859 0.6987 
0.4932
0.3304 0.6669 0.5408 0.4176 0.5568 0.5681 0.6127 0.5646 0.6606 0.6841 0.5367 0.4277 0.4115 0.4512 0.4410 0.7793 
0.4932
0.1425 0.6669 0.0897 0.4101 0.3736 0.2155 0.1932 0.2518 0.2645 0.3080 0.0000 0.0000 0.2235 0.4512 0.0968 0.5919 
0.2140
0.1425 0.6669 0.0897 0.4241 0.3736 0.2229 0.1927 0.2534 0.2623 0.3154 0.0000 0.0000 0.2231 0.4512 0.0943 0.6002 
0.2140
0.3303 0.6669 0.5407 0.4142 0.5568 0.5678 0.6127 0.5651 0.6607 0.6841 0.5365 0.4276 0.4126 0.4512 0.4328 0.7791 
0.4932
0.3303 0.6669 0.5407 0.4213 0.5568 0.5684 0.6127 0.5637 0.6607 0.6831 0.5366 0.4276 0.4121 0.4512 0.4305 0.7796 
0.4932
0.1425 0.6669 0.0897 0.4213 0.3736 0.2080 0.1935 0.2432 0.2699 0.3059 0.0000 0.0000 0.2224 0.5601 0.0933 0.6125 
0.2140
0.1425 0.6669 0.0897 0.4001 0.3736 0.2151 0.1938 0.2583 0.2697 0.3098 0.0000 0.0000 0.2220 0.4512 0.0910 0.6137 
0.2140
0.6545 0.3336 0.5380 0.4118 0.5569 0.5292 0.6128 0.5308 0.6607 0.6576 0.5474 0.4464 0.4556 0.6575 0.4839 0.6987 
0.4932
0.2851 0.3336 0.0898 0.7798 0.3736 0.6732 0.2248 0.3207 0.2903 0.3392 0.1486 0.1823 0.2940 0.4512 0.1835 0.5511 
0.2140
0.2851 0.3336 0.0898 0.7798 0.3736 0.6732 0.2262 0.3176 0.2946 0.3487 0.1460 0.1783 0.2911 0.4512 0.1817 0.6159 
0.2140
0.3302 0.6669 0.5407 0.4135 0.5568 0.5693 0.6127 0.5651 0.6607 0.6833 0.5365 0.4276 0.4120 0.6575 0.4311 0.7796 
0.4932
0.3303 0.6669 0.5407 0.4194 0.5568 0.5655 0.6127 0.5631 0.6607 0.6847 0.5365 0.4276 0.4121 0.4512 0.4394 0.7786 
0.4932
0.3303 0.6669 0.5407 0.4109 0.5568 0.5672 0.6127 0.5614 0.6606 0.6851 0.5365 0.4276 0.4123 0.4512 0.4292 0.7796 
0.4932
0.3302 0.6669 0.5407 0.3975 0.5568 0.5660 0.6127 0.5630 0.6607 0.6848 0.5366 0.4277 0.4124 0.6575 0.4310 0.7789 
0.4932
0.2851 0.3336 0.0898 0.7798 0.3736 0.6732 0.2214 0.3118 0.2818 0.3331 0.1482 0.1819 0.2949 0.4512 0.1826 0.5755 
0.2140
0.1425 0.6669 0.0897 0.4303 0.3736 0.2234 0.1934 0.2632 0.2695 0.3124 0.0000 0.0000 0.2248 0.4512 0.0909 0.6443 
0.2140
0.3303 0.6669 0.5407 0.4210 0.5568 0.5674 0.6127 0.5635 0.6607 0.6841 0.5365 0.4276 0.4120 0.8261 0.4304 0.7791 
0.4932
0.6545 0.3336 0.5380 0.3941 0.5569 0.5333 0.6128 0.5405 0.6607 0.6578 0.5474 0.4464 0.4558 0.8261 0.4843 0.6987 
0.4932
0.6545 0.3336 0.5380 0.3899 0.5569 0.5308 0.6128 0.5374 0.6607 0.6576 0.5474 0.4465 0.4556 0.6575 0.4779 0.6991 
0.4932
0.1425 0.6669 0.0897 0.4314 0.3736 0.2180 0.1940 0.2578 0.2692 0.3098 0.0000 0.0000 0.2205 0.4512 0.0947 0.6045 
0.2140
0.6544 0.3336 0.5380 0.3881 0.5569 0.5250 0.6128 0.5249 0.6607 0.6575 0.5474 0.4464 0.4555 0.9687 0.4825 0.6987 
0.4932
0.6551 0.3336 0.5383 0.3929 0.5569 0.5379 0.6128 0.5466 0.6607 0.6577 0.5472 0.4480 0.4634 0.6575 0.4825 0.6849 
0.4932
0.2851 0.3336 0.0898 0.7798 0.3736 0.6732 0.2256 0.3167 0.2929 0.3392 0.1461 0.1790 0.2934 0.4512 0.1816 0.5712 
0.2140
0.6545 0.3336 0.5380 0.3974 0.5569 0.5300 0.6128 0.5339 0.6608 0.6578 0.5474 0.4465 0.4559 0.6575 0.4833 0.6982 
0.4932
0.6544 0.3336 0.5380 0.3882 0.5569 0.5324 0.6128 0.5382 0.6607 0.6577 0.5474 0.4463 0.4555 0.8261 0.4857 0.6986 
0.4932
0.3303 0.6669 0.5407 0.4260 0.5568 0.5685 0.6127 0.5643 0.6606 0.6831 0.5365 0.4276 0.4122 0.9687 0.4318 0.7795 
0.4932
0.3303 0.6669 0.5407 0.4284 0.5568 0.5682 0.6127 0.5619 0.6607 0.6862 0.5365 0.4276 0.4127 0.6575 0.4364 0.7789 
0.4932
0.2851 0.3336 0.0898 0.7798 0.3736 0.6732 0.2224 0.3102 0.2940 0.3406 0.1482 0.1816 0.2927 0.4512 0.1819 0.4555 
0.2140
0.2851 0.3336 0.0898 0.7798 0.3736 0.6732 0.2235 0.3107 0.2899 0.3396 0.1461 0.1789 0.2946 0.4512 0.1824 0.5636 
0.2140
0.1425 0.6669 0.0897 0.3986 0.3736 0.2025 0.1937 0.2671 0.2688 0.3107 0.0000 0.0000 0.2224 0.4512 0.0911 0.6046 
0.2140
0.6549 0.3336 0.5382 0.3888 0.5569 0.5356 0.6128 0.5425 0.6607 0.6577 0.5472 0.4477 0.4626 0.8261 0.4827 0.6851 
0.4932
0.3303 0.6669 0.5407 0.4159 0.5568 0.5665 0.6127 0.5638 0.6607 0.6847 0.5365 0.4276 0.4124 1.0000 0.4322 0.7788 
0.4932
0.6544 0.3336 0.5380 0.3978 0.5569 0.5273 0.6128 0.5280 0.6607 0.6576 0.5474 0.4464 0.4555 0.4512 0.4823 0.6989 
0.4932
0.1425 0.6669 0.0897 0.4307 0.3736 0.2293 0.1940 0.2581 0.2684 0.3031 0.0000 0.0000 0.2237 0.4512 0.0943 0.6097 
0.2140
0.3305 0.6669 0.5410 0.4099 0.5568 0.5701 0.6127 0.5646 0.6607 0.6833 0.5367 0.4282 0.4109 0.4512 0.4277 0.7795 
0.4932
0.3303 0.6669 0.5407 0.4198 0.5568 0.5675 0.6127 0.5626 0.6607 0.6851 0.5365 0.4276 0.4124 0.9687 0.4323 0.7792 
0.4932
0.2851 0.3336 0.0898 0.7798 0.3736 0.6732 0.2256 0.3228 0.2910 0.3319 0.1482 0.1817 0.2934 0.4512 0.1807 0.5746 
0.2140
0.1425 0.6669 0.0897 0.4211 0.3736 0.2200 0.1925 0.2712 0.2597 0.3107 0.0000 0.0000 0.2245 0.4512 0.0958 0.5901 
0.2140
0.1425 0.6669 0.0897 0.4310 0.3736 0.2122 0.1940 0.2631 0.2690 0.3112 0.0000 0.0000 0.2228 0.4512 0.0936 0.5983 
0.2140
0.6548 0.3336 0.5382 0.3872 0.5569 0.5319 0.6128 0.5332 0.6607 0.6576 0.5473 0.4478 0.4622 0.8261 0.4822 0.6852 
0.4932
0.1425 0.6669 0.0897 0.4073 0.3736 0.1990 0.1919 0.2673 0.2608 0.3054 0.0000 0.0000 0.2248 0.4512 0.0929 0.6050 
0.2140
0.1425 0.6669 0.0897 0.4255 0.3736 0.2062 0.1922 0.2660 0.2608 0.3136 0.0000 0.0000 0.2248 0.4512 0.0926 0.5689 
0.2140
0.3303 0.6669 0.5407 0.4300 0.5568 0.5685 0.6127 0.5647 0.6603 0.6838 0.5365 0.4276 0.4128 0.4512 0.4406 0.7790 
0.4932
0.2851 0.3336 0.0898 0.7798 0.3736 0.6732 0.2256 0.3148 0.2944 0.3350 0.1484 0.1820 0.2939 0.4512 0.1788 0.5805 
0.2140
0.3302 0.6669 0.5407 0.4249 0.5568 0.5687 0.6127 0.5638 0.6607 0.6848 0.5365 0.4276 0.4120 0.4512 0.4356 0.7790 
0.4932
0.6544 0.3336 0.5380 0.3838 0.5569 0.5313 0.6128 0.5373 0.6607 0.6578 0.5474 0.4463 0.4554 0.6575 0.4858 0.6992 
0.4932
0.1425 0.6669 0.0897 0.4135 0.3736 0.2293 0.1935 0.2560 0.2720 0.3075 0.0000 0.0000 0.2225 0.4512 0.0886 0.5896 
0.2140
0.6545 0.3336 0.5380 0.3858 0.5569 0.5265 0.6128 0.5267 0.6607 0.6574 0.5474 0.4465 0.4557 0.6575 0.4798 0.6986 
0.4932
0.2851 0.3336 0.0898 0.7798 0.3736 0.6732 0.2259 0.3192 0.2931 0.3413 0.1463 0.1787 0.2911 0.4512 0.1830 0.5963 
0.2140
0.1425 0.6669 0.0897 0.4204 0.3736 0.2318 0.1935 0.2505 0.2709 0.3042 0.0000 0.0000 0.2228 0.4512 0.0902 0.6294 
0.2140
0.2851 0.3336 0.0898 0.7798 0.3736 0.6732 0.2252 0.3216 0.2883 0.3361 0.1485 0.1820 0.2930 0.4512 0.1817 0.6095 
0.2140
0.6549 0.3336 0.5382 0.4001 0.5569 0.5305 0.6128 0.5315 0.6607 0.6578 0.5472 0.4478 0.4623 0.4512 0.4857 0.6853 
0.4932
0.7688 0.2966 0.5400 0.4063 0.5569 0.5494 0.6128 0.5532 0.6607 0.6533 0.5783 0.4876 0.5059 0.4512 0.5325 0.6173 
0.4932
0.6545 0.3336 0.5380 0.3979 0.5569 0.5323 0.6128 0.5382 0.6607 0.6576 0.5474 0.4464 0.4559 0.8261 0.4837 0.6985 
0.4932
0.6544 0.3336 0.5380 0.3932 0.5569 0.5274 0.6128 0.5289 0.6607 0.6576 0.5474 0.4464 0.4557 0.8261 0.4826 0.6985 
0.4932
0.1425 0.6669 0.0897 0.3795 0.3736 0.2301 0.1936 0.2457 0.2709 0.3103 0.0000 0.0000 0.2228 0.4512 0.0920 0.6261 
0.2140
0.6544 0.3336 0.5380 0.3951 0.5569 0.5308 0.6128 0.5374 0.6607 0.6578 0.5474 0.4464 0.4554 0.8261 0.4808 0.6992 
0.4932
0.3303 0.6669 0.5407 0.4295 0.5568 0.5684 0.6127 0.5649 0.6603 0.6838 0.5366 0.4275 0.4119 1.0000 0.4522 0.7791 
0.4932
0.1425 0.6669 0.0897 0.4470 0.3736 0.2066 0.1925 0.2745 0.2626 0.3075 0.0000 0.0000 0.2244 0.4512 0.0941 0.6005 
0.2140
0.1425 0.6669 0.0897 0.4405 0.3736 0.2046 0.1922 0.2616 0.2589 0.3098 0.0000 0.0000 0.2240 0.4512 0.0954 0.5904 
0.2140
0.3303 0.6669 0.5407 0.4166 0.5568 0.5676 0.6127 0.5638 0.6607 0.6836 0.5366 0.4276 0.4119 0.6575 0.4315 0.7793 
0.4932
0.1425 0.6669 0.0897 0.4407 0.3736 0.2345 0.1945 0.2725 0.2726 0.3094 0.0000 0.0000 0.2291 0.4512 0.1025 0.5789 
0.2140
0.3303 0.6669 0.5407 0.4155 0.5568 0.5689 0.6127 0.5646 0.6607 0.6835 0.5366 0.4276 0.4121 0.8261 0.4344 0.7792 
0.4932
0.6549 0.3336 0.5382 0.3962 0.5569 0.5338 0.6128 0.5386 0.6607 0.6576 0.5472 0.4477 0.4624 0.6575 0.4866 0.6852 
0.4932
0.6545 0.3336 0.5380 0.3962 0.5569 0.5303 0.6128 0.5350 0.6607 0.6578 0.5474 0.4464 0.4561 0.8261 0.4848 0.6984 
0.4932
0.2851 0.3336 0.0898 0.7798 0.3736 0.6732 0.2257 0.3220 0.2901 0.3369 0.1486 0.1824 0.2949 0.4512 0.1868 0.5804 
0.2140
0.2851 0.3336 0.0898 0.7798 0.3736 0.6732 0.2257 0.3186 0.2928 0.3377 0.1485 0.1820 0.2930 0.4512 0.1801 0.5564 
0.2140
0.2851 0.3336 0.0898 0.7798 0.3736 0.6732 0.2245 0.3175 0.2950 0.3422 0.1463 0.1789 0.2926 0.4512 0.1852 0.5601 
0.2140
0.6546 0.3336 0.5380 0.4045 0.5569 0.5323 0.6128 0.5390 0.6607 0.6578 0.5474 0.4465 0.4557 0.6575 0.4833 0.6983 
0.4932
0.3304 0.6669 0.5408 0.4265 0.5568 0.5670 0.6127 0.5629 0.6606 0.6846 0.5366 0.4276 0.4116 0.4512 0.4462 0.7793 
0.4932
0.6544 0.3336 0.5380 0.3953 0.5569 0.5303 0.6128 0.5350 0.6607 0.6578 0.5474 0.4463 0.4551 0.4512 0.4843 0.6993 
0.4932
0.1425 0.6669 0.0897 0.4230 0.3736 0.2181 0.1935 0.2516 0.2688 0.3124 0.0000 0.0000 0.2233 0.4512 0.0905 0.6111 
0.2140
0.1425 0.6669 0.0897 0.4468 0.3736 0.2024 0.1929 0.2690 0.2657 0.3107 0.0000 0.0000 0.2226 0.4512 0.0946 0.6027 
0.2140
0.3302 0.6669 0.5407 0.4137 0.5568 0.5674 0.6127 0.5595 0.6607 0.6863 0.5366 0.4276 0.4120 0.9687 0.4308 0.7792 
0.4932
0.3303 0.6669 0.5407 0.4187 0.5568 0.5663 0.6127 0.5634 0.6606 0.6845 0.5366 0.4276 0.4119 0.4512 0.4292 0.7789 
0.4932
0.6545 0.3336 0.5380 0.3955 0.5569 0.5330 0.6128 0.5394 0.6607 0.6579 0.5474 0.4464 0.4559 0.6575 0.4861 0.6986 
0.4932
0.3303 0.6669 0.5408 0.4233 0.5568 0.5680 0.6127 0.5649 0.6607 0.6841 0.5366 0.4276 0.4124 0.4512 0.4344 0.7796 
0.4932
0.1425 0.6669 0.0897 0.4378 0.3736 0.2410 0.1935 0.2627 0.2673 0.3120 0.0000 0.0000 0.2219 0.4512 0.0945 0.6331 
0.2140
0.3302 0.6669 0.5407 0.4228 0.5568 0.5695 0.6127 0.5658 0.6607 0.6843 0.5366 0.4277 0.4119 0.4512 0.4344 0.7790 
0.4932
0.2851 0.3336 0.0898 0.7798 0.3736 0.6732 0.2257 0.3225 0.2889 0.3324 0.1483 0.1819 0.2944 0.4512 0.1879 0.5412 
0.2140
0.6545 0.3336 0.5380 0.3941 0.5569 0.5290 0.6128 0.5313 0.6607 0.6578 0.5474 0.4464 0.4557 0.6575 0.4845 0.6983 
0.4932
0.3303 0.6669 0.5408 0.4200 0.5568 0.5659 0.6127 0.5633 0.6607 0.6845 0.5366 0.4277 0.4125 0.4512 0.4272 0.7790 
0.4932
0.1425 0.6669 0.0897 0.4187 0.3736 0.2434 0.1945 0.2817 0.2703 0.3181 0.0000 0.0000 0.2234 0.4512 0.0986 0.6486 
0.2140
0.6551 0.3336 0.5383 0.3958 0.5569 0.5362 0.6128 0.5375 0.6607 0.6578 0.5472 0.4479 0.4632 0.6575 0.4858 0.6853 
0.4932
0.2851 0.3336 0.0898 0.7798 0.3736 0.6732 0.2258 0.3130 0.2926 0.3406 0.1459 0.1786 0.2929 0.4512 0.1822 0.4652 
0.2140
0.2851 0.3336 0.0898 0.7798 0.3736 0.6732 0.2248 0.3213 0.2905 0.3402 0.1484 0.1820 0.2940 0.4512 0.1805 0.5433 
0.2140
0.2851 0.3336 0.0898 0.7798 0.3736 0.6732 0.2236 0.3129 0.2871 0.3335 0.1483 0.1819 0.2940 0.4512 0.1841 0.5475 
0.2140
0.3303 0.6669 0.5407 0.4249 0.5568 0.5673 0.6127 0.5639 0.6606 0.6837 0.5365 0.4276 0.4125 0.4512 0.4347 0.7793 
0.4932
0.2851 0.3336 0.0898 0.7798 0.3736 0.6732 0.2249 0.3183 0.2915 0.3464 0.1461 0.1787 0.2923 0.4512 0.1802 0.5582 
0.2140
0.2851 0.3336 0.0898 0.7798 0.3736 0.6732 0.2246 0.3185 0.2912 0.3393 0.1461 0.1788 0.2928 0.4512 0.1859 0.5935 
0.2140
0.2851 0.3336 0.0898 0.7798 0.3736 0.6732 0.2220 0.3184 0.2855 0.3414 0.1484 0.1822 0.2949 0.4512 0.1819 0.5957 
0.2140
0.1425 0.6669 0.0897 0.4199 0.3736 0.1988 0.1916 0.2707 0.2595 0.3070 0.0000 0.0000 0.2225 0.4512 0.0929 0.5900 
0.2140
0.2851 0.3336 0.0898 0.7798 0.3736 0.6732 0.2206 0.3122 0.2822 0.3318 0.1485 0.1820 0.2933 0.4512 0.1826 0.5542 
0.2140
0.2851 0.3336 0.0898 0.7798 0.3736 0.6732 0.2215 0.3143 0.2924 0.3426 0.1461 0.1791 0.2941 0.4512 0.1796 0.5679 
0.2140
0.6545 0.3336 0.5380 0.3971 0.5569 0.5258 0.6128 0.5254 0.6607 0.6574 0.5474 0.4464 0.4555 0.4512 0.4819 0.6991 
0.4932
0.6545 0.3336 0.5380 0.3885 0.5569 0.5307 0.6128 0.5352 0.6607 0.6577 0.5474 0.4465 0.4559 0.4512 0.4825 0.6981 
0.4932