603 16 1
0.2494 0.3336 0.2543 0.4451 0.4655 0.2640 0.2560 0.3074 0.3150 0.3235 0.3398 0.3996 0.4388 0.6575 0.3574 0.2961 
0.1875
0.1670 0.6669 0.7479 0.4036 0.6707 0.5981 0.6454 0.5847 0.6929 0.6840 0.7453 0.6450 0.5351 0.4512 0.5802 0.6230 
0.2496
0.1671 0.6669 0.7480 0.3569 0.6707 0.5984 0.6454 0.5856 0.6932 0.6834 0.7452 0.6450 0.5356 0.4512 0.5826 0.6225 
0.2496
0.1247 0.6669 0.2543 0.4602 0.4655 0.3046 0.2275 0.2972 0.2853 0.3227 0.2433 0.2903 0.4053 0.8261 0.3077 0.2960 
0.1875
0.3315 0.3336 0.7457 0.4118 0.6707 0.5865 0.6455 0.5825 0.6933 0.6508 0.7847 0.6926 0.5808 0.4512 0.6289 0.5700 
0.2496
0.1247 0.6669 0.2542 0.4576 0.4655 0.2989 0.2260 0.3076 0.2822 0.3213 0.2424 0.2893 0.4054 0.4512 0.3110 0.2960 
0.1875
0.3316 0.3336 0.7457 0.3990 0.6707 0.5847 0.6455 0.5802 0.6933 0.6512 0.7847 0.6926 0.5811 0.4512 0.6314 0.5696 
0.2496
0.3316 0.3336 0.7457 0.4195 0.6707 0.5847 0.6455 0.5800 0.6934 0.6513 0.7847 0.6926 0.5811 0.4512 0.6323 0.5696 
0.2496
0.2494 0.3336 0.2543 0.4340 0.4655 0.2562 0.2532 0.3024 0.3074 0.3233 0.3396 0.3996 0.4394 0.8261 0.3574 0.2960 
0.1875
0.2494 0.3336 0.2543 0.4387 0.4655 0.2631 0.2565 0.3100 0.3144 0.3191 0.3396 0.3995 0.4393 0.8261 0.3558 0.2961 
0.1875
0.3317 0.3336 0.7458 0.4162 0.6707 0.5862 0.6455 0.5824 0.6932 0.6511 0.7846 0.6931 0.5831 0.4512 0.6309 0.5674 
0.2496
0.1670 0.6669 0.7478 0.3854 0.6707 0.5982 0.6454 0.5849 0.6930 0.6838 0.7454 0.6450 0.5346 0.4512 0.5785 0.6237 
0.2496
0.1247 0.6669 0.2543 0.4677 0.4655 0.2955 0.2272 0.2926 0.3100 0.3387 0.2342 0.2796 0.4045 1.0000 0.3188 0.2960 
0.1875
0.2494 0.3336 0.2543 0.4396 0.4655 0.2645 0.2537 0.3242 0.3102 0.3370 0.3378 0.3973 0.4384 0.6575 0.3505 0.2960 
0.1875
0.1670 0.6669 0.7478 0.4038 0.6707 0.5995 0.6454 0.5862 0.6931 0.6830 0.7455 0.6451 0.5340 0.4512 0.5916 0.6244 
0.2496
0.2494 0.3336 0.2543 0.4348 0.4655 0.2619 0.2535 0.3040 0.3113 0.3197 0.3398 0.3996 0.4386 0.6575 0.3652 0.2960 
0.1875
0.3316 0.3336 0.7457 0.4224 0.6707 0.5855 0.6455 0.5813 0.6935 0.6514 0.7847 0.6926 0.5812 0.4512 0.6309 0.5695 
0.2496
0.2494 0.3336 0.2543 0.4431 0.4655 0.2671 0.2541 0.3090 0.3084 0.3212 0.3379 0.3973 0.4383 0.8261 0.3536 0.2960 
0.1875
0.1670 0.6669 0.7478 0.3943 0.6707 0.5983 0.6454 0.5831 0.6930 0.6833 0.7454 0.6450 0.5349 0.4512 0.5835 0.6233 
0.2496
0.1247 0.6669 0.2542 0.4603 0.4655 0.2983 0.2239 0.2980 0.2802 0.3209 0.2420 0.2887 0.4054 0.4512 0.3186 0.2959 
0.1875
0.1247 0.6669 0.2542 0.4618 0.4655 0.2917 0.2258 0.3131 0.2871 0.3354 0.2431 0.2901 0.4052 0.6575 0.3126 0.2959 
0.1875
0.1247 0.6669 0.2542 0.4599 0.4655 0.2983 0.2277 0.2990 0.2929 0.3193 0.2430 0.2898 0.4051 0.6575 0.3172 0.2960 
0.1875
0.1670 0.6669 0.7479 0.3981 0.6707 0.5987 0.6454 0.5817 0.6935 0.6834 0.7453 0.6450 0.5354 0.4512 0.5845 0.6228 
0.2496
0.1670 0.6669 0.7479 0.3870 0.6707 0.5991 0.6454 0.5842 0.6930 0.6832 0.7453 0.6450 0.5354 0.4512 0.5803 0.6228 
0.2496
0.2494 0.3336 0.2543 0.4412 0.4655 0.2642 0.2560 0.3173 0.3160 0.3245 0.3379 0.3971 0.4376 0.6575 0.3526 0.2961 
0.1875
0.2494 0.3336 0.2543 0.4383 0.4655 0.2681 0.2546 0.3132 0.3100 0.3207 0.3378 0.3971 0.4381 0.6575 0.3559 0.2961 
0.1875
0.3316 0.3336 0.7457 0.4235 0.6707 0.5868 0.6455 0.5826 0.6934 0.6511 0.7846 0.6931 0.5830 0.4512 0.6295 0.5675 
0.2496
0.1671 0.6669 0.7480 0.3971 0.6707 0.5993 0.6454 0.5852 0.6934 0.6831 0.7454 0.6450 0.5351 0.4512 0.5836 0.6231 
0.2496
0.2494 0.3336 0.2543 0.4482 0.4655 0.2646 0.2538 0.3125 0.3109 0.3268 0.3380 0.3973 0.4380 0.4512 0.3545 0.2960 
0.1875
0.1671 0.6669 0.7480 0.4051 0.6707 0.5992 0.6454 0.5841 0.6932 0.6833 0.7454 0.6450 0.5349 0.4512 0.5930 0.6233 
0.2496
0.1247 0.6669 0.2542 0.4635 0.4655 0.3016 0.2240 0.3005 0.2818 0.3211 0.2423 0.2891 0.4054 0.6575 0.3191 0.2959 
0.1875
0.1247 0.6669 0.2542 0.4613 0.4655 0.2909 0.2276 0.2974 0.2871 0.3096 0.2423 0.2891 0.4053 0.8261 0.3117 0.2960 
0.1875
0.3316 0.3336 0.7457 0.4260 0.6707 0.5861 0.6455 0.5817 0.6934 0.6510 0.7848 0.6927 0.5810 0.4512 0.6249 0.5697 
0.2496
0.2494 0.3336 0.2543 0.4417 0.4655 0.2618 0.2540 0.3235 0.3107 0.3288 0.3399 0.3998 0.4389 0.4512 0.3555 0.2960 
0.1875
0.3315 0.3336 0.7456 0.4186 0.6707 0.5853 0.6455 0.5808 0.6933 0.6512 0.7847 0.6926 0.5813 0.4512 0.6317 0.5694 
0.2496
0.1670 0.6669 0.7479 0.3794 0.6707 0.5979 0.6454 0.5845 0.6932 0.6833 0.7453 0.6450 0.5354 0.4512 0.5811 0.6228 
0.2496
0.3316 0.3336 0.7457 0.4032 0.6707 0.5844 0.6455 0.5803 0.6933 0.6514 0.7847 0.6925 0.5811 0.4512 0.6291 0.5696 
0.2496
0.1247 0.6669 0.2542 0.4570 0.4655 0.2981 0.2233 0.2953 0.2805 0.3198 0.2426 0.2894 0.4054 0.4512 0.3114 0.2959 
0.1875
0.1247 0.6669 0.2543 0.4599 0.4655 0.2983 0.2273 0.2976 0.2844 0.3132 0.2423 0.2893 0.4059 0.8261 0.3139 0.2960 
0.1875
0.2494 0.3336 0.2543 0.4396 0.4655 0.2638 0.2539 0.3153 0.3113 0.3257 0.3395 0.3994 0.4391 0.6575 0.3615 0.2960 
0.1875
0.3316 0.3336 0.7457 0.4069 0.6707 0.5854 0.6455 0.5810 0.6932 0.6511 0.7847 0.6926 0.5810 1.0000 0.6262 0.5697 
0.2496
0.1671 0.6669 0.7480 0.3906 0.6707 0.5978 0.6454 0.5810 0.6930 0.6832 0.7454 0.6450 0.5349 0.4512 0.5881 0.6234 
0.2496
0.2494 0.3336 0.2543 0.4383 0.4655 0.2671 0.2566 0.3125 0.3165 0.3152 0.3379 0.3972 0.4379 0.8261 0.3567 0.2961 
0.1875
0.2494 0.3336 0.2543 0.4397 0.4655 0.2664 0.2564 0.3112 0.3155 0.3275 0.3377 0.3971 0.4382 0.6575 0.3549 0.2961 
0.1875
0.1670 0.6669 0.7478 0.4068 0.6707 0.5996 0.6454 0.5837 0.6932 0.6838 0.7455 0.6451 0.5341 0.4512 0.5846 0.6243 
0.2496
0.2494 0.3336 0.2543 0.4362 0.4655 0.2606 0.2536 0.3191 0.3100 0.3271 0.3379 0.3973 0.4383 0.6575 0.3518 0.2960 
0.1875
0.3316 0.3336 0.7457 0.4166 0.6707 0.5865 0.6455 0.5819 0.6931 0.6512 0.7845 0.6930 0.5833 0.4512 0.6323 0.5672 
0.2496
0.3316 0.3336 0.7457 0.4137 0.6707 0.5858 0.6455 0.5815 0.6935 0.6512 0.7847 0.6926 0.5810 0.4512 0.6274 0.5697 
0.2496
0.2494 0.3336 0.2543 0.4447 0.4655 0.2695 0.2563 0.3126 0.3118 0.3209 0.3397 0.3994 0.4384 0.8261 0.3548 0.2961 
0.1875
0.3316 0.3336 0.7457 0.4210 0.6707 0.5853 0.6455 0.5807 0.6934 0.6511 0.7847 0.6926 0.5811 0.4512 0.6290 0.5697 
0.2496
0.1671 0.6669 0.7480 0.4012 0.6707 0.5991 0.6454 0.5857 0.6930 0.6834 0.7454 0.6450 0.5347 0.4512 0.5917 0.6236 
0.2496
0.3316 0.3336 0.7457 0.4249 0.6707 0.5868 0.6455 0.5825 0.6932 0.6509 0.7846 0.6930 0.5832 0.4512 0.6315 0.5672 
0.2496
0.2494 0.3336 0.2543 0.4369 0.4655 0.2639 0.2566 0.3085 0.3169 0.3234 0.3398 0.3996 0.4389 0.6575 0.3578 0.2961 
0.1875
0.2494 0.3336 0.2543 0.4352 0.4655 0.2527 0.2534 0.2991 0.3064 0.3244 0.3378 0.3973 0.4386 0.4512 0.3547 0.2960 
0.1875
0.1670 0.6669 0.7479 0.3738 0.6707 0.5991 0.6454 0.5857 0.6932 0.6838 0.7454 0.6450 0.5350 0.4512 0.5816 0.6232 
0.2496
0.2494 0.3336 0.2543 0.4438 0.4655 0.2615 0.2564 0.3106 0.3132 0.3233 0.3398 0.3997 0.4394 0.8261 0.3639 0.2961 
0.1875
0.3317 0.3336 0.7458 0.4321 0.6707 0.5876 0.6455 0.5836 0.6931 0.6509 0.7846 0.6930 0.5833 0.4512 0.6328 0.5671 
0.2496
0.1247 0.6669 0.2542 0.4477 0.4655 0.2898 0.2237 0.2944 0.2791 0.3126 0.2421 0.2888 0.4053 0.4512 0.3162 0.2959 
0.1875
0.3315 0.3336 0.7456 0.4213 0.6707 0.5847 0.6455 0.5799 0.6931 0.6511 0.7847 0.6926 0.5809 1.0000 0.6262 0.5698 
0.2496
0.3316 0.3336 0.7457 0.4106 0.6707 0.5867 0.6455 0.5826 0.6932 0.6512 0.7846 0.6926 0.5817 0.4512 0.6299 0.5689 
0.2496
0.2494 0.3336 0.2543 0.4304 0.4655 0.2605 0.2545 0.3156 0.3115 0.3215 0.3379 0.3971 0.4377 0.8261 0.3527 0.2961 
0.1875
0.1247 0.6669 0.2542 0.4528 0.4655 0.2906 0.2254 0.3009 0.2812 0.3276 0.2421 0.2887 0.4053 0.8261 0.3196 0.2959 
0.1875
0.2494 0.3336 0.2543 0.4376 0.4655 0.2612 0.2555 0.3096 0.3127 0.3256 0.3381 0.3977 0.4386 0.8261 0.3619 0.2961 
0.1875
0.2494 0.3336 0.2543 0.4388 0.4655 0.2652 0.2536 0.3213 0.3089 0.3312 0.3395 0.3995 0.4396 0.4512 0.3664 0.2960 
0.1875
0.1670 0.6669 0.7478 0.4086 0.6707 0.5991 0.6454 0.5856 0.6932 0.6833 0.7455 0.6450 0.5344 0.4512 0.5876 0.6239 
0.2496
0.1670 0.6669 0.7479 0.4143 0.6707 0.5994 0.6454 0.5849 0.6934 0.6834 0.7453 0.6450 0.5353 0.4512 0.5823 0.6229 
0.2496
0.3317 0.3336 0.7458 0.4145 0.6707 0.5877 0.6455 0.5835 0.6932 0.6510 0.7845 0.6929 0.5834 0.4512 0.6331 0.5670 
0.2496
0.1671 0.6669 0.7479 0.4086 0.6707 0.5991 0.6454 0.5857 0.6931 0.6837 0.7454 0.6450 0.5352 0.4512 0.5806 0.6230 
0.2496
0.1247 0.6669 0.2542 0.4597 0.4655 0.3022 0.2260 0.3010 0.2781 0.3197 0.2419 0.2885 0.4052 0.8261 0.3193 0.2960 
0.1875
0.1670 0.6669 0.7479 0.4091 0.6707 0.6007 0.6454 0.5870 0.6932 0.6836 0.7455 0.6451 0.5342 0.4512 0.5928 0.6242 
0.2496
0.3315 0.3336 0.7456 0.4030 0.6707 0.5845 0.6455 0.5802 0.6934 0.6514 0.7847 0.6926 0.5812 0.4512 0.6301 0.5695 
0.2496
0.1247 0.6669 0.2542 0.4695 0.4655 0.2962 0.2282 0.3022 0.2922 0.3290 0.2431 0.2900 0.4053 0.4512 0.3179 0.2960 
0.1875
0.1670 0.6669 0.7479 0.3980 0.6707 0.5996 0.6454 0.5862 0.6931 0.6834 0.7454 0.6451 0.5352 0.4512 0.5804 0.6230 
0.2496
0.3316 0.3336 0.7457 0.4134 0.6707 0.5859 0.6455 0.5815 0.6933 0.6511 0.7847 0.6926 0.5809 0.4512 0.6286 0.5698 
0.2496
0.1671 0.6669 0.7479 0.3875 0.6707 0.5972 0.6454 0.5838 0.6931 0.6832 0.7454 0.6450 0.5348 0.4512 0.5820 0.6234 
0.2496
0.1247 0.6669 0.2543 0.4774 0.4655 0.3040 0.2281 0.3046 0.2877 0.3274 0.2422 0.2888 0.4049 0.6575 0.3160 0.2960 
0.1875
0.2494 0.3336 0.2543 0.4383 0.4655 0.2628 0.2550 0.3155 0.3116 0.3243 0.3395 0.3994 0.4395 0.6575 0.3709 0.2960 
0.1875
0.1247 0.6669 0.2542 0.4650 0.4655 0.2958 0.2238 0.3027 0.2831 0.3225 0.2426 0.2896 0.4060 0.6575 0.3162 0.2959 
0.1875
0.3315 0.3336 0.7457 0.4082 0.6707 0.5845 0.6455 0.5806 0.6933 0.6518 0.7847 0.6926 0.5811 0.4512 0.6307 0.5696 
0.2496
0.3316 0.3336 0.7457 0.4079 0.6707 0.5857 0.6455 0.5812 0.6933 0.6509 0.7846 0.6925 0.5815 0.4512 0.6308 0.5692 
0.2496
0.2494 0.3336 0.2543 0.4359 0.4655 0.2594 0.2560 0.3076 0.3155 0.3202 0.3378 0.3972 0.4381 0.4512 0.3528 0.2961 
0.1875
0.1670 0.6669 0.7479 0.3715 0.6707 0.5989 0.6454 0.5857 0.6930 0.6841 0.7453 0.6449 0.5353 0.4512 0.5829 0.6229 
0.2496
0.1247 0.6669 0.2542 0.4576 0.4655 0.2912 0.2265 0.3019 0.2841 0.3175 0.2424 0.2892 0.4053 0.4512 0.3155 0.2960 
0.1875
0.1247 0.6669 0.2543 0.4607 0.4655 0.3028 0.2274 0.3099 0.2856 0.3176 0.2429 0.2898 0.4055 0.8261 0.3173 0.2960 
0.1875
0.3315 0.3336 0.7456 0.4271 0.6707 0.5860 0.6455 0.5815 0.6931 0.6512 0.7844 0.6929 0.5834 0.4512 0.6341 0.5670 
0.2496
0.3316 0.3336 0.7457 0.4131 0.6707 0.5844 0.6455 0.5801 0.6934 0.6515 0.7847 0.6925 0.5809 0.4512 0.6303 0.5699 
0.2496
0.1247 0.6669 0.2542 0.4587 0.4655 0.2933 0.2274 0.2957 0.2865 0.3164 0.2428 0.2895 0.4052 0.4512 0.3175 0.2960 
0.1875
0.3316 0.3336 0.7457 0.4173 0.6707 0.5870 0.6455 0.5830 0.6934 0.6509 0.7846 0.6930 0.5832 0.4512 0.6320 0.5673 
0.2496
0.1670 0.6669 0.7478 0.4022 0.6707 0.5983 0.6454 0.5800 0.6931 0.6832 0.7455 0.6450 0.5347 0.4512 0.5857 0.6236 
0.2496
0.1247 0.6669 0.2542 0.4689 0.4655 0.2950 0.2235 0.3027 0.2788 0.3153 0.2422 0.2889 0.4054 0.8261 0.3202 0.2959 
0.1875
0.2494 0.3336 0.2543 0.4360 0.4655 0.2620 0.2563 0.3134 0.3134 0.3221 0.3378 0.3970 0.4377 0.8261 0.3602 0.2961 
0.1875
0.1670 0.6669 0.7478 0.3980 0.6707 0.5968 0.6454 0.5842 0.6932 0.6832 0.7454 0.6450 0.5350 1.0000 0.5830 0.6232 
0.2496
0.1247 0.6669 0.2542 0.4555 0.4655 0.2933 0.2256 0.2998 0.2815 0.3266 0.2420 0.2888 0.4056 0.6575 0.3163 0.2959 
0.1875
0.1247 0.6669 0.2542 0.4661 0.4655 0.2986 0.2270 0.2946 0.2847 0.3099 0.2422 0.2890 0.4054 0.8261 0.3122 0.2960 
0.1875
0.2494 0.3336 0.2543 0.4374 0.4655 0.2579 0.2558 0.3045 0.3097 0.3168 0.3378 0.3971 0.4376 0.6575 0.3511 0.2961 
0.1875
0.3316 0.3336 0.7457 0.4126 0.6707 0.5866 0.6455 0.5826 0.6935 0.6511 0.7847 0.6926 0.5812 0.4512 0.6292 0.5695 
0.2496
0.1247 0.6669 0.2542 0.4563 0.4655 0.3014 0.2276 0.3022 0.2892 0.3171 0.2422 0.2888 0.4052 0.6575 0.3146 0.2960 
0.1875
0.1670 0.6669 0.7479 0.4020 0.6707 0.5995 0.6454 0.5872 0.6931 0.6833 0.7450 0.6454 0.5332 1.0000 0.5738 0.6253 
0.2496
0.1247 0.6669 0.2542 0.4489 0.4655 0.2952 0.2267 0.3022 0.2847 0.3314 0.2419 0.2885 0.4051 0.4512 0.3106 0.2960 
0.1875
0.1247 0.6669 0.2542 0.4645 0.4655 0.2929 0.2271 0.3026 0.2892 0.3209 0.2426 0.2894 0.4051 0.6575 0.3096 0.2960 
0.1875
0.1671 0.6669 0.7480 0.4135 0.6707 0.5993 0.6454 0.5825 0.6931 0.6830 0.7454 0.6450 0.5355 0.4512 0.5870 0.6226 
0.2496
0.2494 0.3336 0.2543 0.4344 0.4655 0.2594 0.2507 0.3027 0.3040 0.3240 0.3396 0.3995 0.4391 0.6575 0.3554 0.2960 
0.1875
0.3316 0.3336 0.7457 0.4217 0.6707 0.5861 0.6455 0.5818 0.6932 0.6512 0.7847 0.6926 0.5810 0.4512 0.6329 0.5697 
0.2496
0.1247 0.6669 0.2542 0.4708 0.4655 0.2952 0.2272 0.2954 0.2874 0.3151 0.2428 0.2896 0.4051 0.4512 0.3160 0.2960 
0.1875
0.1671 0.6669 0.7481 0.3944 0.6707 0.5998 0.6454 0.5870 0.6930 0.6831 0.7453 0.6450 0.5356 0.4512 0.5815 0.6225 
0.2496
0.3315 0.3336 0.7456 0.4250 0.6707 0.5853 0.6455 0.5808 0.6933 0.6510 0.7847 0.6925 0.5810 0.4512 0.6342 0.5698 
0.2496
0.2494 0.3336 0.2543 0.4372 0.4655 0.2650 0.2564 0.3082 0.3176 0.3219 0.3396 0.3995 0.4394 0.4512 0.3667 0.2961 
0.1875
0.1247 0.6669 0.2542 0.4594 0.4655 0.2942 0.2274 0.3158 0.2874 0.3351 0.2531 0.3027 0.4070 0.4512 0.3379 0.2959 
0.1875
0.3316 0.3336 0.7457 0.4178 0.6707 0.5859 0.6455 0.5815 0.6934 0.6512 0.7847 0.6925 0.5809 0.4512 0.6303 0.5699 
0.2496
0.2494 0.3336 0.2543 0.4397 0.4655 0.2588 0.2510 0.3003 0.3042 0.3225 0.3393 0.3995 0.4405 0.6575 0.3675 0.2959 
0.1875
0.3316 0.3336 0.7457 0.4068 0.6707 0.5869 0.6455 0.5826 0.6934 0.6510 0.7846 0.6931 0.5834 0.4512 0.6315 0.5670 
0.2496
0.2494 0.3336 0.2543 0.4393 0.4655 0.2631 0.2563 0.3103 0.3152 0.3241 0.3379 0.3971 0.4377 0.9687 0.3497 0.2961 
0.1875
0.3316 0.3336 0.7457 0.4089 0.6707 0.5854 0.6455 0.5806 0.6935 0.6513 0.7847 0.6926 0.5810 0.4512 0.6302 0.5698 
0.2496
0.3315 0.3336 0.7457 0.4120 0.6707 0.5855 0.6455 0.5808 0.6935 0.6514 0.7848 0.6926 0.5809 0.4512 0.6291 0.5699 
0.2496
0.3316 0.3336 0.7457 0.4242 0.6707 0.5847 0.6455 0.5801 0.6934 0.6512 0.7847 0.6926 0.5811 0.4512 0.6312 0.5697 
0.2496
0.1247 0.6669 0.2542 0.4609 0.4655 0.2944 0.2277 0.2977 0.2883 0.3191 0.2433 0.2900 0.4047 0.6575 0.3190 0.2960 
0.1875
0.1247 0.6669 0.2543 0.4671 0.4655 0.2930 0.2283 0.3068 0.2883 0.3168 0.2423 0.2893 0.4063 0.6575 0.3240 0.2960 
0.1875
0.2494 0.3336 0.2543 0.4416 0.4655 0.2663 0.2562 0.3105 0.3120 0.3181 0.3397 0.3996 0.4391 0.6575 0.3597 0.2961 
0.1875
0.1247 0.6669 0.2543 0.4738 0.4655 0.2914 0.2271 0.2958 0.2865 0.3215 0.2442 0.2914 0.4054 0.4512 0.3161 0.2960 
0.1875
0.3316 0.3336 0.7457 0.4340 0.6707 0.5858 0.6455 0.5812 0.6933 0.6509 0.7847 0.6925 0.5810 0.4512 0.6292 0.5698 
0.2496
0.3317 0.3336 0.7458 0.4170 0.6707 0.5866 0.6455 0.5831 0.6934 0.6514 0.7846 0.6930 0.5831 0.4512 0.6354 0.5674 
0.2496
0.1247 0.6669 0.2542 0.4528 0.4655 0.3057 0.2235 0.3031 0.2828 0.3256 0.2435 0.2906 0.4061 0.6575 0.3186 0.2959 
0.1875
0.2494 0.3336 0.2543 0.4389 0.4655 0.2602 0.2536 0.3171 0.3118 0.3340 0.3397 0.3995 0.4391 0.4512 0.3586 0.2960 
0.1875
0.3316 0.3336 0.7457 0.4219 0.6707 0.5865 0.6455 0.5824 0.6934 0.6508 0.7847 0.6926 0.5812 1.0000 0.6298 0.5695 
0.2496
0.1670 0.6669 0.7478 0.4008 0.6707 0.5999 0.6454 0.5847 0.6929 0.6836 0.7453 0.6450 0.5350 0.4512 0.5799 0.6233 
0.2496
0.1671 0.6669 0.7480 0.4067 0.6707 0.5999 0.6454 0.5877 0.6932 0.6831 0.7450 0.6455 0.5336 0.4512 0.5777 0.6249 
0.2496
0.2494 0.3336 0.2543 0.4417 0.4655 0.2664 0.2563 0.3106 0.3142 0.3203 0.3376 0.3970 0.4382 0.4512 0.3511 0.2961 
0.1875
0.3316 0.3336 0.7457 0.4231 0.6707 0.5863 0.6455 0.5820 0.6934 0.6508 0.7848 0.6927 0.5808 0.4512 0.6288 0.5699 
0.2496
0.1247 0.6669 0.2542 0.4626 0.4655 0.3023 0.2279 0.3062 0.2911 0.3235 0.2429 0.2897 0.4054 0.4512 0.3121 0.2960 
0.1875
0.2494 0.3336 0.2543 0.4368 0.4655 0.2603 0.2564 0.3061 0.3166 0.3219 0.3379 0.3972 0.4381 0.8261 0.3539 0.2961 
0.1875
0.1670 0.6669 0.7478 0.4044 0.6707 0.5983 0.6454 0.5837 0.6932 0.6832 0.7454 0.6450 0.5347 0.4512 0.5782 0.6236 
0.2496
0.1671 0.6669 0.7480 0.3977 0.6707 0.5994 0.6454 0.5863 0.6933 0.6832 0.7454 0.6450 0.5354 0.4512 0.5833 0.6227 
0.2496
0.2494 0.3336 0.2543 0.4308 0.4655 0.2651 0.2552 0.3147 0.3147 0.3264 0.3396 0.3995 0.4392 0.8261 0.3720 0.2961 
0.1875
0.1247 0.6669 0.2542 0.4406 0.4655 0.2969 0.2275 0.2972 0.2853 0.3166 0.2420 0.2887 0.4057 0.6575 0.3146 0.2960 
0.1875
0.1247 0.6669 0.2542 0.4551 0.4655 0.3067 0.2281 0.2999 0.2868 0.3175 0.2435 0.2904 0.4052 0.6575 0.3091 0.2960 
0.1875
0.2494 0.3336 0.2543 0.4384 0.4655 0.2659 0.2541 0.3207 0.3104 0.3254 0.3394 0.3994 0.4395 0.6575 0.3578 0.2960 
0.1875
0.3316 0.3336 0.7457 0.4205 0.6707 0.5873 0.6455 0.5830 0.6935 0.6512 0.7846 0.6930 0.5833 0.4512 0.6339 0.5672 
0.2496
0.1247 0.6669 0.2542 0.4593 0.4655 0.2978 0.2275 0.3014 0.2900 0.3183 0.2426 0.2893 0.4054 0.8261 0.3157 0.2960 
0.1875
0.1670 0.6669 0.7479 0.3950 0.6707 0.5988 0.6454 0.5847 0.6931 0.6832 0.7455 0.6450 0.5345 0.4512 0.5822 0.6238 
0.2496
0.3317 0.3336 0.7458 0.4138 0.6707 0.5874 0.6455 0.5835 0.6931 0.6507 0.7845 0.6930 0.5835 0.4512 0.6312 0.5669 
0.2496
0.1670 0.6669 0.7478 0.3957 0.6707 0.5996 0.6454 0.5856 0.6933 0.6833 0.7453 0.6450 0.5354 0.4512 0.5810 0.6228 
0.2496
0.1247 0.6669 0.2542 0.4612 0.4655 0.2949 0.2230 0.2987 0.2812 0.3246 0.2425 0.2893 0.4054 0.9687 0.3146 0.2959 
0.1875
0.3316 0.3336 0.7457 0.4283 0.6707 0.5868 0.6455 0.5825 0.6932 0.6512 0.7846 0.6931 0.5831 0.4512 0.6289 0.5674 
0.2496
0.1670 0.6669 0.7479 0.3876 0.6707 0.5981 0.6454 0.5825 0.6931 0.6834 0.7453 0.6449 0.5352 0.4512 0.5808 0.6229 
0.2496
0.1670 0.6669 0.7478 0.4177 0.6707 0.5985 0.6454 0.5829 0.6931 0.6834 0.7454 0.6450 0.5351 1.0000 0.5854 0.6231 
0.2496
0.1247 0.6669 0.2542 0.4563 0.4655 0.2853 0.2269 0.2921 0.2850 0.3124 0.2425 0.2892 0.4052 0.8261 0.3165 0.2960 
0.1875
0.1671 0.6669 0.7479 0.4041 0.6707 0.5987 0.6454 0.5813 0.6931 0.6834 0.7456 0.6451 0.5341 0.4512 0.6003 0.6243 
0.2496
0.1670 0.6669 0.7478 0.4092 0.6707 0.5999 0.6454 0.5850 0.6933 0.6830 0.7456 0.6451 0.5340 0.4512 0.5890 0.6244 
0.2496
0.1247 0.6669 0.2542 0.4602 0.4655 0.2969 0.2261 0.2963 0.2828 0.3119 0.2432 0.2902 0.4056 0.4512 0.3158 0.2960 
0.1875
0.3316 0.3336 0.7457 0.4185 0.6707 0.5851 0.6455 0.5804 0.6934 0.6510 0.7847 0.6926 0.5812 0.4512 0.6296 0.5696 
0.2496
0.1671 0.6669 0.7480 0.3825 0.6707 0.5997 0.6454 0.5873 0.6931 0.6834 0.7449 0.6454 0.5337 0.4512 0.5754 0.6247 
0.2496
0.1247 0.6669 0.2543 0.4618 0.4655 0.3076 0.2281 0.3059 0.2889 0.3247 0.2424 0.2893 0.4057 0.4512 0.3155 0.2960 
0.1875
0.1670 0.6669 0.7478 0.3924 0.6707 0.5977 0.6454 0.5851 0.6930 0.6832 0.7454 0.6450 0.5353 0.4512 0.5822 0.6229 
0.2496
0.2494 0.3336 0.2543 0.4411 0.4655 0.2656 0.2566 0.3114 0.3157 0.3190 0.3397 0.3996 0.4391 0.4512 0.3619 0.2961 
0.1875
0.1247 0.6669 0.2542 0.4596 0.4655 0.2940 0.2271 0.2871 0.2886 0.3155 0.2418 0.2884 0.4050 0.4512 0.3172 0.2960 
0.1875
0.1670 0.6669 0.7479 0.4036 0.6707 0.5983 0.6454 0.5834 0.6931 0.6832 0.7453 0.6449 0.5354 0.4512 0.5849 0.6227 
0.2496
0.1670 0.6669 0.7478 0.4062 0.6707 0.5983 0.6454 0.5824 0.6932 0.6834 0.7453 0.6450 0.5349 0.4512 0.5811 0.6234 
0.2496
0.1671 0.6669 0.7480 0.3919 0.6707 0.5999 0.6454 0.5864 0.6930 0.6830 0.7453 0.6450 0.5356 0.4512 0.5838 0.6225 
0.2496
0.3316 0.3336 0.7457 0.3983 0.6707 0.5842 0.6455 0.5803 0.6934 0.6514 0.7847 0.6926 0.5813 0.4512 0.6324 0.5694 
0.2496
0.1671 0.6669 0.7481 0.3988 0.6707 0.5981 0.6454 0.5817 0.6932 0.6832 0.7453 0.6449 0.5355 0.4512 0.5824 0.6226 
0.2496
0.1247 0.6669 0.2542 0.4547 0.4655 0.2916 0.2281 0.3070 0.2942 0.3294 0.2420 0.2887 0.4057 0.6575 0.3153 0.2960 
0.1875
0.1247 0.6669 0.2543 0.4642 0.4655 0.3004 0.2287 0.3102 0.2889 0.3121 0.2427 0.2898 0.4062 0.8261 0.3161 0.2960 
0.1875
0.1670 0.6669 0.7479 0.4047 0.6707 0.5993 0.6454 0.5861 0.6931 0.6834 0.7453 0.6450 0.5356 0.4512 0.5815 0.6225 
0.2496
0.2494 0.3336 0.2543 0.4331 0.4655 0.2504 0.2522 0.2990 0.3082 0.3181 0.3395 0.3994 0.4393 0.6575 0.3698 0.2960 
0.1875
0.1670 0.6669 0.7479 0.3921 0.6707 0.5993 0.6454 0.5841 0.6929 0.6833 0.7455 0.6451 0.5348 0.4512 0.5892 0.6234 
0.2496
0.2494 0.3336 0.2543 0.4393 0.4655 0.2567 0.2550 0.3089 0.3144 0.3199 0.3377 0.3972 0.4391 0.6575 0.3517 0.2961 
0.1875
0.1247 0.6669 0.2542 0.4516 0.4655 0.2961 0.2232 0.2973 0.2791 0.3232 0.2415 0.2879 0.4047 0.4512 0.3163 0.2959 
0.1875
0.1672 0.6669 0.7481 0.3942 0.6707 0.5996 0.6454 0.5849 0.6931 0.6826 0.7454 0.6450 0.5354 1.0000 0.5850 0.6228 
0.2496
0.3315 0.3336 0.7457 0.4088 0.6707 0.5863 0.6455 0.5824 0.6932 0.6505 0.7846 0.6926 0.5813 0.4512 0.6289 0.5693 
0.2496
0.1670 0.6669 0.7478 0.3918 0.6707 0.5982 0.6454 0.5851 0.6932 0.6838 0.7453 0.6450 0.5352 0.4512 0.5790 0.6230 
0.2496
0.2494 0.3336 0.2543 0.4425 0.4655 0.2651 0.2558 0.3103 0.3145 0.3197 0.3398 0.3996 0.4387 0.4512 0.3670 0.2961 
0.1875
0.3316 0.3336 0.7457 0.4182 0.6707 0.5858 0.6455 0.5815 0.6932 0.6513 0.7847 0.6926 0.5812 0.4512 0.6310 0.5695 
0.2496
0.1670 0.6669 0.7478 0.4159 0.6707 0.5976 0.6454 0.5838 0.6931 0.6835 0.7453 0.6449 0.5350 0.4512 0.5845 0.6233 
0.2496
0.2494 0.3336 0.2543 0.4394 0.4655 0.2555 0.2514 0.3004 0.3026 0.3173 0.3395 0.3995 0.4398 0.4512 0.3631 0.2960 
0.1875
0.3316 0.3336 0.7457 0.4179 0.6707 0.5864 0.6455 0.5823 0.6934 0.6509 0.7847 0.6926 0.5811 0.4512 0.6255 0.5697 
0.2496
0.1247 0.6669 0.2542 0.4564 0.4655 0.2935 0.2279 0.2924 0.2894 0.3228 0.2434 0.2905 0.4053 0.4512 0.3075 0.2960 
0.1875
0.2494 0.3336 0.2543 0.4422 0.4655 0.2648 0.2542 0.3098 0.3109 0.3195 0.3396 0.3995 0.4392 0.9687 0.3678 0.2960 
0.1875
0.1670 0.6669 0.7478 0.4059 0.6707 0.5986 0.6454 0.5818 0.6933 0.6832 0.7456 0.6451 0.5341 0.4512 0.5897 0.6243 
0.2496
0.1670 0.6669 0.7479 0.4055 0.6707 0.5982 0.6454 0.5846 0.6932 0.6833 0.7453 0.6450 0.5357 0.4512 0.5852 0.6224 
0.2496
0.1247 0.6669 0.2542 0.4540 0.4655 0.2943 0.2266 0.3096 0.2865 0.3291 0.2417 0.2882 0.4050 0.4512 0.3187 0.2960 
0.1875
0.3316 0.3336 0.7457 0.4221 0.6707 0.5870 0.6455 0.5826 0.6931 0.6509 0.7845 0.6931 0.5834 0.4512 0.6323 0.5670 
0.2496
0.3316 0.3336 0.7457 0.4251 0.6707 0.5869 0.6455 0.5825 0.6932 0.6511 0.7846 0.6930 0.5831 0.4512 0.6308 0.5674 
0.2496
0.1670 0.6669 0.7478 0.4009 0.6707 0.5987 0.6454 0.5816 0.6931 0.6833 0.7455 0.6450 0.5345 0.4512 0.5919 0.6238 
0.2496
0.2494 0.3336 0.2543 0.4371 0.4655 0.2639 0.2556 0.3189 0.3130 0.3237 0.3397 0.3996 0.4392 0.6575 0.3548 0.2961 
0.1875
0.2494 0.3336 0.2543 0.4366 0.4655 0.2559 0.2537 0.3101 0.3082 0.3246 0.3396 0.3996 0.4395 0.6575 0.3685 0.2960 
0.1875
0.1247 0.6669 0.2542 0.4722 0.4655 0.2923 0.2256 0.3090 0.2815 0.3277 0.2420 0.2888 0.4054 0.6575 0.3147 0.2959 
0.1875
0.1247 0.6669 0.2542 0.4522 0.4655 0.2987 0.2269 0.2925 0.2838 0.3204 0.2432 0.2903 0.4053 0.4512 0.3112 0.2960 
0.1875
0.2494 0.3336 0.2543 0.4382 0.4655 0.2643 0.2562 0.3098 0.3147 0.3149 0.3396 0.3996 0.4397 0.6575 0.3724 0.2961 
0.1875
0.2494 0.3336 0.2543 0.4425 0.4655 0.2658 0.2522 0.3084 0.3078 0.3255 0.3398 0.3996 0.4391 0.8261 0.3614 0.2960 
0.1875
0.2494 0.3336 0.2543 0.4379 0.4655 0.2551 0.2560 0.3031 0.3139 0.3228 0.3397 0.3996 0.4396 0.4512 0.3720 0.2961 
0.1875
0.1247 0.6669 0.2542 0.4561 0.4655 0.2940 0.2233 0.2979 0.2812 0.3195 0.2421 0.2887 0.4049 0.6575 0.3136 0.2959 
0.1875
0.3316 0.3336 0.7457 0.4063 0.6707 0.5872 0.6455 0.5833 0.6934 0.6506 0.7846 0.6930 0.5831 0.4512 0.6332 0.5673 
0.2496
0.2494 0.3336 0.2543 0.4368 0.4655 0.2548 0.2536 0.3049 0.3109 0.3243 0.3378 0.3972 0.4382 0.8261 0.3536 0.2960 
0.1875
0.2494 0.3336 0.2543 0.4400 0.4655 0.2665 0.2542 0.3209 0.3127 0.3343 0.3397 0.3995 0.4392 0.8261 0.3574 0.2960 
0.1875
0.1670 0.6669 0.7479 0.4010 0.6707 0.5986 0.6454 0.5835 0.6930 0.6832 0.7454 0.6450 0.5350 0.4512 0.5788 0.6232 
0.2496
0.1670 0.6669 0.7479 0.3928 0.6707 0.5995 0.6454 0.5847 0.6934 0.6833 0.7453 0.6450 0.5350 0.4512 0.5811 0.6232 
0.2496
0.3316 0.3336 0.7457 0.4185 0.6707 0.5874 0.6455 0.5833 0.6931 0.6507 0.7845 0.6929 0.5834 0.4512 0.6311 0.5669 
0.2496
0.1247 0.6669 0.2542 0.4569 0.4655 0.2893 0.2236 0.2952 0.2795 0.3213 0.2430 0.2898 0.4053 1.0000 0.3153 0.2959 
0.1875
0.1671 0.6669 0.7479 0.3841 0.6707 0.5998 0.6454 0.5863 0.6930 0.6833 0.7454 0.6450 0.5350 0.4512 0.5888 0.6232 
0.2496
0.1671 0.6669 0.7479 0.3878 0.6707 0.5985 0.6454 0.5843 0.6929 0.6831 0.7453 0.6449 0.5354 0.4512 0.5821 0.6228 
0.2496
0.1247 0.6669 0.2542 0.4580 0.4655 0.3013 0.2258 0.3061 0.2847 0.3282 0.2431 0.2901 0.4056 0.4512 0.3100 0.2959 
0.1875
0.1670 0.6669 0.7479 0.3835 0.6707 0.5997 0.6454 0.5852 0.6933 0.6832 0.7454 0.6450 0.5352 0.4512 0.5813 0.6230 
0.2496
0.1247 0.6669 0.2542 0.4505 0.4655 0.2957 0.2226 0.2979 0.2815 0.3228 0.2430 0.2900 0.4057 0.8261 0.3151 0.2959 
0.1875
0.1247 0.6669 0.2542 0.4623 0.4655 0.2829 0.2228 0.2961 0.2831 0.3259 0.2427 0.2896 0.4055 0.4512 0.3121 0.2959 
0.1875
0.1247 0.6669 0.2543 0.4693 0.4655 0.3003 0.2273 0.3027 0.2835 0.3183 0.2433 0.2904 0.4054 0.4512 0.3063 0.2960 
0.1875
0.1670 0.6669 0.7479 0.3918 0.6707 0.5989 0.6454 0.5833 0.6929 0.6832 0.7455 0.6451 0.5341 0.4512 0.5959 0.6243 
0.2496
0.2494 0.3336 0.2543 0.4337 0.4655 0.2617 0.2510 0.3018 0.3064 0.3149 0.3398 0.3996 0.4388 0.6575 0.3585 0.2960 
0.1875
0.2494 0.3336 0.2543 0.4360 0.4655 0.2643 0.2560 0.3115 0.3139 0.3226 0.3395 0.3995 0.4396 0.4512 0.3666 0.2961 
0.1875
0.3315 0.3336 0.7456 0.4123 0.6707 0.5862 0.6455 0.5823 0.6934 0.6508 0.7845 0.6925 0.5814 0.4512 0.6318 0.5692 
0.2496
0.3316 0.3336 0.7457 0.4289 0.6707 0.5856 0.6455 0.5811 0.6932 0.6513 0.7848 0.6927 0.5809 0.4512 0.6273 0.5698 
0.2496
0.1247 0.6669 0.2542 0.4556 0.4655 0.2955 0.2265 0.2997 0.2868 0.3193 0.2430 0.2900 0.4057 0.4512 0.3151 0.2959 
0.1875
0.1247 0.6669 0.2543 0.4699 0.4655 0.2997 0.2270 0.3058 0.2853 0.3062 0.2436 0.2908 0.4058 0.4512 0.3185 0.2960 
0.1875
0.3316 0.3336 0.7457 0.4197 0.6707 0.5846 0.6455 0.5799 0.6933 0.6510 0.7848 0.6926 0.5811 0.4512 0.6276 0.5697 
0.2496
0.2494 0.3336 0.2543 0.4354 0.4655 0.2631 0.2538 0.3186 0.3111 0.3344 0.3393 0.3995 0.4406 0.8261 0.3693 0.2960 
0.1875
0.1247 0.6669 0.2542 0.4598 0.4655 0.2867 0.2233 0.2959 0.2812 0.3265 0.2435 0.2904 0.4054 0.8261 0.3163 0.2959 
0.1875
0.2494 0.3336 0.2543 0.4377 0.4655 0.2619 0.2543 0.3039 0.3104 0.3258 0.3398 0.3996 0.4388 0.6575 0.3591 0.2960 
0.1875
0.1671 0.6669 0.7481 0.3881 0.6707 0.5994 0.6454 0.5859 0.6932 0.6835 0.7454 0.6451 0.5346 0.4512 0.5987 0.6237 
0.2496
0.2494 0.3336 0.2543 0.4364 0.4655 0.2659 0.2537 0.3201 0.3102 0.3296 0.3396 0.3995 0.4391 0.6575 0.3535 0.2960 
0.1875
0.2494 0.3336 0.2543 0.4386 0.4655 0.2577 0.2511 0.3041 0.3024 0.3174 0.3395 0.3994 0.4390 0.6575 0.3575 0.2960 
0.1875
0.2494 0.3336 0.2543 0.4396 0.4655 0.2634 0.2545 0.3207 0.3089 0.3270 0.3395 0.3995 0.4396 0.4512 0.3679 0.2960 
0.1875
0.1247 0.6669 0.2542 0.4572 0.4655 0.3029 0.2270 0.3019 0.2856 0.3132 0.2433 0.2902 0.4055 0.4512 0.3192 0.2960 
0.1875
0.1247 0.6669 0.2542 0.4464 0.4655 0.2957 0.2244 0.2919 0.2808 0.3311 0.2417 0.2883 0.4054 0.6575 0.3157 0.2959 
0.1875
0.3316 0.3336 0.7457 0.4058 0.6707 0.5850 0.6455 0.5807 0.6935 0.6512 0.7847 0.6925 0.5811 0.4512 0.6283 0.5697 
0.2496
0.2494 0.3336 0.2543 0.4322 0.4655 0.2665 0.2563 0.3079 0.3148 0.3135 0.3399 0.3996 0.4385 0.4512 0.3595 0.2961 
0.1875
0.1247 0.6669 0.2542 0.4579 0.4655 0.3017 0.2236 0.2999 0.2815 0.3164 0.2420 0.2887 0.4051 0.6575 0.3084 0.2959 
0.1875
0.2494 0.3336 0.2543 0.4356 0.4655 0.2576 0.2527 0.3117 0.3098 0.3259 0.3396 0.3996 0.4394 0.9687 0.3577 0.2960 
0.1875
0.3316 0.3336 0.7457 0.4171 0.6707 0.5859 0.6455 0.5815 0.6932 0.6514 0.7847 0.6926 0.5811 0.4512 0.6295 0.5696 
0.2496
0.1247 0.6669 0.2542 0.4680 0.4655 0.2967 0.2265 0.2981 0.2847 0.3183 0.2418 0.2884 0.4045 0.6575 0.3150 0.2960 
0.1875
0.1670 0.6669 0.7479 0.4012 0.6707 0.5986 0.6454 0.5815 0.6932 0.6834 0.7454 0.6450 0.5352 0.4512 0.5813 0.6230 
0.2496
0.3316 0.3336 0.7457 0.4193 0.6707 0.5862 0.6455 0.5821 0.6934 0.6511 0.7847 0.6926 0.5813 0.4512 0.6297 0.5694 
0.2496
0.1247 0.6669 0.2542 0.4629 0.4655 0.2968 0.2268 0.3036 0.2859 0.3116 0.2432 0.2902 0.4056 1.0000 0.3179 0.2960 
0.1875
0.1247 0.6669 0.2542 0.4600 0.4655 0.3038 0.2256 0.3084 0.2828 0.3258 0.2428 0.2898 0.4060 0.4512 0.3202 0.2959 
0.1875
0.3317 0.3336 0.7458 0.4154 0.6707 0.5861 0.6455 0.5823 0.6932 0.6513 0.7847 0.6931 0.5830 0.4512 0.6329 0.5674 
0.2496
0.1247 0.6669 0.2542 0.4633 0.4655 0.2925 0.2240 0.3059 0.2815 0.3272 0.2427 0.2895 0.4053 0.6575 0.3095 0.2959 
0.1875
0.3316 0.3336 0.7457 0.4227 0.6707 0.5856 0.6455 0.5812 0.6934 0.6514 0.7844 0.6928 0.5835 0.4512 0.6321 0.5669 
0.2496
0.1247 0.6669 0.2542 0.4594 0.4655 0.2932 0.2267 0.3092 0.2838 0.3325 0.2520 0.3017 0.4081 0.6575 0.3199 0.2959 
0.1875
0.2494 0.3336 0.2543 0.4415 0.4655 0.2610 0.2512 0.3036 0.3034 0.3142 0.3397 0.3995 0.4388 0.6575 0.3565 0.2960 
0.1875
0.1670 0.6669 0.7479 0.3810 0.6707 0.5975 0.6454 0.5806 0.6931 0.6834 0.7453 0.6450 0.5351 0.4512 0.5808 0.6231 
0.2496
0.1670 0.6669 0.7479 0.4143 0.6707 0.5984 0.6454 0.5852 0.6930 0.6838 0.7453 0.6449 0.5353 0.4512 0.5842 0.6229 
0.2496
0.1670 0.6669 0.7479 0.4065 0.6707 0.5995 0.6454 0.5832 0.6931 0.6832 0.7454 0.6450 0.5351 0.4512 0.5798 0.6231 
0.2496
0.3317 0.3336 0.7458 0.4076 0.6707 0.5860 0.6455 0.5820 0.6932 0.6514 0.7845 0.6930 0.5835 0.4512 0.6342 0.5669 
0.2496
0.1670 0.6669 0.7478 0.4063 0.6707 0.5974 0.6454 0.5846 0.6930 0.6833 0.7454 0.6450 0.5352 0.4512 0.5824 0.6230 
0.2496
0.1670 0.6669 0.7479 0.3943 0.6707 0.5996 0.6454 0.5860 0.6935 0.6837 0.7454 0.6450 0.5351 0.4512 0.5836 0.6230 
0.2496
0.1247 0.6669 0.2542 0.4559 0.4655 0.2925 0.2241 0.2961 0.2822 0.3270 0.2426 0.2894 0.4054 0.6575 0.3156 0.2959 
0.1875
0.1670 0.6669 0.7479 0.3912 0.6707 0.5984 0.6454 0.5813 0.6931 0.6835 0.7454 0.6450 0.5350 0.4512 0.5826 0.6233 
0.2496
0.2494 0.3336 0.2543 0.4421 0.4655 0.2658 0.2545 0.3214 0.3118 0.3245 0.3378 0.3973 0.4385 0.6575 0.3543 0.2960 
0.1875
0.3316 0.3336 0.7457 0.4254 0.6707 0.5861 0.6455 0.5818 0.6934 0.6509 0.7847 0.6926 0.5807 0.4512 0.6255 0.5701 
0.2496
0.1247 0.6669 0.2542 0.4562 0.4655 0.2914 0.2238 0.3042 0.2798 0.3183 0.2427 0.2893 0.4052 0.4512 0.3222 0.2959 
0.1875
0.3316 0.3336 0.7457 0.4202 0.6707 0.5864 0.6455 0.5819 0.6934 0.6514 0.7846 0.6930 0.5831 0.4512 0.6330 0.5674 
0.2496
0.2494 0.3336 0.2543 0.4372 0.4655 0.2560 0.2517 0.2996 0.3042 0.3224 0.3398 0.3995 0.4386 0.6575 0.3540 0.2960 
0.1875
0.1670 0.6669 0.7479 0.3930 0.6707 0.5990 0.6454 0.5839 0.6932 0.6833 0.7454 0.6450 0.5353 0.4512 0.5832 0.6229 
0.2496
0.1247 0.6669 0.2542 0.4522 0.4655 0.2972 0.2239 0.3014 0.2831 0.3168 0.2432 0.2902 0.4055 0.4512 0.3138 0.2959 
0.1875
0.1247 0.6669 0.2543 0.4605 0.4655 0.2980 0.2280 0.3011 0.2877 0.3213 0.2439 0.2911 0.4060 0.6575 0.3180 0.2960 
0.1875
0.2494 0.3336 0.2543 0.4374 0.4655 0.2549 0.2516 0.2999 0.3063 0.3268 0.3395 0.3994 0.4395 0.8261 0.3614 0.2960 
0.1875
0.3316 0.3336 0.7457 0.4077 0.6707 0.5844 0.6455 0.5804 0.6933 0.6515 0.7847 0.6926 0.5812 0.4512 0.6301 0.5695 
0.2496
0.1247 0.6669 0.2542 0.4580 0.4655 0.2935 0.2273 0.3012 0.2841 0.3173 0.2431 0.2900 0.4056 0.9687 0.3146 0.2960 
0.1875
0.1247 0.6669 0.2542 0.4608 0.4655 0.3011 0.2256 0.3054 0.2835 0.3321 0.2427 0.2895 0.4053 0.8261 0.3176 0.2959 
0.1875
0.1247 0.6669 0.2542 0.4530 0.4655 0.2956 0.2269 0.3096 0.2865 0.3348 0.2528 0.3023 0.4072 0.4512 0.3188 0.2959 
0.1875
0.2494 0.3336 0.2543 0.4396 0.4655 0.2628 0.2537 0.3219 0.3102 0.3279 0.3380 0.3971 0.4374 0.6575 0.3606 0.2960 
0.1875
0.3316 0.3336 0.7457 0.4244 0.6707 0.5865 0.6455 0.5823 0.6934 0.6509 0.7847 0.6926 0.5811 0.4512 0.6260 0.5696 
0.2496
0.3316 0.3336 0.7457 0.4240 0.6707 0.5848 0.6455 0.5802 0.6934 0.6512 0.7846 0.6925 0.5814 0.4512 0.6313 0.5693 
0.2496
0.3316 0.3336 0.7457 0.4172 0.6707 0.5843 0.6455 0.5805 0.6933 0.6516 0.7848 0.6926 0.5810 0.4512 0.6287 0.5698 
0.2496
0.2494 0.3336 0.2543 0.4432 0.4655 0.2568 0.2512 0.3035 0.3021 0.3204 0.3397 0.3996 0.4392 0.4512 0.3599 0.2960 
0.1875
0.1670 0.6669 0.7479 0.3932 0.6707 0.5986 0.6454 0.5834 0.6932 0.6832 0.7455 0.6450 0.5344 0.4512 0.5948 0.6240 
0.2496
0.2494 0.3336 0.2543 0.4366 0.4655 0.2668 0.2559 0.3116 0.3127 0.3246 0.3374 0.3970 0.4393 0.8261 0.3588 0.2961 
0.1875
0.1247 0.6669 0.2543 0.4855 0.4655 0.3281 0.2261 0.3042 0.2894 0.3282 0.2430 0.2900 0.4057 0.6575 0.3123 0.2959 
0.1875
0.1671 0.6669 0.7479 0.3830 0.6707 0.5994 0.6454 0.5860 0.6929 0.6838 0.7455 0.6451 0.5348 0.4512 0.5834 0.6235 
0.2496
0.1670 0.6669 0.7479 0.3915 0.6707 0.5977 0.6454 0.5802 0.6932 0.6833 0.7453 0.6450 0.5351 0.4512 0.5837 0.6231 
0.2496
0.2494 0.3336 0.2543 0.4339 0.4655 0.2584 0.2562 0.3054 0.3128 0.3134 0.3397 0.3995 0.4386 0.6575 0.3596 0.2961 
0.1875
0.1670 0.6669 0.7479 0.3844 0.6707 0.5984 0.6454 0.5851 0.6929 0.6838 0.7453 0.6450 0.5352 0.4512 0.5846 0.6230 
0.2496
0.1247 0.6669 0.2542 0.4612 0.4655 0.3017 0.2275 0.3077 0.2862 0.3246 0.2428 0.2897 0.4054 0.8261 0.3180 0.2960 
0.1875
0.3316 0.3336 0.7457 0.4178 0.6707 0.5864 0.6455 0.5822 0.6934 0.6510 0.7846 0.6926 0.5814 0.4512 0.6300 0.5692 
0.2496
0.2494 0.3336 0.2543 0.4384 0.4655 0.2678 0.2512 0.3055 0.3044 0.3223 0.3396 0.3995 0.4393 0.8261 0.3585 0.2960 
0.1875
0.1247 0.6669 0.2543 0.4665 0.4655 0.2971 0.2285 0.3064 0.2903 0.3185 0.2427 0.2894 0.4052 0.6575 0.3184 0.2960 
0.1875
0.1247 0.6669 0.2542 0.4602 0.4655 0.2970 0.2235 0.3012 0.2791 0.3256 0.2431 0.2900 0.4055 0.6575 0.3174 0.2959 
0.1875
0.3316 0.3336 0.7457 0.4116 0.6707 0.5853 0.6455 0.5806 0.6934 0.6510 0.7848 0.6926 0.5807 0.4512 0.6260 0.5701 
0.2496
0.2494 0.3336 0.2543 0.4413 0.4655 0.2543 0.2561 0.3114 0.3145 0.3245 0.3399 0.3997 0.4386 0.6575 0.3551 0.2961 
0.1875
0.1247 0.6669 0.2543 0.4555 0.4655 0.2987 0.2274 0.2992 0.2862 0.3153 0.2429 0.2899 0.4054 0.4512 0.3147 0.2960 
0.1875
0.1670 0.6669 0.7479 0.3882 0.6707 0.5981 0.6454 0.5851 0.6931 0.6840 0.7453 0.6450 0.5350 0.4512 0.5851 0.6232 
0.2496
0.1247 0.6669 0.2542 0.4522 0.4655 0.2890 0.2229 0.2987 0.2802 0.3238 0.2428 0.2897 0.4053 0.6575 0.3131 0.2959 
0.1875
0.2494 0.3336 0.2543 0.4405 0.4655 0.2750 0.2520 0.3090 0.3034 0.3266 0.3397 0.3996 0.4393 0.4512 0.3590 0.2960 
0.1875
0.1670 0.6669 0.7478 0.4089 0.6707 0.5993 0.6454 0.5859 0.6930 0.6837 0.7454 0.6449 0.5349 1.0000 0.5820 0.6234 
0.2496
0.1247 0.6669 0.2543 0.4636 0.4655 0.2976 0.2282 0.3008 0.2886 0.3146 0.2428 0.2899 0.4057 0.6575 0.3204 0.2960 
0.1875
0.2494 0.3336 0.2543 0.4411 0.4655 0.2623 0.2541 0.3143 0.3109 0.3294 0.3395 0.3995 0.4399 0.4512 0.3666 0.2960 
0.1875
0.2494 0.3336 0.2543 0.4428 0.4655 0.2555 0.2514 0.3059 0.3068 0.3207 0.3398 0.3998 0.4395 1.0000 0.3527 0.2959 
0.1875
0.3326 0.2503 0.2544 0.7440 0.4655 0.6282 0.2630 0.3000 0.3123 0.3198 0.3589 0.4180 0.4697 0.4512 0.4002 0.2958 
0.1875
0.3316 0.3336 0.7457 0.4091 0.6707 0.5849 0.6455 0.5806 0.6934 0.6511 0.7847 0.6926 0.5810 0.4512 0.6282 0.5697 
0.2496
0.2494 0.3336 0.2543 0.4317 0.4655 0.2612 0.2507 0.2994 0.3059 0.3239 0.3377 0.3971 0.4386 0.8261 0.3533 0.2960 
0.1875
0.3316 0.3336 0.7457 0.4134 0.6707 0.5839 0.6455 0.5800 0.6932 0.6516 0.7847 0.6926 0.5812 0.4512 0.6268 0.5696 
0.2496
0.2494 0.3336 0.2543 0.4389 0.4655 0.2498 0.2522 0.2992 0.3063 0.3176 0.3378 0.3972 0.4381 0.6575 0.3524 0.2960 
0.1875
0.2494 0.3336 0.2543 0.4356 0.4655 0.2680 0.2566 0.3130 0.3155 0.3227 0.3397 0.3995 0.4390 0.4512 0.3679 0.2961 
0.1875
0.1671 0.6669 0.7480 0.4147 0.6707 0.5990 0.6454 0.5835 0.6931 0.6829 0.7453 0.6450 0.5355 0.4512 0.5827 0.6226 
0.2496
0.1670 0.6669 0.7479 0.4035 0.6707 0.5971 0.6454 0.5842 0.6933 0.6831 0.7453 0.6450 0.5352 0.4512 0.5811 0.6230 
0.2496
0.3315 0.3336 0.7456 0.4130 0.6707 0.5858 0.6455 0.5819 0.6931 0.6512 0.7847 0.6927 0.5809 0.4512 0.6285 0.5698 
0.2496
0.1670 0.6669 0.7479 0.3983 0.6707 0.5983 0.6454 0.5829 0.6932 0.6833 0.7455 0.6451 0.5346 1.0000 0.5805 0.6237 
0.2496
0.2494 0.3336 0.2543 0.4361 0.4655 0.2636 0.2514 0.3005 0.3053 0.3198 0.3395 0.3993 0.4390 1.0000 0.3685 0.2960 
0.1875
0.2494 0.3336 0.2543 0.4362 0.4655 0.2665 0.2561 0.3096 0.3157 0.3218 0.3397 0.3995 0.4389 1.0000 0.3567 0.2961 
0.1875
0.3316 0.3336 0.7457 0.4174 0.6707 0.5855 0.6455 0.5807 0.6932 0.6510 0.7847 0.6926 0.5810 0.4512 0.6300 0.5698 
0.2496
0.1670 0.6669 0.7479 0.4081 0.6707 0.5993 0.6454 0.5861 0.6932 0.6834 0.7453 0.6450 0.5352 0.4512 0.5800 0.6229 
0.2496
0.1671 0.6669 0.7479 0.3871 0.6707 0.5992 0.6454 0.5868 0.6930 0.6834 0.7457 0.6454 0.5346 0.4512 0.5778 0.6237 
0.2496
0.1670 0.6669 0.7479 0.3939 0.6707 0.5985 0.6454 0.5836 0.6933 0.6830 0.7454 0.6450 0.5349 0.4512 0.5884 0.6234 
0.2496
0.1247 0.6669 0.2543 0.4605 0.4655 0.2948 0.2282 0.3061 0.2919 0.3223 0.2437 0.2906 0.4051 0.4512 0.3123 0.2960 
0.1875
0.2494 0.3336 0.2543 0.4324 0.4655 0.2596 0.2519 0.3058 0.3087 0.3259 0.3397 0.3996 0.4395 0.8261 0.3711 0.2960 
0.1875
0.1670 0.6669 0.7478 0.4017 0.6707 0.5979 0.6454 0.5820 0.6932 0.6833 0.7454 0.6450 0.5350 0.4512 0.5839 0.6232 
0.2496
0.3316 0.3336 0.7457 0.4197 0.6707 0.5860 0.6455 0.5818 0.6932 0.6508 0.7847 0.6926 0.5811 0.4512 0.6239 0.5695 
0.2496
0.3316 0.3336 0.7457 0.4093 0.6707 0.5846 0.6455 0.5806 0.6932 0.6514 0.7847 0.6926 0.5812 0.4512 0.6293 0.5695 
0.2496
0.1671 0.6669 0.7480 0.3920 0.6707 0.5990 0.6454 0.5847 0.6935 0.6836 0.7454 0.6450 0.5350 0.4512 0.5809 0.6232 
0.2496
0.2494 0.3336 0.2543 0.4411 0.4655 0.2640 0.2556 0.3085 0.3128 0.3202 0.3394 0.3994 0.4397 0.6575 0.3607 0.2961 
0.1875
0.3316 0.3336 0.7457 0.4121 0.6707 0.5862 0.6455 0.5815 0.6931 0.6510 0.7846 0.6930 0.5832 1.0000 0.6294 0.5672 
0.2496
0.1671 0.6669 0.7479 0.3918 0.6707 0.5988 0.6454 0.5835 0.6931 0.6832 0.7453 0.6450 0.5356 0.4512 0.5829 0.6225 
0.2496
0.1247 0.6669 0.2542 0.4552 0.4655 0.2997 0.2241 0.3010 0.2812 0.3146 0.2427 0.2895 0.4056 0.6575 0.3125 0.2959 
0.1875
0.1247 0.6669 0.2542 0.4538 0.4655 0.2904 0.2241 0.2935 0.2831 0.3173 0.2418 0.2884 0.4052 0.4512 0.3093 0.2959 
0.1875
0.2494 0.3336 0.2543 0.4368 0.4655 0.2569 0.2513 0.3009 0.3002 0.3177 0.3396 0.3995 0.4393 0.6575 0.3595 0.2960 
0.1875
0.2494 0.3336 0.2543 0.4370 0.4655 0.2667 0.2561 0.3078 0.3134 0.3161 0.3396 0.3994 0.4388 0.6575 0.3666 0.2961 
0.1875
0.3316 0.3336 0.7457 0.4150 0.6707 0.5852 0.6455 0.5809 0.6932 0.6510 0.7847 0.6926 0.5813 0.4512 0.6291 0.5694 
0.2496
0.1247 0.6669 0.2542 0.4544 0.4655 0.3012 0.2256 0.3105 0.2828 0.3322 0.2417 0.2885 0.4054 0.6575 0.3082 0.2960 
0.1875
0.1670 0.6669 0.7479 0.3986 0.6707 0.5983 0.6454 0.5830 0.6932 0.6834 0.7453 0.6449 0.5351 0.4512 0.5820 0.6231 
0.2496
0.1670 0.6669 0.7478 0.4075 0.6707 0.5967 0.6454 0.5841 0.6932 0.6833 0.7453 0.6450 0.5349 0.4512 0.5811 0.6233 
0.2496
0.2494 0.3336 0.2543 0.4394 0.4655 0.2651 0.2527 0.3037 0.3074 0.3174 0.3397 0.3996 0.4391 0.4512 0.3596 0.2960 
0.1875
0.1670 0.6669 0.7479 0.4031 0.6707 0.5979 0.6454 0.5851 0.6930 0.6833 0.7454 0.6450 0.5350 0.4512 0.5813 0.6232 
0.2496
0.1247 0.6669 0.2542 0.4552 0.4655 0.2929 0.2230 0.2964 0.2831 0.3168 0.2422 0.2892 0.4066 0.9687 0.3126 0.2959 
0.1875
0.3316 0.3336 0.7457 0.4219 0.6707 0.5857 0.6455 0.5813 0.6935 0.6512 0.7848 0.6927 0.5810 0.4512 0.6293 0.5697 
0.2496
0.2494 0.3336 0.2543 0.4426 0.4655 0.2664 0.2534 0.3212 0.3082 0.3258 0.3397 0.3996 0.4393 0.4512 0.3603 0.2960 
0.1875
0.3317 0.3336 0.7458 0.4216 0.6707 0.5872 0.6455 0.5831 0.6933 0.6511 0.7846 0.6930 0.5832 0.4512 0.6354 0.5672 
0.2496
0.1247 0.6669 0.2543 0.4626 0.4655 0.2940 0.2280 0.3026 0.2856 0.3164 0.2422 0.2890 0.4060 0.6575 0.3165 0.2960 
0.1875
0.2494 0.3336 0.2543 0.4368 0.4655 0.2604 0.2565 0.3110 0.3135 0.3198 0.3396 0.3994 0.4390 0.4512 0.3602 0.2961 
0.1875
0.2494 0.3336 0.2543 0.4420 0.4655 0.2644 0.2563 0.3126 0.3137 0.3144 0.3396 0.3995 0.4395 0.9687 0.3604 0.2961 
0.1875
0.3315 0.3336 0.7456 0.4174 0.6707 0.5844 0.6455 0.5806 0.6934 0.6515 0.7847 0.6925 0.5810 0.4512 0.6281 0.5697 
0.2496
0.1247 0.6669 0.2543 0.4657 0.4655 0.3035 0.2285 0.3059 0.2865 0.3158 0.2418 0.2885 0.4056 0.8261 0.3150 0.2960 
0.1875
0.1671 0.6669 0.7479 0.4033 0.6707 0.5992 0.6454 0.5858 0.6930 0.6834 0.7454 0.6450 0.5351 0.4512 0.5849 0.6231 
0.2496
0.1247 0.6669 0.2542 0.4599 0.4655 0.2976 0.2264 0.2989 0.2841 0.3209 0.2436 0.2905 0.4052 0.4512 0.3195 0.2960 
0.1875
0.2494 0.3336 0.2543 0.4365 0.4655 0.2684 0.2566 0.3112 0.3157 0.3170 0.3398 0.3996 0.4390 0.4512 0.3592 0.2961 
0.1875
0.2494 0.3336 0.2543 0.4535 0.4655 0.2748 0.2544 0.3225 0.3115 0.3259 0.3395 0.3994 0.4394 0.4512 0.3706 0.2960 
0.1875
0.2494 0.3336 0.2543 0.4385 0.4655 0.2581 0.2541 0.3168 0.3118 0.3267 0.3395 0.3994 0.4393 0.9687 0.3707 0.2960 
0.1875
0.2494 0.3336 0.2543 0.4349 0.4655 0.2591 0.2547 0.3047 0.3107 0.3148 0.3377 0.3972 0.4389 0.6575 0.3539 0.2960 
0.1875
0.2494 0.3336 0.2543 0.4359 0.4655 0.2594 0.2541 0.3092 0.3098 0.3214 0.3396 0.3995 0.4393 0.6575 0.3680 0.2960 
0.1875
0.1670 0.6669 0.7478 0.3927 0.6707 0.5990 0.6454 0.5843 0.6929 0.6840 0.7454 0.6450 0.5349 0.4512 0.5833 0.6233 
0.2496
0.1671 0.6669 0.7479 0.3923 0.6707 0.5990 0.6454 0.5840 0.6930 0.6833 0.7454 0.6451 0.5355 0.4512 0.5788 0.6227 
0.2496
0.3316 0.3336 0.7457 0.4258 0.6707 0.5843 0.6455 0.5802 0.6934 0.6515 0.7846 0.6926 0.5813 1.0000 0.6272 0.5694 
0.2496
0.1671 0.6669 0.7479 0.3836 0.6707 0.5973 0.6454 0.5810 0.6931 0.6832 0.7453 0.6449 0.5352 0.4512 0.5823 0.6230 
0.2496
0.1669 0.6669 0.7477 0.3969 0.6707 0.5982 0.6454 0.5841 0.6931 0.6843 0.7454 0.6450 0.5346 0.4512 0.5795 0.6237 
0.2496
0.3315 0.3336 0.7457 0.4099 0.6707 0.5864 0.6455 0.5824 0.6933 0.6510 0.7848 0.6926 0.5809 0.4512 0.6323 0.5698 
0.2496
0.1247 0.6669 0.2542 0.4684 0.4655 0.2937 0.2278 0.2991 0.2886 0.3197 0.2424 0.2891 0.4053 0.4512 0.3203 0.2960 
0.1875
0.3315 0.3336 0.7456 0.4241 0.6707 0.5859 0.6455 0.5820 0.6933 0.6509 0.7846 0.6925 0.5813 0.4512 0.6291 0.5694 
0.2496
0.1670 0.6669 0.7479 0.4033 0.6707 0.5991 0.6454 0.5856 0.6930 0.6837 0.7454 0.6451 0.5351 0.4512 0.5805 0.6231 
0.2496
0.1671 0.6669 0.7480 0.4092 0.6707 0.6000 0.6454 0.5879 0.6930 0.6830 0.7448 0.6454 0.5330 0.4512 0.5746 0.6256 
0.2496
0.1247 0.6669 0.2542 0.4654 0.4655 0.2949 0.2253 0.3082 0.2822 0.3246 0.2422 0.2893 0.4061 0.8261 0.3191 0.2959 
0.1875
0.2494 0.3336 0.2543 0.4345 0.4655 0.2665 0.2528 0.3202 0.3080 0.3257 0.3377 0.3972 0.4389 0.8261 0.3535 0.2960 
0.1875
0.1670 0.6669 0.7479 0.3991 0.6707 0.5989 0.6454 0.5857 0.6933 0.6843 0.7453 0.6450 0.5351 0.4512 0.5807 0.6231 
0.2496
0.3316 0.3336 0.7457 0.4056 0.6707 0.5875 0.6455 0.5834 0.6933 0.6506 0.7846 0.6929 0.5832 0.4512 0.6332 0.5672 
0.2496
0.3316 0.3336 0.7457 0.4207 0.6707 0.5860 0.6455 0.5816 0.6931 0.6514 0.7847 0.6926 0.5810 1.0000 0.6286 0.5697 
0.2496
0.3316 0.3336 0.7457 0.4214 0.6707 0.5851 0.6455 0.5810 0.6935 0.6516 0.7848 0.6926 0.5807 0.4512 0.6280 0.5701 
0.2496
0.1247 0.6669 0.2542 0.4485 0.4655 0.2971 0.2236 0.2965 0.2808 0.3164 0.2419 0.2886 0.4054 0.6575 0.3107 0.2959 
0.1875
0.1670 0.6669 0.7478 0.4082 0.6707 0.5965 0.6454 0.5833 0.6930 0.6835 0.7453 0.6450 0.5349 0.4512 0.5794 0.6234 
0.2496
0.1247 0.6669 0.2542 0.4635 0.4655 0.2981 0.2269 0.2993 0.2865 0.3185 0.2429 0.2899 0.4055 0.4512 0.3129 0.2960 
0.1875
0.3315 0.3336 0.7457 0.4190 0.6707 0.5842 0.6455 0.5798 0.6934 0.6511 0.7845 0.6925 0.5816 0.4512 0.6335 0.5690 
0.2496
0.3315 0.3336 0.7456 0.4260 0.6707 0.5848 0.6455 0.5804 0.6935 0.6513 0.7847 0.6926 0.5808 0.4512 0.6282 0.5700 
0.2496
0.1671 0.6669 0.7480 0.3760 0.6707 0.5995 0.6454 0.5862 0.6932 0.6830 0.7454 0.6451 0.5350 0.4512 0.5805 0.6232 
0.2496
0.3316 0.3336 0.7457 0.4142 0.6707 0.5843 0.6455 0.5802 0.6935 0.6513 0.7847 0.6926 0.5812 0.4512 0.6266 0.5695 
0.2496
0.1247 0.6669 0.2542 0.4563 0.4655 0.2978 0.2261 0.3060 0.2777 0.3266 0.2430 0.2900 0.4058 0.8261 0.3140 0.2959 
0.1875
0.3316 0.3336 0.7457 0.4147 0.6707 0.5863 0.6455 0.5823 0.6934 0.6508 0.7847 0.6925 0.5813 0.4512 0.6311 0.5694 
0.2496
0.1670 0.6669 0.7479 0.3970 0.6707 0.5973 0.6454 0.5841 0.6931 0.6832 0.7453 0.6450 0.5352 0.4512 0.5804 0.6230 
0.2496
0.3316 0.3336 0.7457 0.4121 0.6707 0.5874 0.6455 0.5832 0.6932 0.6509 0.7844 0.6929 0.5835 0.4512 0.6314 0.5668 
0.2496
0.1247 0.6669 0.2542 0.4649 0.4655 0.2973 0.2277 0.2992 0.2844 0.3187 0.2419 0.2887 0.4055 0.6575 0.3201 0.2960 
0.1875
0.1671 0.6669 0.7480 0.3818 0.6707 0.5987 0.6454 0.5857 0.6932 0.6839 0.7453 0.6450 0.5354 0.4512 0.5798 0.6228 
0.2496
0.2494 0.3336 0.2543 0.4382 0.4655 0.2568 0.2528 0.2960 0.3102 0.3195 0.3378 0.3972 0.4384 0.9687 0.3541 0.2960 
0.1875
0.3317 0.3336 0.7458 0.4139 0.6707 0.5868 0.6455 0.5825 0.6931 0.6506 0.7846 0.6931 0.5829 0.4512 0.6295 0.5675 
0.2496
0.2494 0.3336 0.2543 0.4421 0.4655 0.2630 0.2568 0.3074 0.3169 0.3221 0.3396 0.3995 0.4395 0.8261 0.3714 0.2961 
0.1875
0.1670 0.6669 0.7478 0.3905 0.6707 0.5998 0.6454 0.5857 0.6934 0.6832 0.7456 0.6451 0.5341 0.4512 0.5901 0.6243 
0.2496
0.2494 0.3336 0.2543 0.4425 0.4655 0.2652 0.2557 0.3161 0.3160 0.3235 0.3376 0.3971 0.4385 0.4512 0.3561 0.2961 
0.1875
0.2494 0.3336 0.2543 0.4392 0.4655 0.2663 0.2567 0.3128 0.3150 0.3163 0.3398 0.3995 0.4385 0.6575 0.3525 0.2961 
0.1875
0.3316 0.3336 0.7457 0.4142 0.6707 0.5873 0.6455 0.5832 0.6933 0.6508 0.7846 0.6930 0.5832 0.4512 0.6319 0.5672 
0.2496
0.1247 0.6669 0.2542 0.4595 0.4655 0.2894 0.2232 0.2980 0.2805 0.3252 0.2425 0.2892 0.4056 0.8261 0.3157 0.2959 
0.1875
0.2494 0.3336 0.2543 0.4396 0.4655 0.2608 0.2534 0.3164 0.3087 0.3251 0.3399 0.3997 0.4387 0.6575 0.3527 0.2960 
0.1875
0.1670 0.6669 0.7479 0.3949 0.6707 0.5995 0.6454 0.5855 0.6930 0.6829 0.7453 0.6450 0.5352 0.4512 0.5808 0.6230 
0.2496
0.1670 0.6669 0.7479 0.3965 0.6707 0.5987 0.6454 0.5845 0.6931 0.6833 0.7454 0.6450 0.5348 0.4512 0.5832 0.6235 
0.2496
0.1247 0.6669 0.2542 0.4617 0.4655 0.2994 0.2266 0.2924 0.2859 0.3153 0.2432 0.2903 0.4056 0.8261 0.3101 0.2960 
0.1875
0.2494 0.3336 0.2543 0.4401 0.4655 0.2634 0.2556 0.3154 0.3130 0.3267 0.3399 0.3996 0.4385 0.6575 0.3511 0.2961 
0.1875
0.2494 0.3336 0.2543 0.4418 0.4655 0.2650 0.2542 0.3181 0.3122 0.3358 0.3398 0.3996 0.4388 0.8261 0.3555 0.2960 
0.1875
0.2494 0.3336 0.2543 0.4349 0.4655 0.2587 0.2553 0.3136 0.3140 0.3290 0.3395 0.3995 0.4397 0.6575 0.3695 0.2960 
0.1875
0.3316 0.3336 0.7457 0.4086 0.6707 0.5844 0.6455 0.5800 0.6934 0.6511 0.7848 0.6926 0.5810 0.4512 0.6244 0.5697 
0.2496
0.3316 0.3336 0.7457 0.4199 0.6707 0.5847 0.6455 0.5799 0.6933 0.6510 0.7847 0.6925 0.5812 1.0000 0.6350 0.5695 
0.2496
0.3317 0.3336 0.7457 0.4082 0.6707 0.5870 0.6455 0.5829 0.6931 0.6509 0.7846 0.6930 0.5832 0.4512 0.6319 0.5672 
0.2496
0.1670 0.6669 0.7479 0.4029 0.6707 0.5995 0.6454 0.5827 0.6929 0.6832 0.7454 0.6451 0.5353 0.4512 0.5796 0.6229 
0.2496
0.3316 0.3336 0.7457 0.4330 0.6707 0.5855 0.6455 0.5810 0.6932 0.6510 0.7846 0.6925 0.5813 0.4512 0.6293 0.5694 
0.2496
0.1247 0.6669 0.2542 0.4628 0.4655 0.2972 0.2271 0.3007 0.2847 0.3151 0.2431 0.2899 0.4054 0.4512 0.3120 0.2960 
0.1875
0.3316 0.3336 0.7457 0.4076 0.6707 0.5852 0.6455 0.5809 0.6935 0.6513 0.7846 0.6925 0.5812 0.4512 0.6317 0.5696 
0.2496
0.1670 0.6669 0.7477 0.3751 0.6707 0.5974 0.6454 0.5826 0.6930 0.6833 0.7453 0.6450 0.5350 0.4512 0.5821 0.6232 
0.2496
0.1670 0.6669 0.7478 0.4219 0.6707 0.5983 0.6454 0.5850 0.6932 0.6839 0.7453 0.6449 0.5347 0.4512 0.5817 0.6236 
0.2496
0.1247 0.6669 0.2542 0.4667 0.4655 0.2951 0.2280 0.3048 0.2865 0.3044 0.2422 0.2889 0.4056 0.8261 0.3212 0.2960 
0.1875
0.2494 0.3336 0.2543 0.4368 0.4655 0.2592 0.2559 0.3028 0.3135 0.3182 0.3396 0.3996 0.4396 0.8261 0.3703 0.2961 
0.1875
0.2494 0.3336 0.2543 0.4406 0.4655 0.2707 0.2552 0.3158 0.3137 0.3296 0.3397 0.3996 0.4395 0.6575 0.3719 0.2961 
0.1875
0.1247 0.6669 0.2542 0.4527 0.4655 0.2988 0.2233 0.2971 0.2815 0.3158 0.2430 0.2898 0.4052 0.4512 0.3132 0.2959 
0.1875
0.3316 0.3336 0.7457 0.4131 0.6707 0.5843 0.6455 0.5806 0.6931 0.6513 0.7846 0.6925 0.5816 0.4512 0.6320 0.5691 
0.2496
0.2494 0.3336 0.2543 0.4323 0.4655 0.2624 0.2518 0.3051 0.3064 0.3296 0.3397 0.3996 0.4392 0.4512 0.3686 0.2960 
0.1875
0.2494 0.3336 0.2543 0.4392 0.4655 0.2612 0.2546 0.3198 0.3145 0.3284 0.3378 0.3974 0.4388 0.6575 0.3514 0.2961 
0.1875
0.1247 0.6669 0.2542 0.4610 0.4655 0.3039 0.2271 0.2951 0.2859 0.3099 0.2429 0.2900 0.4059 0.9687 0.3149 0.2960 
0.1875
0.1670 0.6669 0.7478 0.3925 0.6707 0.6004 0.6454 0.5843 0.6932 0.6837 0.7456 0.6451 0.5336 0.4512 0.5941 0.6249 
0.2496
0.1247 0.6669 0.2543 0.4737 0.4655 0.2909 0.2274 0.2992 0.2894 0.3151 0.2437 0.2907 0.4056 0.4512 0.3218 0.2960 
0.1875
0.1247 0.6669 0.2542 0.4658 0.4655 0.2909 0.2242 0.3016 0.2822 0.3144 0.2425 0.2891 0.4053 0.6575 0.3194 0.2959 
0.1875
0.3316 0.3336 0.7457 0.4006 0.6707 0.5840 0.6455 0.5801 0.6935 0.6515 0.7847 0.6925 0.5810 0.4512 0.6308 0.5697 
0.2496
0.3315 0.3336 0.7457 0.3997 0.6707 0.5850 0.6455 0.5800 0.6933 0.6511 0.7848 0.6927 0.5809 0.4512 0.6282 0.5698 
0.2496
0.1671 0.6669 0.7480 0.3850 0.6707 0.5992 0.6454 0.5861 0.6931 0.6836 0.7453 0.6450 0.5354 0.4512 0.5786 0.6227 
0.2496
0.1247 0.6669 0.2543 0.4564 0.4655 0.3013 0.2276 0.2999 0.2897 0.3216 0.2425 0.2890 0.4046 0.4512 0.3146 0.2960 
0.1875
0.1671 0.6669 0.7480 0.3834 0.6707 0.6002 0.6454 0.5866 0.6932 0.6834 0.7454 0.6450 0.5355 0.4512 0.5852 0.6226 
0.2496
0.1670 0.6669 0.7478 0.4138 0.6707 0.5991 0.6454 0.5844 0.6930 0.6840 0.7453 0.6450 0.5352 0.4512 0.5807 0.6230 
0.2496
0.3317 0.3336 0.7458 0.4041 0.6707 0.5869 0.6455 0.5828 0.6931 0.6512 0.7845 0.6929 0.5835 0.4512 0.6343 0.5669 
0.2496
0.3315 0.3336 0.7456 0.4119 0.6707 0.5857 0.6455 0.5815 0.6934 0.6512 0.7847 0.6926 0.5809 0.4512 0.6317 0.5698 
0.2496
0.3316 0.3336 0.7457 0.4092 0.6707 0.5846 0.6455 0.5803 0.6935 0.6513 0.7848 0.6927 0.5809 0.4512 0.6257 0.5698 
0.2496
0.1247 0.6669 0.2542 0.4553 0.4655 0.2896 0.2226 0.2938 0.2825 0.3148 0.2426 0.2894 0.4054 0.6575 0.3185 0.2959 
0.1875
0.2494 0.3336 0.2543 0.4390 0.4655 0.2644 0.2562 0.3102 0.3174 0.3265 0.3396 0.3995 0.4394 0.4512 0.3686 0.2961 
0.1875
0.1670 0.6669 0.7478 0.3876 0.6707 0.5971 0.6454 0.5840 0.6932 0.6832 0.7454 0.6450 0.5347 0.4512 0.5828 0.6236 
0.2496
0.3316 0.3336 0.7457 0.4165 0.6707 0.5866 0.6455 0.5822 0.6931 0.6513 0.7845 0.6930 0.5834 0.4512 0.6321 0.5670 
0.2496
0.1247 0.6669 0.2542 0.4485 0.4655 0.2825 0.2230 0.2907 0.2798 0.3215 0.2425 0.2892 0.4052 0.6575 0.3187 0.2959 
0.1875
0.1670 0.6669 0.7478 0.4210 0.6707 0.5981 0.6454 0.5850 0.6934 0.6832 0.7454 0.6450 0.5351 0.4512 0.5815 0.6231 
0.2496
0.2494 0.3336 0.2543 0.4385 0.4655 0.2658 0.2570 0.3108 0.3144 0.3178 0.3398 0.3997 0.4391 0.6575 0.3637 0.2961 
0.1875
0.3316 0.3336 0.7457 0.4107 0.6707 0.5862 0.6455 0.5819 0.6935 0.6512 0.7846 0.6926 0.5811 0.4512 0.6255 0.5696 
0.2496
0.3315 0.3336 0.7456 0.4258 0.6707 0.5849 0.6455 0.5799 0.6935 0.6511 0.7847 0.6925 0.5811 0.4512 0.6348 0.5696 
0.2496
0.1247 0.6669 0.2542 0.4610 0.4655 0.3040 0.2273 0.3032 0.2894 0.3238 0.2427 0.2896 0.4056 0.4512 0.3171 0.2960 
0.1875
0.1670 0.6669 0.7478 0.3939 0.6707 0.5982 0.6454 0.5832 0.6931 0.6843 0.7453 0.6450 0.5350 0.4512 0.5795 0.6233 
0.2496
0.2494 0.3336 0.2543 0.4345 0.4655 0.2664 0.2546 0.3164 0.3115 0.3261 0.3395 0.3994 0.4392 0.9687 0.3615 0.2960 
0.1875
0.1247 0.6669 0.2543 0.4605 0.4655 0.3055 0.2275 0.3077 0.2865 0.3121 0.2429 0.2901 0.4057 0.9687 0.3198 0.2960 
0.1875
0.3317 0.3336 0.7458 0.4146 0.6707 0.5871 0.6455 0.5829 0.6931 0.6509 0.7846 0.6931 0.5836 0.4512 0.6348 0.5667 
0.2496
0.1672 0.6669 0.7482 0.4097 0.6707 0.5986 0.6454 0.5830 0.6930 0.6828 0.7455 0.6450 0.5347 1.0000 0.6023 0.6236 
0.2496
0.1247 0.6669 0.2542 0.4677 0.4655 0.2996 0.2261 0.3038 0.2812 0.3274 0.2424 0.2892 0.4053 0.8261 0.3091 0.2960 
0.1875
0.1670 0.6669 0.7479 0.3827 0.6707 0.5990 0.6454 0.5822 0.6932 0.6835 0.7455 0.6451 0.5348 1.0000 0.5848 0.6235 
0.2496
0.3316 0.3336 0.7457 0.4179 0.6707 0.5856 0.6455 0.5812 0.6935 0.6513 0.7848 0.6927 0.5809 0.4512 0.6261 0.5699 
0.2496
0.1247 0.6669 0.2542 0.4636 0.4655 0.2893 0.2278 0.3010 0.2865 0.3166 0.2429 0.2897 0.4052 0.4512 0.3136 0.2960 
0.1875
0.3316 0.3336 0.7457 0.4255 0.6707 0.5856 0.6455 0.5811 0.6935 0.6513 0.7847 0.6926 0.5812 0.4512 0.6254 0.5695 
0.2496
0.3316 0.3336 0.7457 0.4235 0.6707 0.5859 0.6455 0.5815 0.6932 0.6512 0.7847 0.6926 0.5811 0.4512 0.6262 0.5697 
0.2496
0.1247 0.6669 0.2542 0.4577 0.4655 0.2995 0.2258 0.3073 0.2805 0.3278 0.2430 0.2897 0.4047 0.9687 0.3098 0.2959 
0.1875
0.1670 0.6669 0.7479 0.4012 0.6707 0.5986 0.6454 0.5821 0.6931 0.6832 0.7453 0.6450 0.5355 0.4512 0.5826 0.6226 
0.2496
0.3316 0.3336 0.7457 0.4161 0.6707 0.5849 0.6455 0.5800 0.6932 0.6514 0.7848 0.6926 0.5809 0.4512 0.6274 0.5698 
0.2496
0.1670 0.6669 0.7478 0.4180 0.6707 0.5973 0.6454 0.5827 0.6933 0.6830 0.7456 0.6452 0.5338 0.4512 0.5948 0.6247 
0.2496
0.1670 0.6669 0.7478 0.3937 0.6707 0.6000 0.6454 0.5848 0.6931 0.6835 0.7455 0.6451 0.5345 0.4512 0.5867 0.6239 
0.2496
0.2494 0.3336 0.2543 0.4438 0.4655 0.2582 0.2531 0.2998 0.3034 0.3303 0.3395 0.3994 0.4393 0.6575 0.3608 0.2960 
0.1875
0.2494 0.3336 0.2543 0.4324 0.4655 0.2577 0.2563 0.3072 0.3147 0.3207 0.3397 0.3997 0.4393 0.6575 0.3595 0.2961 
0.1875
0.2494 0.3336 0.2543 0.4393 0.4655 0.2595 0.2536 0.3171 0.3115 0.3269 0.3378 0.3972 0.4384 0.4512 0.3521 0.2960 
0.1875
0.2494 0.3336 0.2543 0.4402 0.4655 0.2655 0.2538 0.3228 0.3109 0.3358 0.3396 0.3995 0.4389 0.8261 0.3578 0.2960 
0.1875
0.2494 0.3336 0.2543 0.4358 0.4655 0.2622 0.2561 0.3066 0.3140 0.3175 0.3396 0.3995 0.4393 0.4512 0.3606 0.2961 
0.1875
0.1247 0.6669 0.2542 0.4668 0.4655 0.2914 0.2280 0.2966 0.2905 0.3168 0.2427 0.2896 0.4059 0.6575 0.3176 0.2960 
0.1875
0.3316 0.3336 0.7457 0.3991 0.6707 0.5845 0.6455 0.5797 0.6934 0.6510 0.7847 0.6925 0.5814 0.4512 0.6310 0.5693 
0.2496
0.2494 0.3336 0.2543 0.4359 0.4655 0.2655 0.2551 0.3107 0.3127 0.3266 0.3377 0.3971 0.4386 0.4512 0.3544 0.2961 
0.1875
0.1247 0.6669 0.2542 0.4514 0.4655 0.3017 0.2270 0.2973 0.2853 0.3173 0.2431 0.2902 0.4058 0.4512 0.3157 0.2960 
0.1875
0.2494 0.3336 0.2543 0.4398 0.4655 0.2644 0.2538 0.3216 0.3130 0.3324 0.3378 0.3972 0.4384 0.4512 0.3547 0.2960 
0.1875
0.3316 0.3336 0.7457 0.4186 0.6707 0.5859 0.6455 0.5815 0.6935 0.6514 0.7846 0.6931 0.5831 0.4512 0.6334 0.5673 
0.2496
0.1671 0.6669 0.7480 0.3950 0.6707 0.5985 0.6454 0.5826 0.6930 0.6832 0.7453 0.6449 0.5357 0.4512 0.5904 0.6224 
0.2496
0.2494 0.3336 0.2543 0.4442 0.4655 0.2675 0.2519 0.3085 0.3053 0.3221 0.3396 0.3995 0.4392 0.4512 0.3658 0.2960 
0.1875
0.1670 0.6669 0.7479 0.4079 0.6707 0.5993 0.6454 0.5845 0.6933 0.6833 0.7454 0.6450 0.5353 0.4512 0.5795 0.6229 
0.2496
0.1247 0.6669 0.2542 0.4648 0.4655 0.3003 0.2240 0.2976 0.2759 0.3141 0.2421 0.2889 0.4056 0.9687 0.3093 0.2959 
0.1875
0.1247 0.6669 0.2542 0.4630 0.4655 0.2985 0.2267 0.2998 0.2841 0.3179 0.2432 0.2902 0.4057 0.8261 0.3157 0.2960 
0.1875
0.2494 0.3336 0.2543 0.4364 0.4655 0.2508 0.2533 0.3070 0.3084 0.3304 0.3397 0.3995 0.4386 0.8261 0.3617 0.2960 
0.1875
0.1247 0.6669 0.2542 0.4585 0.4655 0.2905 0.2237 0.2981 0.2795 0.3240 0.2424 0.2890 0.4047 0.4512 0.3156 0.2959 
0.1875
0.1670 0.6669 0.7478 0.4053 0.6707 0.5967 0.6454 0.5841 0.6933 0.6831 0.7453 0.6450 0.5354 0.4512 0.5817 0.6228 
0.2496
0.2494 0.3336 0.2543 0.4400 0.4655 0.2658 0.2556 0.3034 0.3152 0.3207 0.3379 0.3972 0.4381 0.9687 0.3609 0.2961 
0.1875
0.1247 0.6669 0.2542 0.4617 0.4655 0.2998 0.2272 0.3033 0.2859 0.3189 0.2428 0.2894 0.4049 0.4512 0.3167 0.2960 
0.1875
0.3316 0.3336 0.7457 0.4064 0.6707 0.5857 0.6455 0.5816 0.6932 0.6516 0.7846 0.6930 0.5831 0.4512 0.6291 0.5673 
0.2496
0.1671 0.6669 0.7480 0.3781 0.6707 0.5988 0.6454 0.5833 0.6933 0.6831 0.7454 0.6451 0.5355 0.4512 0.5845 0.6226 
0.2496
0.1671 0.6669 0.7480 0.4088 0.6707 0.5995 0.6454 0.5870 0.6932 0.6837 0.7452 0.6449 0.5357 0.4512 0.5855 0.6223 
0.2496
0.1670 0.6669 0.7478 0.3990 0.6707 0.5989 0.6454 0.5851 0.6932 0.6839 0.7453 0.6450 0.5351 0.4512 0.5795 0.6231 
0.2496
0.2494 0.3336 0.2543 0.4396 0.4655 0.2640 0.2569 0.3125 0.3153 0.3207 0.3396 0.3995 0.4391 0.6575 0.3672 0.2961 
0.1875
0.3316 0.3336 0.7457 0.4193 0.6707 0.5860 0.6455 0.5816 0.6931 0.6512 0.7848 0.6926 0.5809 1.0000 0.6297 0.5698 
0.2496
0.2494 0.3336 0.2543 0.4412 0.4655 0.2630 0.2559 0.3139 0.3163 0.3343 0.3397 0.3995 0.4391 0.9687 0.3602 0.2961 
0.1875
0.1671 0.6669 0.7479 0.3968 0.6707 0.5994 0.6454 0.5847 0.6930 0.6834 0.7455 0.6451 0.5350 0.4512 0.5912 0.6233 
0.2496
0.1247 0.6669 0.2543 0.4572 0.4655 0.2962 0.2269 0.2966 0.2865 0.3191 0.2427 0.2899 0.4063 0.4512 0.3180 0.2960 
0.1875
0.1670 0.6669 0.7479 0.4290 0.6707 0.5990 0.6454 0.5846 0.6934 0.6833 0.7453 0.6450 0.5355 0.4512 0.5808 0.6226 
0.2496
0.2494 0.3336 0.2543 0.4424 0.4655 0.2638 0.2555 0.3154 0.3128 0.3265 0.3396 0.3995 0.4393 0.4512 0.3637 0.2961 
0.1875
0.1247 0.6669 0.2542 0.4541 0.4655 0.2998 0.2284 0.3030 0.2865 0.3274 0.2424 0.2896 0.4065 0.9687 0.3191 0.2960 
0.1875
0.3316 0.3336 0.7457 0.4174 0.6707 0.5858 0.6455 0.5814 0.6931 0.6512 0.7845 0.6930 0.5834 0.4512 0.6358 0.5671 
0.2496
0.2494 0.3336 0.2543 0.4399 0.4655 0.2655 0.2554 0.3203 0.3107 0.3314 0.3396 0.3995 0.4392 0.6575 0.3665 0.2960 
0.1875
0.1247 0.6669 0.2542 0.4443 0.4655 0.3006 0.2279 0.2988 0.2914 0.3277 0.2422 0.2888 0.4050 0.6575 0.3164 0.2960 
0.1875
0.1247 0.6669 0.2542 0.4578 0.4655 0.3020 0.2272 0.2967 0.2847 0.3116 0.2422 0.2886 0.4045 0.4512 0.3212 0.2960 
0.1875
0.3316 0.3336 0.7457 0.4181 0.6707 0.5862 0.6455 0.5821 0.6933 0.6506 0.7847 0.6926 0.5811 1.0000 0.6291 0.5696 
0.2496
0.1670 0.6669 0.7479 0.4047 0.6707 0.5981 0.6454 0.5851 0.6933 0.6831 0.7454 0.6449 0.5349 0.4512 0.5809 0.6233 
0.2496
0.1247 0.6669 0.2542 0.4586 0.4655 0.2903 0.2238 0.2980 0.2812 0.3202 0.2423 0.2889 0.4051 0.4512 0.3184 0.2959 
0.1875
0.1670 0.6669 0.7479 0.4054 0.6707 0.5985 0.6454 0.5846 0.6933 0.6829 0.7455 0.6451 0.5348 0.4512 0.5879 0.6235 
0.2496
0.3317 0.3336 0.7458 0.3994 0.6707 0.5862 0.6455 0.5820 0.6934 0.6513 0.7846 0.6931 0.5833 0.4512 0.6353 0.5671 
0.2496
0.3316 0.3336 0.7457 0.4174 0.6707 0.5854 0.6455 0.5811 0.6934 0.6510 0.7847 0.6926 0.5811 0.4512 0.6288 0.5696 
0.2496
0.2494 0.3336 0.2543 0.4413 0.4655 0.2631 0.2561 0.3068 0.3139 0.3271 0.3397 0.3995 0.4387 0.9687 0.3628 0.2961 
0.1875
0.1672 0.6669 0.7481 0.3764 0.6707 0.5992 0.6454 0.5851 0.6931 0.6833 0.7454 0.6450 0.5351 0.4512 0.5904 0.6232 
0.2496
0.2494 0.3336 0.2543 0.4354 0.4655 0.2558 0.2510 0.2966 0.3063 0.3200 0.3379 0.3972 0.4382 0.4512 0.3578 0.2960 
0.1875
0.1670 0.6669 0.7479 0.4002 0.6707 0.5995 0.6454 0.5862 0.6934 0.6835 0.7453 0.6450 0.5353 0.4512 0.5817 0.6229 
0.2496
0.1670 0.6669 0.7479 0.3961 0.6707 0.5990 0.6454 0.5823 0.6933 0.6830 0.7454 0.6450 0.5351 0.4512 0.5816 0.6231 
0.2496
0.1247 0.6669 0.2542 0.4575 0.4655 0.2993 0.2277 0.3047 0.2853 0.3187 0.2434 0.2905 0.4056 0.8261 0.3174 0.2960 
0.1875
0.1671 0.6669 0.7479 0.3871 0.6707 0.5978 0.6454 0.5817 0.6934 0.6836 0.7453 0.6450 0.5353 0.4512 0.5805 0.6229 
0.2496
0.2494 0.3336 0.2543 0.4403 0.4655 0.2595 0.2559 0.3162 0.3107 0.3220 0.3395 0.3995 0.4399 0.4512 0.3711 0.2961 
0.1875
0.1247 0.6669 0.2542 0.4611 0.4655 0.2881 0.2233 0.2965 0.2828 0.3202 0.2429 0.2898 0.4055 0.6575 0.3125 0.2959 
0.1875
0.1247 0.6669 0.2542 0.4625 0.4655 0.3001 0.2248 0.3062 0.2835 0.3295 0.2527 0.3022 0.4070 0.4512 0.3201 0.2959 
0.1875
0.1247 0.6669 0.2543 0.4692 0.4655 0.2923 0.2277 0.2978 0.2871 0.3209 0.2427 0.2895 0.4054 0.6575 0.3121 0.2960 
0.1875
0.3316 0.3336 0.7457 0.4170 0.6707 0.5864 0.6455 0.5820 0.6932 0.6514 0.7847 0.6925 0.5809 0.4512 0.6301 0.5698 
0.2496
0.1247 0.6669 0.2542 0.4595 0.4655 0.2992 0.2272 0.2996 0.2883 0.3129 0.2417 0.2883 0.4053 0.9687 0.3110 0.2960 
0.1875
0.3316 0.3336 0.7457 0.4202 0.6707 0.5857 0.6455 0.5813 0.6935 0.6512 0.7848 0.6926 0.5810 0.4512 0.6272 0.5697 
0.2496
0.1247 0.6669 0.2543 0.4709 0.4655 0.2981 0.2277 0.2990 0.2841 0.3151 0.2428 0.2898 0.4057 0.4512 0.3151 0.2960 
0.1875
0.1247 0.6669 0.2542 0.4602 0.4655 0.2974 0.2263 0.2968 0.2850 0.3058 0.2435 0.2906 0.4058 0.6575 0.3121 0.2960 
0.1875
0.1670 0.6669 0.7479 0.3939 0.6707 0.5985 0.6454 0.5818 0.6931 0.6831 0.7453 0.6450 0.5354 0.4512 0.5790 0.6227 
0.2496
0.3316 0.3336 0.7457 0.4080 0.6707 0.5860 0.6455 0.5815 0.6931 0.6511 0.7846 0.6931 0.5833 0.4512 0.6311 0.5672 
0.2496
0.3316 0.3336 0.7457 0.4198 0.6707 0.5849 0.6455 0.5804 0.6933 0.6512 0.7846 0.6925 0.5811 1.0000 0.6302 0.5697 
0.2496
0.2494 0.3336 0.2543 0.4410 0.4655 0.2647 0.2557 0.3111 0.3142 0.3203 0.3394 0.3994 0.4394 0.6575 0.3677 0.2961 
0.1875
0.3315 0.3336 0.7456 0.4123 0.6707 0.5860 0.6455 0.5821 0.6935 0.6512 0.7846 0.6926 0.5813 0.4512 0.6307 0.5693 
0.2496
0.2494 0.3336 0.2543 0.4369 0.4655 0.2622 0.2513 0.3067 0.3013 0.3263 0.3396 0.3995 0.4393 0.6575 0.3657 0.2960 
0.1875
0.2494 0.3336 0.2543 0.4375 0.4655 0.2666 0.2542 0.3224 0.3128 0.3270 0.3379 0.3970 0.4373 0.6575 0.3509 0.2961 
0.1875
0.3315 0.3336 0.7457 0.4192 0.6707 0.5861 0.6455 0.5822 0.6933 0.6510 0.7847 0.6926 0.5812 0.4512 0.6287 0.5694 
0.2496
0.1247 0.6669 0.2542 0.4557 0.4655 0.2909 0.2276 0.2991 0.2850 0.3173 0.2427 0.2893 0.4051 0.4512 0.3205 0.2960 
0.1875
0.3315 0.3336 0.7456 0.4125 0.6707 0.5862 0.6455 0.5824 0.6934 0.6506 0.7847 0.6926 0.5812 1.0000 0.6300 0.5695 
0.2496
0.2494 0.3336 0.2543 0.4391 0.4655 0.2642 0.2556 0.3079 0.3139 0.3194 0.3398 0.3996 0.4389 0.6575 0.3608 0.2961 
0.1875
0.1247 0.6669 0.2542 0.4594 0.4655 0.3005 0.2276 0.2960 0.2844 0.3198 0.2433 0.2902 0.4050 0.9687 0.3156 0.2960 
0.1875
0.1247 0.6669 0.2543 0.4629 0.4655 0.3001 0.2274 0.2997 0.2847 0.3228 0.2428 0.2898 0.4057 0.6575 0.3127 0.2960 
0.1875
0.1670 0.6669 0.7479 0.4057 0.6707 0.5991 0.6454 0.5838 0.6932 0.6838 0.7454 0.6450 0.5349 0.4512 0.5895 0.6233 
0.2496
0.1247 0.6669 0.2542 0.4624 0.4655 0.3018 0.2267 0.2987 0.2880 0.3134 0.2430 0.2902 0.4060 0.8261 0.3195 0.2960 
0.1875
0.3316 0.3336 0.7457 0.4192 0.6707 0.5865 0.6455 0.5823 0.6935 0.6510 0.7847 0.6926 0.5810 0.4512 0.6256 0.5697 
0.2496
0.2494 0.3336 0.2543 0.4390 0.4655 0.2715 0.2556 0.3147 0.3135 0.3215 0.3396 0.3995 0.4391 0.6575 0.3676 0.2961 
0.1875
0.3318 0.3336 0.7458 0.4197 0.6707 0.5865 0.6455 0.5829 0.6934 0.6510 0.7846 0.6931 0.5832 0.4512 0.6334 0.5672 
0.2496
0.3317 0.3336 0.7458 0.4119 0.6707 0.5856 0.6455 0.5816 0.6933 0.6512 0.7846 0.6931 0.5833 0.4512 0.6308 0.5671 
0.2496
0.1247 0.6669 0.2542 0.4667 0.4655 0.2992 0.2232 0.3003 0.2773 0.3160 0.2418 0.2883 0.4051 0.6575 0.3195 0.2959 
0.1875
0.2494 0.3336 0.2543 0.4363 0.4655 0.2595 0.2558 0.3090 0.3165 0.3205 0.3379 0.3973 0.4383 0.4512 0.3582 0.2961 
0.1875
0.1670 0.6669 0.7478 0.4083 0.6707 0.5983 0.6454 0.5839 0.6932 0.6840 0.7453 0.6450 0.5353 0.4512 0.5808 0.6228 
0.2496
0.3316 0.3336 0.7457 0.4111 0.6707 0.5868 0.6455 0.5827 0.6935 0.6511 0.7848 0.6927 0.5809 0.4512 0.6273 0.5698 
0.2496
0.1247 0.6669 0.2542 0.4604 0.4655 0.2953 0.2260 0.3133 0.2862 0.3377 0.2431 0.2900 0.4055 0.8261 0.3086 0.2959 
0.1875
0.1671 0.6669 0.7480 0.4032 0.6707 0.5994 0.6454 0.5859 0.6930 0.6832 0.7454 0.6450 0.5346 0.4512 0.5935 0.6237 
0.2496
0.3317 0.3336 0.7458 0.4200 0.6707 0.5859 0.6455 0.5828 0.6930 0.6514 0.7845 0.6931 0.5832 1.0000 0.6314 0.5672 
0.2496
0.1670 0.6669 0.7479 0.4063 0.6707 0.5975 0.6454 0.5846 0.6932 0.6839 0.7453 0.6449 0.5352 0.4512 0.5823 0.6230 
0.2496
0.2494 0.3336 0.2543 0.4415 0.4655 0.2612 0.2551 0.3185 0.3130 0.3280 0.3378 0.3971 0.4383 0.4512 0.3558 0.2961 
0.1875
0.2494 0.3336 0.2543 0.4393 0.4655 0.2680 0.2567 0.3096 0.3169 0.3240 0.3379 0.3971 0.4378 0.6575 0.3532 0.2961 
0.1875
0.3317 0.3336 0.7458 0.4163 0.6707 0.5866 0.6455 0.5825 0.6935 0.6514 0.7846 0.6930 0.5833 1.0000 0.6322 0.5671 
0.2496
0.3315 0.3336 0.7457 0.4209 0.6707 0.5865 0.6455 0.5824 0.6934 0.6511 0.7847 0.6926 0.5811 0.4512 0.6304 0.5696 
0.2496
0.2494 0.3336 0.2543 0.4398 0.4655 0.2700 0.2536 0.3211 0.3082 0.3262 0.3399 0.3996 0.4384 0.6575 0.3604 0.2960 
0.1875
0.1247 0.6669 0.2542 0.4444 0.4655 0.3047 0.2260 0.3087 0.2812 0.3235 0.2422 0.2889 0.4052 0.6575 0.3111 0.2960 
0.1875
0.3317 0.3336 0.7458 0.4277 0.6707 0.5873 0.6455 0.5830 0.6933 0.6510 0.7846 0.6931 0.5831 0.4512 0.6332 0.5673 
0.2496
0.2494 0.3336 0.2543 0.4414 0.4655 0.2615 0.2546 0.3065 0.3116 0.3231 0.3378 0.3972 0.4384 0.4512 0.3565 0.2961 
0.1875
0.3316 0.3336 0.7457 0.4106 0.6707 0.5861 0.6455 0.5820 0.6934 0.6510 0.7847 0.6926 0.5811 0.4512 0.6298 0.5696 
0.2496
0.1670 0.6669 0.7477 0.3938 0.6707 0.5993 0.6454 0.5830 0.6931 0.6832 0.7456 0.6451 0.5336 0.4512 0.5993 0.6249 
0.2496
0.1671 0.6669 0.7480 0.4159 0.6707 0.5996 0.6454 0.5865 0.6931 0.6831 0.7453 0.6450 0.5353 0.4512 0.5831 0.6229 
0.2496
0.2494 0.3336 0.2543 0.4418 0.4655 0.2622 0.2568 0.3131 0.3135 0.3211 0.3377 0.3971 0.4382 0.4512 0.3558 0.2961 
0.1875
0.2494 0.3336 0.2543 0.4407 0.4655 0.2628 0.2568 0.3100 0.3140 0.3223 0.3395 0.3994 0.4394 0.4512 0.3616 0.2961 
0.1875
0.3315 0.3336 0.7456 0.4240 0.6707 0.5859 0.6455 0.5819 0.6931 0.6512 0.7847 0.6926 0.5811 0.4512 0.6269 0.5697 
0.2496
0.2494 0.3336 0.2543 0.4454 0.4655 0.2545 0.2529 0.3010 0.3036 0.3240 0.3398 0.3997 0.4391 0.8261 0.3593 0.2960 
0.1875
0.1670 0.6669 0.7479 0.4115 0.6707 0.5967 0.6454 0.5838 0.6930 0.6834 0.7455 0.6451 0.5347 0.4512 0.5872 0.6235 
0.2496
0.1247 0.6669 0.2542 0.4637 0.4655 0.2930 0.2262 0.2956 0.2850 0.3113 0.2425 0.2894 0.4054 0.9687 0.3169 0.2960 
0.1875
0.2494 0.3336 0.2543 0.4331 0.4655 0.2584 0.2542 0.3075 0.3107 0.3207 0.3398 0.3995 0.4385 0.4512 0.3624 0.2960 
0.1875
0.1670 0.6669 0.7478 0.3982 0.6707 0.5984 0.6454 0.5836 0.6931 0.6840 0.7453 0.6450 0.5352 0.4512 0.5817 0.6230 
0.2496
0.3315 0.3336 0.7457 0.4158 0.6707 0.5860 0.6455 0.5821 0.6935 0.6509 0.7846 0.6925 0.5812 0.4512 0.6298 0.5695 
0.2496
0.2494 0.3336 0.2543 0.4406 0.4655 0.2666 0.2542 0.3227 0.3095 0.3269 0.3398 0.3997 0.4390 0.6575 0.3638 0.2960 
0.1875
0.1670 0.6669 0.7478 0.4011 0.6707 0.5983 0.6454 0.5815 0.6932 0.6833 0.7454 0.6451 0.5353 0.4512 0.5809 0.6228 
0.2496
0.3315 0.3336 0.7456 0.4162 0.6707 0.5862 0.6455 0.5821 0.6935 0.6512 0.7847 0.6926 0.5809 0.4512 0.6291 0.5698 
0.2496
0.1247 0.6669 0.2542 0.4605 0.4655 0.2940 0.2277 0.2998 0.2871 0.3134 0.2427 0.2894 0.4052 0.6575 0.3109 0.2960 
0.1875
0.1247 0.6669 0.2542 0.4637 0.4655 0.2977 0.2267 0.3011 0.2859 0.3139 0.2430 0.2900 0.4056 0.6575 0.3130 0.2960 
0.1875
0.1692 0.5003 0.2543 0.8005 0.4655 0.6992 0.2391 0.3053 0.3013 0.3290 0.2737 0.3217 0.4064 0.4512 0.3309 0.2962 
0.1875
0.3316 0.3336 0.7457 0.4026 0.6707 0.5866 0.6455 0.5825 0.6931 0.6509 0.7847 0.6925 0.5811 0.4512 0.6272 0.5696 
0.2496
0.1670 0.6669 0.7479 0.4004 0.6707 0.5996 0.6454 0.5847 0.6931 0.6838 0.7454 0.6450 0.5350 0.4512 0.5803 0.6232 
0.2496
0.1671 0.6669 0.7480 0.3901 0.6707 0.5993 0.6454 0.5843 0.6931 0.6834 0.7454 0.6450 0.5351 1.0000 0.5846 0.6231 
0.2496
0.1247 0.6669 0.2542 0.4466 0.4655 0.2997 0.2254 0.3010 0.2883 0.3429 0.2422 0.2889 0.4052 0.4512 0.3088 0.2959 
0.1875
0.1670 0.6669 0.7478 0.3868 0.6707 0.5986 0.6454 0.5816 0.6934 0.6832 0.7453 0.6450 0.5353 0.4512 0.5818 0.6228 
0.2496
0.2494 0.3336 0.2543 0.4328 0.4655 0.2582 0.2540 0.3180 0.3074 0.3271 0.3396 0.3995 0.4393 0.6575 0.3678 0.2960 
0.1875
0.2494 0.3336 0.2543 0.4401 0.4655 0.2568 0.2535 0.3054 0.3120 0.3239 0.3378 0.3972 0.4384 0.8261 0.3557 0.2960 
0.1875
0.3316 0.3336 0.7457 0.4284 0.6707 0.5863 0.6455 0.5820 0.6933 0.6510 0.7847 0.6926 0.5811 0.4512 0.6297 0.5696 
0.2496
0.1247 0.6669 0.2542 0.4579 0.4655 0.2835 0.2236 0.2971 0.2812 0.3235 0.2428 0.2898 0.4060 0.6575 0.3155 0.2959 
0.1875
0.1671 0.6669 0.7480 0.4051 0.6707 0.5989 0.6454 0.5857 0.6932 0.6834 0.7453 0.6450 0.5356 0.4512 0.5794 0.6225 
0.2496
0.2494 0.3336 0.2543 0.4422 0.4655 0.2686 0.2540 0.3125 0.3057 0.3247 0.3397 0.3996 0.4389 0.8261 0.3570 0.2960 
0.1875
0.3316 0.3336 0.7457 0.4113 0.6707 0.5859 0.6455 0.5817 0.6931 0.6514 0.7845 0.6929 0.5834 0.4512 0.6360 0.5670 
0.2496
0.1247 0.6669 0.2542 0.4405 0.4655 0.2950 0.2279 0.2982 0.2927 0.3309 0.2422 0.2890 0.4057 0.6575 0.3182 0.2960 
0.1875
0.1247 0.6669 0.2542 0.4657 0.4655 0.2905 0.2261 0.3104 0.2859 0.3362 0.2435 0.2907 0.4058 0.6575 0.3143 0.2959 
0.1875
0.2494 0.3336 0.2543 0.4345 0.4655 0.2688 0.2551 0.3170 0.3134 0.3321 0.3379 0.3972 0.4382 0.8261 0.3553 0.2961 
0.1875
0.3317 0.3336 0.7458 0.4235 0.6707 0.5862 0.6455 0.5822 0.6932 0.6513 0.7845 0.6931 0.5832 0.4512 0.6303 0.5672 
0.2496
0.1247 0.6669 0.2542 0.4573 0.4655 0.2920 0.2233 0.2995 0.2856 0.3228 0.2424 0.2893 0.4059 0.4512 0.3177 0.2959 
0.1875
0.1247 0.6669 0.2542 0.4534 0.4655 0.2954 0.2269 0.3025 0.2825 0.3197 0.2420 0.2885 0.4051 0.4512 0.3160 0.2960 
0.1875
0.3317 0.3336 0.7458 0.4155 0.6707 0.5867 0.6455 0.5824 0.6932 0.6509 0.7845 0.6930 0.5836 0.4512 0.6320 0.5668 
0.2496
0.1671 0.6669 0.7479 0.3951 0.6707 0.5976 0.6454 0.5847 0.6932 0.6829 0.7453 0.6450 0.5355 0.4512 0.5791 0.6226 
0.2496
0.2494 0.3336 0.2543 0.4371 0.4655 0.2589 0.2532 0.3061 0.3082 0.3201 0.3396 0.3995 0.4392 0.4512 0.3660 0.2960 
0.1875
0.1670 0.6669 0.7478 0.4013 0.6707 0.5981 0.6454 0.5813 0.6934 0.6838 0.7453 0.6450 0.5352 0.4512 0.5824 0.6230 
0.2496
0.2494 0.3336 0.2543 0.4409 0.4655 0.2622 0.2562 0.3078 0.3120 0.3154 0.3393 0.3993 0.4400 0.6575 0.3712 0.2961 
0.1875
0.1671 0.6669 0.7480 0.4014 0.6707 0.5999 0.6454 0.5864 0.6932 0.6832 0.7454 0.6450 0.5353 0.4512 0.5828 0.6228 
0.2496
0.3315 0.3336 0.7457 0.4097 0.6707 0.5866 0.6455 0.5825 0.6932 0.6513 0.7846 0.6924 0.5809 0.4512 0.6303 0.5699 
0.2496
0.1670 0.6669 0.7477 0.3990 0.6707 0.5992 0.6454 0.5823 0.6934 0.6834 0.7455 0.6450 0.5343 1.0000 0.5863 0.6241 
0.2496
0.3316 0.3336 0.7457 0.4060 0.6707 0.5860 0.6455 0.5816 0.6931 0.6512 0.7847 0.6926 0.5811 0.4512 0.6286 0.5696 
0.2496
0.3316 0.3336 0.7457 0.4198 0.6707 0.5849 0.6455 0.5801 0.6933 0.6510 0.7847 0.6926 0.5809 0.4512 0.6294 0.5698 
0.2496
0.3315 0.3336 0.7456 0.4151 0.6707 0.5861 0.6455 0.5821 0.6934 0.6511 0.7847 0.6926 0.5810 0.4512 0.6300 0.5697 
0.2496
0.1247 0.6669 0.2543 0.4688 0.4655 0.2964 0.2274 0.3010 0.2877 0.3177 0.2428 0.2898 0.4053 0.4512 0.3157 0.2960 
0.1875
0.1671 0.6669 0.7479 0.3984 0.6707 0.5998 0.6454 0.5852 0.6932 0.6833 0.7454 0.6450 0.5355 0.4512 0.5814 0.6227 
0.2496
0.3315 0.3336 0.7456 0.4122 0.6707 0.5850 0.6455 0.5800 0.6935 0.6513 0.7847 0.6926 0.5809 0.4512 0.6297 0.5699 
0.2496
0.1671 0.6669 0.7479 0.3978 0.6707 0.5981 0.6454 0.5837 0.6932 0.6838 0.7453 0.6450 0.5352 0.4512 0.5810 0.6230 
0.2496
0.1670 0.6669 0.7479 0.4076 0.6707 0.5988 0.6454 0.5818 0.6934 0.6836 0.7454 0.6450 0.5352 0.4512 0.5811 0.6230 
0.2496
0.3316 0.3336 0.7457 0.4192 0.6707 0.5853 0.6455 0.5807 0.6934 0.6512 0.7847 0.6925 0.5811 0.4512 0.6279 0.5697 
0.2496
0.3316 0.3336 0.7457 0.4032 0.6707 0.5847 0.6455 0.5803 0.6935 0.6514 0.7848 0.6926 0.5810 1.0000 0.6293 0.5698 
0.2496
0.2494 0.3336 0.2543 0.4397 0.4655 0.2578 0.2521 0.3012 0.3072 0.3282 0.3395 0.3995 0.4397 0.8261 0.3626 0.2960 
0.1875
0.2494 0.3336 0.2543 0.4399 0.4655 0.2613 0.2557 0.3147 0.3147 0.3168 0.3396 0.3996 0.4397 0.6575 0.3695 0.2961 
0.1875
0.1247 0.6669 0.2543 0.4563 0.4655 0.3001 0.2272 0.3026 0.2853 0.3111 0.2438 0.2910 0.4058 0.4512 0.3139 0.2960 
0.1875
0.2494 0.3336 0.2543 0.4321 0.4655 0.2622 0.2512 0.3045 0.3024 0.3284 0.3378 0.3972 0.4381 0.8261 0.3521 0.2960 
0.1875
0.1247 0.6669 0.2542 0.4486 0.4655 0.2933 0.2252 0.3054 0.2825 0.3261 0.2423 0.2892 0.4057 1.0000 0.3180 0.2959 
0.1875
0.1247 0.6669 0.2543 0.4679 0.4655 0.3010 0.2282 0.3017 0.2825 0.3153 0.2426 0.2894 0.4053 0.4512 0.3132 0.2960 
0.1875
0.1247 0.6669 0.2542 0.4595 0.4655 0.3002 0.2268 0.3121 0.2828 0.3300 0.2526 0.3020 0.4070 0.8261 0.3229 0.2959 
0.1875
0.3316 0.3336 0.7457 0.4134 0.6707 0.5868 0.6455 0.5826 0.6931 0.6508 0.7847 0.6926 0.5807 0.4512 0.6295 0.5700 
0.2496
0.2494 0.3336 0.2543 0.4410 0.4655 0.2628 0.2561 0.3106 0.3153 0.3225 0.3378 0.3971 0.4383 0.6575 0.3535 0.2961 
0.1875
0.1670 0.6669 0.7479 0.3898 0.6707 0.5990 0.6454 0.5822 0.6931 0.6831 0.7454 0.6450 0.5353 0.4512 0.5815 0.6229 
0.2496
0.3315 0.3336 0.7457 0.4132 0.6707 0.5849 0.6455 0.5801 0.6934 0.6511 0.7847 0.6926 0.5812 0.4512 0.6267 0.5695 
0.2496
0.3315 0.3336 0.7457 0.4210 0.6707 0.5862 0.6455 0.5822 0.6935 0.6508 0.7848 0.6926 0.5808 0.4512 0.6282 0.5700 
0.2496
0.2494 0.3336 0.2543 0.4417 0.4655 0.2637 0.2545 0.3222 0.3087 0.3295 0.3396 0.3995 0.4394 0.9687 0.3588 0.2960 
0.1875
0.2494 0.3336 0.2543 0.4425 0.4655 0.2587 0.2547 0.3214 0.3115 0.3310 0.3397 0.3995 0.4385 0.4512 0.3590 0.2961 
0.1875
0.1247 0.6669 0.2543 0.4597 0.4655 0.2981 0.2266 0.2897 0.2844 0.3168 0.2442 0.2914 0.4057 0.9687 0.3173 0.2960 
0.1875
0.2494 0.3336 0.2543 0.4365 0.4655 0.2583 0.2512 0.3038 0.3040 0.3265 0.3394 0.3993 0.4393 0.8261 0.3663 0.2960 
0.1875
0.1247 0.6669 0.2542 0.4592 0.4655 0.3003 0.2236 0.2937 0.2784 0.3286 0.2417 0.2886 0.4060 0.4512 0.3179 0.2959 
0.1875
0.2494 0.3336 0.2543 0.4420 0.4655 0.2606 0.2554 0.3152 0.3127 0.3234 0.3397 0.3996 0.4392 0.4512 0.3597 0.2961 
0.1875
0.1670 0.6669 0.7479 0.3781 0.6707 0.5993 0.6454 0.5848 0.6931 0.6832 0.7453 0.6449 0.5352 0.4512 0.5824 0.6230 
0.2496
0.1247 0.6669 0.2542 0.4642 0.4655 0.2927 0.2242 0.3075 0.2802 0.3132 0.2428 0.2896 0.4053 0.6575 0.3097 0.2959 
0.1875