451 12 1
0.333843 1.000000 0.992503 0.998571 0.000010 0.409967 0.605162 0.785386 0.174204 0.458333 0.271549 0.290323
0.663419
0.333782 1.000000 0.992216 0.998571 0.000010 0.409967 0.605500 0.785630 0.173383 0.000000 0.269266 0.096774
0.663419
0.333893 1.000000 0.992740 0.998571 0.000010 0.409967 0.605597 0.785432 0.172817 0.041667 0.268545 0.064516
0.663419
0.333987 1.000000 0.993184 0.998571 0.000010 0.409967 0.605203 0.785285 0.173995 0.083333 0.270314 0.129032
0.663419
0.333795 1.000000 0.992273 0.998571 0.000010 0.409967 0.605474 0.785770 0.172971 0.000000 0.268927 0.064516
0.663419
0.333820 1.000000 0.992391 0.998571 0.000010 0.409967 0.605456 0.785661 0.174237 0.125000 0.271979 0.032258
0.663419
0.333857 1.000000 0.992573 0.998571 0.000010 0.409967 0.605505 0.785832 0.174194 0.000000 0.273127 0.032258
0.663419
0.333798 1.000000 0.992289 0.998571 0.000010 0.409967 0.605623 0.785848 0.174141 0.000000 0.272529 0.096774
0.663419
0.333940 1.000000 0.992968 0.998571 0.000010 0.409967 0.605246 0.785161 0.175345 0.041667 0.274035 0.096774
0.663419
0.333875 1.000000 0.992656 0.998571 0.000010 0.409967 0.605350 0.785431 0.174829 0.000000 0.272696 0.064516
0.663419
0.333896 1.000000 0.992754 0.998571 0.000010 0.409967 0.605102 0.785286 0.174059 0.000000 0.272453 0.129032
0.663419
0.333825 1.000000 0.992418 0.998571 0.000010 0.409967 0.605887 0.785949 0.174050 0.041667 0.271665 0.064516
0.663419
0.333812 1.000000 0.992356 0.998571 0.000010 0.409967 0.605102 0.785193 0.174451 0.041667 0.273457 0.064516
0.663419
0.333865 1.000000 0.992611 0.998571 0.000010 0.409967 0.605505 0.785587 0.175083 0.000000 0.275776 0.064516
0.663419
0.333822 1.000000 0.992407 0.998571 0.000010 0.409967 0.605438 0.785543 0.174247 0.000000 0.271477 0.096774
0.663419
0.333862 1.000000 0.992592 0.998571 0.000010 0.409967 0.605494 0.785775 0.174599 0.000000 0.272828 0.064516
0.663419
0.333779 1.000000 0.992200 0.998571 0.000010 0.409967 0.605806 0.785787 0.173112 0.000000 0.268943 0.129032
0.663419
0.333868 1.000000 0.992621 0.998571 0.000010 0.409967 0.605110 0.785429 0.175834 0.000000 0.276099 0.096774
0.663419
0.333953 1.000000 0.993025 0.998571 0.000010 0.409967 0.605448 0.785478 0.174511 0.041667 0.273764 0.032258
0.663419
0.333939 1.000000 0.992957 0.998571 0.000010 0.409967 0.605759 0.785419 0.174834 0.041667 0.272461 0.096774
0.663419
0.333841 1.000000 0.992493 0.998571 0.000010 0.409967 0.605614 0.785657 0.174032 0.083333 0.272657 0.096774
0.663419
0.333893 1.000000 0.992744 0.998571 0.000010 0.409967 0.605252 0.785192 0.175289 0.000000 0.273553 0.064516
0.663419
0.333893 1.000000 0.992739 0.998571 0.000010 0.409967 0.605139 0.785509 0.174464 0.000000 0.272991 0.129032
0.663419
0.333869 1.000000 0.992625 0.998571 0.000010 0.409967 0.605567 0.785615 0.174094 0.000000 0.271055 0.064516
0.663419
0.333778 1.000000 0.992193 0.998571 0.000010 0.409967 0.605506 0.785707 0.174053 0.083333 0.272378 0.064516
0.663419
0.333960 1.000000 0.993058 0.998571 0.000010 0.409967 0.605605 0.785205 0.174726 0.000000 0.272967 0.064516
0.663419
0.333826 1.000000 0.992425 0.998571 0.000010 0.409967 0.605688 0.785528 0.173959 0.041667 0.270776 0.064516
0.663419
0.333824 1.000000 0.992417 0.998571 0.000010 0.409967 0.605371 0.785459 0.174591 0.000000 0.273820 0.064516
0.663419
0.333809 1.000000 0.992342 0.998571 0.000010 0.409967 0.605482 0.785602 0.173286 0.041667 0.270226 0.064516
0.663419
0.333891 1.000000 0.992733 0.998571 0.000010 0.409967 0.605498 0.785362 0.174635 0.000000 0.275482 0.064516
0.663419
0.333891 1.000000 0.992732 0.998571 0.000010 0.409967 0.605504 0.785197 0.175827 0.083333 0.276936 0.129032
0.663419
0.333748 1.000000 0.992054 0.998571 0.000010 0.409967 0.605638 0.785589 0.173650 0.041667 0.272346 0.064516
0.663419
0.333878 1.000000 0.992668 0.998571 0.000010 0.409967 0.605521 0.785486 0.174908 0.041667 0.273330 0.032258
0.663419
0.333840 1.000000 0.992492 0.998571 0.000010 0.409967 0.605506 0.785642 0.173773 0.083333 0.271302 0.096774
0.663419
0.333961 1.000000 0.993066 0.998571 0.000010 0.409967 0.605417 0.785647 0.174924 0.041667 0.274143 0.096774
0.663419
0.333824 1.000000 0.992415 0.998571 0.000010 0.409967 0.605786 0.785664 0.172912 0.083333 0.269884 0.096774
0.663419
0.333734 1.000000 0.991984 0.998571 0.000010 0.409967 0.605932 0.785578 0.173690 0.041667 0.269967 0.032258
0.663419
0.334016 1.000000 0.993325 0.998571 0.000010 0.409967 0.605639 0.785485 0.174443 0.083333 0.272258 0.096774
0.663419
0.333847 1.000000 0.992522 0.998571 0.000010 0.409967 0.605922 0.785604 0.173610 0.000000 0.271202 0.064516
0.663419
0.333810 1.000000 0.992346 0.998571 0.000010 0.409967 0.605709 0.785655 0.173770 0.000000 0.272677 0.129032
0.663419
0.334053 1.000000 0.993498 0.998571 0.000010 0.409967 0.605285 0.785421 0.174135 0.000000 0.271991 0.129032
0.663419
0.333876 1.000000 0.992659 0.998571 0.000010 0.409967 0.605339 0.785321 0.174365 0.041667 0.272075 0.096774
0.663419
0.333912 1.000000 0.992832 0.998571 0.000010 0.409967 0.605721 0.785420 0.174169 0.041667 0.271975 0.064516
0.663419
0.333812 1.000000 0.992359 0.998571 0.000010 0.409967 0.605520 0.785728 0.173809 0.000000 0.272003 0.096774
0.663419
0.333801 1.000000 0.992301 0.998571 0.000010 0.409967 0.605808 0.785702 0.173381 0.000000 0.270888 0.064516
0.663419
0.333900 1.000000 0.992776 0.998571 0.000010 0.409967 0.605585 0.785687 0.174156 0.000000 0.273386 0.032258
0.663419
0.333983 1.000000 0.993167 0.998571 0.000010 0.409967 0.605504 0.785673 0.172852 0.041667 0.271999 0.064516
0.663419
0.333847 1.000000 0.992520 0.998571 0.000010 0.409967 0.605245 0.785267 0.173843 0.041667 0.271569 0.032258
0.663419
0.333757 1.000000 0.992090 0.998571 0.000010 0.409967 0.605577 0.785556 0.173605 0.041667 0.271517 0.032258
0.663419
0.333905 1.000000 0.992797 0.998571 0.000010 0.409967 0.605158 0.785357 0.174912 0.000000 0.273107 0.064516
0.663419
0.333860 1.000000 0.992583 0.998571 0.000010 0.409967 0.605363 0.785641 0.173144 0.041667 0.270250 0.000000
0.663419
0.333797 1.000000 0.992284 0.998571 0.000010 0.409967 0.605691 0.785630 0.174203 0.041667 0.272119 0.032258
0.663419
0.333820 1.000000 0.992393 0.998571 0.000010 0.409967 0.605727 0.785710 0.174964 0.000000 0.274083 0.129032
0.663419
0.333766 1.000000 0.992141 0.998571 0.000010 0.409967 0.605434 0.785676 0.172855 0.041667 0.269119 0.064516
0.663419
0.333780 1.000000 0.992205 0.998571 0.000010 0.409967 0.605435 0.785549 0.173661 0.083333 0.272071 0.032258
0.663419
0.333774 1.000000 0.992177 0.998571 0.000010 0.409967 0.605488 0.785735 0.173870 0.000000 0.270848 0.161290
0.663419
0.333776 1.000000 0.992183 0.998571 0.000010 0.409967 0.605599 0.785642 0.174534 0.000000 0.273007 0.096774
0.663419
0.333844 1.000000 0.992510 0.998571 0.000010 0.409967 0.605547 0.785645 0.174437 0.083333 0.272119 0.064516
0.663419
0.333893 1.000000 0.992742 0.998571 0.000010 0.409967 0.605618 0.785570 0.174744 0.000000 0.273952 0.193548
0.663419
0.333864 1.000000 0.992606 0.998571 0.000010 0.409967 0.605423 0.785387 0.174195 0.083333 0.273932 0.064516
0.663419
0.333791 1.000000 0.992254 0.998571 0.000010 0.409967 0.605468 0.785678 0.174272 0.041667 0.271812 0.032258
0.663419
0.333823 1.000000 0.992409 0.998571 0.000010 0.409967 0.605252 0.785622 0.173115 0.000000 0.269545 0.096774
0.663419
0.333827 1.000000 0.992430 0.998571 0.000010 0.409967 0.604990 0.785295 0.174112 0.000000 0.272991 0.096774
0.663419
0.333951 1.000000 0.993015 0.998571 0.000010 0.409967 0.605447 0.785706 0.174365 0.000000 0.271876 0.064516
0.663419
0.333836 1.000000 0.992471 0.998569 0.000000 0.409967 0.605621 0.785577 0.174374 0.041667 0.274159 0.129032
0.663419
0.333757 1.000000 0.992094 0.998569 0.000000 0.409967 0.605300 0.785566 0.173876 0.041667 0.270473 0.129032
0.663419
0.333749 1.000000 0.992059 0.998569 0.000000 0.409967 0.605599 0.785749 0.173071 0.000000 0.269613 0.129032
0.663419
0.333892 1.000000 0.992737 0.998569 0.000000 0.409967 0.605463 0.785174 0.174914 0.000000 0.274422 0.064516
0.663419
0.333737 1.000000 0.992004 0.998569 0.000000 0.409967 0.605735 0.785717 0.172461 0.041667 0.269386 0.000000
0.663419
0.333778 1.000000 0.992197 0.998569 0.000000 0.409967 0.605626 0.785693 0.173405 0.000000 0.271429 0.032258
0.663419
0.333901 1.000000 0.992779 0.998569 0.000000 0.409967 0.605268 0.784968 0.174240 0.000000 0.272689 0.064516
0.663419
0.333834 1.000000 0.992462 0.998569 0.000000 0.409967 0.605432 0.785469 0.174457 0.000000 0.271186 0.032258
0.663419
0.333864 1.000000 0.992604 0.998569 0.000000 0.409967 0.605312 0.785259 0.174525 0.041667 0.274163 0.032258
0.663419
0.333840 1.000000 0.992486 0.998569 0.000000 0.409967 0.605480 0.785673 0.173405 0.083333 0.269971 0.032258
0.663419
0.333950 1.000000 0.993011 0.998569 0.000000 0.409967 0.605242 0.785208 0.174817 0.000000 0.273716 0.064516
0.663419
0.663014 0.333333 0.981419 0.999147 0.000425 0.692562 0.828414 0.929434 0.392673 0.125000 0.384782 0.193548
1.003317
0.662953 0.333333 0.981271 0.999147 0.000425 0.692562 0.828753 0.929647 0.393178 0.041667 0.387707 0.161290
1.003317
0.663014 0.333333 0.981417 0.999148 0.000426 0.693165 0.828928 0.930091 0.393662 0.000000 0.387281 0.161290
1.003317
0.663102 0.333333 0.981626 0.999150 0.000427 0.693767 0.828912 0.929847 0.395211 0.166667 0.389576 0.161290
1.003317
0.662966 0.333333 0.981306 0.999148 0.000426 0.693165 0.828642 0.929507 0.393114 0.083333 0.386520 0.225806
1.003317
0.663048 0.333333 0.981494 0.999148 0.000426 0.693165 0.828210 0.929528 0.393051 0.041667 0.386368 0.161290
1.003317
0.663074 0.333333 0.981557 0.999148 0.000426 0.693165 0.828524 0.929758 0.394322 0.083333 0.388073 0.290323
1.003317
0.663073 0.333333 0.981558 0.999147 0.000425 0.692562 0.828518 0.929606 0.394329 0.041667 0.389755 0.129032
1.003317
0.663032 0.333333 0.981459 0.999147 0.000425 0.692562 0.828424 0.930039 0.393564 0.000000 0.387958 0.322581
1.003317
0.663072 0.333333 0.981553 0.999148 0.000426 0.693165 0.828473 0.929853 0.393462 0.041667 0.386858 0.258065
1.003317
0.663037 0.333333 0.981472 0.999150 0.000427 0.693767 0.828204 0.929548 0.391950 0.041667 0.385723 0.193548
1.003317
0.663039 0.333333 0.981478 0.999148 0.000426 0.693165 0.828651 0.929956 0.393210 0.083333 0.387799 0.322581
1.003317
0.662974 0.333333 0.981323 0.999148 0.000426 0.693165 0.828550 0.930060 0.393818 0.041667 0.388305 0.193548
1.003317
0.663021 0.333333 0.981434 0.999148 0.000426 0.693165 0.828387 0.929759 0.392948 0.083333 0.387241 0.193548
1.003317
0.663047 0.333333 0.981497 0.999147 0.000425 0.692562 0.828674 0.929981 0.393388 0.000000 0.387850 0.258065
1.003317
0.663035 0.333333 0.981466 0.999147 0.000425 0.692562 0.828597 0.930067 0.392812 0.125000 0.386193 0.161290
1.003317
0.662938 0.333333 0.981236 0.999148 0.000426 0.693165 0.828268 0.929688 0.393207 0.041667 0.388719 0.193548
1.003317
0.663035 0.333333 0.981466 0.999150 0.000427 0.693767 0.828379 0.929739 0.393131 0.166667 0.386671 0.225806
1.003317
0.663065 0.333333 0.981539 0.999148 0.000426 0.693165 0.828618 0.929886 0.393998 0.083333 0.388101 0.258065
1.003317
0.663023 0.333333 0.981438 0.999148 0.000426 0.693165 0.828706 0.929787 0.393816 0.000000 0.389321 0.258065
1.003317
0.663036 0.333333 0.981470 0.999148 0.000426 0.693165 0.828377 0.929900 0.393320 0.125000 0.387085 0.225806
1.003317
0.663024 0.333333 0.981440 0.999147 0.000425 0.692562 0.828313 0.929734 0.393110 0.041667 0.386428 0.322581
1.003317
0.663706 0.333333 0.983057 0.999151 0.000430 0.695574 0.834074 0.928462 0.404880 0.125000 0.385966 0.193548
1.003317
0.663600 0.333333 0.982806 0.999152 0.000431 0.696176 0.832570 0.928268 0.409700 0.083333 0.392472 0.193548
1.003317
0.663581 0.333333 0.982765 0.999154 0.000431 0.696778 0.832603 0.928427 0.410980 0.000000 0.395329 0.258065
1.003317
0.663611 0.333333 0.982834 0.999150 0.000430 0.695574 0.832946 0.928610 0.410201 0.041667 0.395751 0.258065
1.003317
0.663469 0.333333 0.982496 0.999150 0.000430 0.695574 0.832648 0.929100 0.411349 0.041667 0.393902 0.129032
1.003317
0.663366 0.333333 0.982252 0.999150 0.000430 0.695574 0.832334 0.929094 0.410278 0.041667 0.389930 0.258065
1.003317
0.663305 0.333333 0.982106 0.999150 0.000430 0.695574 0.832344 0.928564 0.410234 0.083333 0.390329 0.290323
1.003317
0.663651 0.333333 0.982927 0.999150 0.000430 0.695574 0.832584 0.928413 0.409840 0.083333 0.393938 0.161290
1.003317
0.663569 0.333333 0.982734 0.999152 0.000431 0.696176 0.833086 0.929378 0.411030 0.041667 0.393727 0.193548
1.003317
0.663560 0.333333 0.982712 0.999152 0.000431 0.696176 0.833071 0.929636 0.410700 0.000000 0.393157 0.161290
1.003317
0.663488 0.333333 0.982541 0.999161 0.000504 0.695574 0.832281 0.928330 0.409329 0.041667 0.391349 0.193548
1.003317
0.663696 0.333333 0.983034 0.999150 0.000430 0.695574 0.832623 0.929138 0.411671 0.208333 0.397923 0.193548
1.003317
0.663607 0.333333 0.982825 0.999150 0.000430 0.695574 0.832882 0.929001 0.411045 0.083333 0.395333 0.322581
1.003317
0.663565 0.333333 0.982723 0.999150 0.000430 0.695574 0.832495 0.928698 0.411869 0.000000 0.396082 0.225806
1.003317
0.663602 0.333333 0.982813 0.999150 0.000430 0.695574 0.832491 0.928929 0.409555 0.083333 0.392361 0.193548
1.003317
0.663528 0.333333 0.982636 0.999152 0.000431 0.696176 0.832397 0.928476 0.409745 0.125000 0.390663 0.096774
1.003317
0.663589 0.333333 0.982780 0.999152 0.000431 0.696176 0.832284 0.928427 0.410971 0.000000 0.395727 0.258065
1.003317
0.663621 0.333333 0.982859 0.999150 0.000430 0.695574 0.832825 0.928928 0.409388 0.083333 0.392512 0.322581
1.003317
0.663592 0.333333 0.982789 0.999150 0.000430 0.695574 0.832574 0.928893 0.411444 0.125000 0.394365 0.225806
1.003317
0.663639 0.333333 0.982900 0.999150 0.000430 0.695574 0.832621 0.928735 0.409800 0.041667 0.394169 0.225806
1.003317
0.663480 0.333333 0.982523 0.999150 0.000430 0.695574 0.832643 0.928840 0.410722 0.083333 0.392404 0.322581
1.003317
0.663619 0.333333 0.982852 0.999150 0.000430 0.695574 0.832580 0.929133 0.413564 0.083333 0.400058 0.129032
1.003317
0.663599 0.333333 0.982804 0.999154 0.000431 0.696778 0.832694 0.928639 0.410853 0.083333 0.394428 0.258065
1.003317
0.663482 0.333333 0.982526 0.999152 0.000431 0.696176 0.832489 0.928884 0.411143 0.041667 0.393197 0.193548
1.003317
0.663618 0.333333 0.982852 0.999149 0.000429 0.694971 0.832529 0.929011 0.410943 0.041667 0.394460 0.290323
1.003317
0.663641 0.333333 0.982905 0.999150 0.000430 0.695574 0.832747 0.929062 0.410893 0.083333 0.395612 0.290323
1.003317
0.663552 0.333333 0.982695 0.999150 0.000430 0.695574 0.832463 0.928674 0.410871 0.041667 0.394034 0.225806
1.003317
0.663581 0.333333 0.982760 0.999150 0.000430 0.695574 0.832491 0.928548 0.410489 0.041667 0.395126 0.290323
1.003317
0.663621 0.333333 0.982857 0.999150 0.000430 0.695574 0.833037 0.929162 0.411901 0.041667 0.396508 0.322581
1.003317
0.663625 0.333333 0.982866 0.999154 0.000431 0.696778 0.832344 0.928975 0.410322 0.041667 0.393739 0.225806
1.003317
0.663665 0.333333 0.982959 0.999154 0.000431 0.696778 0.832965 0.929089 0.410984 0.000000 0.395958 0.225806
1.003317
0.663610 0.333333 0.982830 0.999149 0.000429 0.694971 0.832507 0.928991 0.410759 0.041667 0.394301 0.258065
1.003317
0.663654 0.333333 0.982933 0.999150 0.000430 0.695574 0.833064 0.929005 0.410385 0.041667 0.395978 0.290323
1.003317
0.663604 0.333333 0.982819 0.999150 0.000430 0.695574 0.832819 0.929188 0.410406 0.000000 0.392898 0.225806
1.003317
0.663611 0.333333 0.982833 0.999150 0.000430 0.695574 0.832631 0.928962 0.410716 0.083333 0.395317 0.161290
1.003317
0.663562 0.333333 0.982715 0.999150 0.000430 0.695574 0.832623 0.929240 0.412076 0.125000 0.395791 0.129032
1.003317
0.663412 0.333333 0.982361 0.999152 0.000431 0.696176 0.832088 0.928531 0.410710 0.041667 0.392492 0.225806
1.003317
0.663609 0.333333 0.982828 0.999154 0.000431 0.696778 0.832504 0.928955 0.410514 0.125000 0.392269 0.258065
1.003317
0.663632 0.333333 0.982881 0.999149 0.000429 0.694971 0.832994 0.928976 0.409296 0.000000 0.392950 0.290323
1.003317
0.663652 0.333333 0.982930 0.999150 0.000430 0.695574 0.832612 0.928703 0.410827 0.000000 0.394974 0.354839
1.003317
0.663671 0.333333 0.982976 0.999150 0.000430 0.695574 0.833078 0.928871 0.409556 0.083333 0.394500 0.129032
1.003317
0.663605 0.333333 0.982819 0.999150 0.000430 0.695574 0.832633 0.928866 0.410633 0.041667 0.394249 0.225806
1.003317
0.663594 0.333333 0.982794 0.999150 0.000430 0.695574 0.832152 0.928996 0.411226 0.000000 0.395022 0.161290
1.003317
0.663590 0.333333 0.982785 0.999154 0.000431 0.696778 0.832485 0.928647 0.410290 0.041667 0.394397 0.193548
1.003317
0.663577 0.333333 0.982753 0.999152 0.000431 0.696176 0.832425 0.928839 0.409526 0.000000 0.392365 0.354839
1.003317
0.663613 0.333333 0.982836 0.999150 0.000430 0.695574 0.832868 0.929004 0.411471 0.125000 0.395954 0.225806
1.003317
0.663591 0.333333 0.982786 0.999150 0.000430 0.695574 0.832852 0.928828 0.409824 0.041667 0.394408 0.193548
1.003317
0.663451 0.333333 0.982455 0.999150 0.000430 0.695574 0.832844 0.929132 0.411378 0.041667 0.394616 0.225806
1.003317
0.663616 0.333333 0.982844 0.999150 0.000430 0.695574 0.832759 0.928899 0.411430 0.041667 0.395181 0.225806
1.003317
0.663626 0.333333 0.982869 0.999150 0.000430 0.695574 0.832477 0.928673 0.409654 0.083333 0.391851 0.225806
1.003317
0.663577 0.333333 0.982752 0.999154 0.000431 0.696778 0.833039 0.928881 0.410559 0.041667 0.394400 0.225806
1.003317
0.663649 0.333333 0.982924 0.999154 0.000431 0.696778 0.832562 0.929102 0.408748 0.000000 0.391771 0.258065
1.003317
0.663434 0.333333 0.982413 0.999150 0.000430 0.695574 0.832364 0.928707 0.410542 0.041667 0.392620 0.161290
1.003317
0.124645 1.000000 0.000006 0.000001 0.999679 0.000000 0.000000 0.022618 0.000000 1.000000 0.013746 1.000000
0.249359
0.124656 1.000000 0.000067 0.000001 0.999679 0.000000 0.090999 0.000727 0.099978 0.041667 0.015276 0.258065
0.249359
0.124648 1.000000 0.000021 0.000001 0.999679 0.000000 0.045257 0.022731 0.003174 0.125000 0.011666 0.387097
0.249359
0.124657 1.000000 0.000068 0.000001 0.999679 0.000000 0.091651 0.000580 0.100678 0.166667 0.015371 0.193548
0.249359
0.124649 1.000000 0.000019 0.000001 0.999679 0.000000 0.043170 0.022579 0.003156 0.125000 0.013758 0.451613
0.249359
0.124660 1.000000 0.000076 0.000001 0.999679 0.000000 0.093844 0.000499 0.099830 0.041667 0.016511 0.419355
0.249359
0.124647 1.000000 0.000016 0.000001 0.999679 0.000000 0.042595 0.022786 0.003241 0.041667 0.011961 0.483871
0.249359
0.124662 1.000000 0.000087 0.000001 0.999679 0.000000 0.095752 0.000762 0.098228 0.125000 0.014343 0.354839
0.249359
0.124650 1.000000 0.000031 0.000001 0.999679 0.000000 0.040011 0.022731 0.001841 0.083333 0.013116 0.387097
0.249359
0.124657 1.000000 0.000063 0.000001 0.999679 0.000000 0.093406 0.000447 0.098737 0.000000 0.015786 0.322581
0.249359
0.124648 1.000000 0.000023 0.000001 0.999679 0.000000 0.039863 0.022635 0.002861 0.083333 0.012666 0.516129
0.249359
0.124656 1.000000 0.000057 0.000001 0.999679 0.000000 0.094192 0.000515 0.098754 0.041667 0.015567 0.387097
0.249359
0.124646 1.000000 0.000015 0.000001 0.999679 0.000000 0.044050 0.022602 0.003186 0.166667 0.012905 0.387097
0.249359
0.124657 1.000000 0.000065 0.000001 0.999679 0.000000 0.094102 0.000183 0.099621 0.041667 0.015893 0.419355
0.249359
0.124651 1.000000 0.000038 0.000001 0.999679 0.000000 0.046301 0.022602 0.004496 0.041667 0.013100 0.387097
0.249359
0.124662 1.000000 0.000085 0.000001 0.999679 0.000000 0.093193 0.000194 0.100883 0.000000 0.016614 0.419355
0.249359
0.124648 1.000000 0.000022 0.000001 0.999679 0.000000 0.043991 0.022638 0.002802 0.166667 0.012953 0.451613
0.249359
0.124653 1.000000 0.000047 0.000001 0.999679 0.000000 0.093937 0.000867 0.098813 0.125000 0.015658 0.354839
0.249359
0.124649 1.000000 0.000028 0.000001 0.999679 0.000000 0.041592 0.022653 0.002959 0.000000 0.012574 0.451613
0.249359
0.124655 1.000000 0.000056 0.000001 0.999679 0.000000 0.095176 0.000794 0.099840 0.125000 0.016236 0.225806
0.249359
0.124650 1.000000 0.000028 0.000001 0.999679 0.000000 0.041506 0.022926 0.002779 0.125000 0.012606 0.354839
0.249359
0.124653 1.000000 0.000048 0.000001 0.999679 0.000000 0.094237 0.000946 0.099246 0.125000 0.015391 0.258065
0.249359
0.124647 1.000000 0.000017 0.000001 0.999679 0.000000 0.042976 0.022647 0.004106 0.166667 0.012228 0.548387
0.249359
0.124656 1.000000 0.000059 0.000001 0.999679 0.000000 0.094495 0.000000 0.101917 0.125000 0.017252 0.354839
0.249359
0.124646 1.000000 0.000009 0.000001 0.999679 0.000000 0.039693 0.022634 0.001526 0.000000 0.012782 0.419355
0.249359
0.124658 1.000000 0.000073 0.000001 0.999679 0.000000 0.093000 0.001028 0.097746 0.041667 0.015838 0.290323
0.249359
0.124649 1.000000 0.000023 0.000001 0.999679 0.000000 0.039927 0.022821 0.002753 0.125000 0.012762 0.322581
0.249359
0.124657 1.000000 0.000062 0.000001 0.999679 0.000000 0.094664 0.000694 0.099948 0.041667 0.014662 0.419355
0.249359
0.124647 1.000000 0.000021 0.000001 0.999679 0.000000 0.041998 0.022671 0.002428 0.041667 0.013459 0.387097
0.249359
0.124656 1.000000 0.000060 0.000001 0.999679 0.000000 0.092343 0.000614 0.098710 0.125000 0.015379 0.387097
0.249359
0.124650 1.000000 0.000032 0.000001 0.999679 0.000000 0.043646 0.022662 0.004224 0.000000 0.012144 0.451613
0.249359
0.124655 1.000000 0.000057 0.000001 0.999679 0.000000 0.093808 0.000155 0.101096 0.083333 0.016100 0.322581
0.249359
0.124647 1.000000 0.000021 0.000001 0.999679 0.000000 0.042560 0.022647 0.003023 0.041667 0.012168 0.322581
0.249359
0.124652 1.000000 0.000046 0.000001 0.999679 0.000000 0.092639 0.000139 0.101515 0.125000 0.016156 0.258065
0.249359
0.124646 1.000000 0.000013 0.000001 0.999679 0.000000 0.041378 0.022616 0.002824 0.250000 0.012881 0.419355
0.249359
0.124654 1.000000 0.000054 0.000001 0.999679 0.000000 0.095212 0.000816 0.096619 0.083333 0.014710 0.354839
0.249359
0.124648 1.000000 0.000025 0.000001 0.999679 0.000000 0.043013 0.022688 0.003968 0.000000 0.013475 0.387097
0.249359
0.124662 1.000000 0.000087 0.000001 0.999679 0.000000 0.092513 0.000563 0.099852 0.041667 0.014969 0.322581
0.249359
0.124649 1.000000 0.000023 0.000001 0.999679 0.000000 0.040202 0.022750 0.002599 0.083333 0.012750 0.419355
0.249359
0.124652 1.000000 0.000046 0.000001 0.999679 0.000000 0.092321 0.000536 0.099687 0.041667 0.015913 0.290323
0.249359
0.124648 1.000000 0.000021 0.000001 0.999679 0.000000 0.039064 0.022941 0.002551 0.000000 0.012288 0.419355
0.249359
0.124654 1.000000 0.000051 0.000001 0.999679 0.000000 0.093283 0.000284 0.100389 0.125000 0.015463 0.354839
0.249359
0.124645 1.000000 0.000009 0.000001 0.999679 0.000000 0.045084 0.022697 0.002590 0.000000 0.011578 0.451613
0.249359
0.124652 1.000000 0.000043 0.000001 0.999679 0.000000 0.092836 0.000752 0.098232 0.041667 0.015929 0.322581
0.249359
0.124651 1.000000 0.000030 0.000001 0.999679 0.000000 0.040384 0.022693 0.002017 0.000000 0.012562 0.516129
0.249359
0.124653 1.000000 0.000043 0.000001 0.999679 0.000000 0.093135 0.000738 0.099722 0.083333 0.015005 0.387097
0.249359
0.124648 1.000000 0.000021 0.000001 0.999679 0.000000 0.041665 0.022644 0.003548 0.083333 0.013005 0.354839
0.249359
0.124659 1.000000 0.000072 0.000001 0.999679 0.000000 0.093259 0.000233 0.100966 0.041667 0.016830 0.451613
0.249359
0.124649 1.000000 0.000024 0.000001 0.999679 0.000000 0.041262 0.022665 0.003821 0.125000 0.013049 0.354839
0.249359
0.124657 1.000000 0.000063 0.000001 0.999679 0.000000 0.093791 0.000326 0.099967 0.041667 0.015774 0.322581
0.249359
0.124646 1.000000 0.000011 0.000001 0.999679 0.000000 0.042323 0.022645 0.002145 0.125000 0.013272 0.354839
0.249359
0.124655 1.000000 0.000053 0.000001 0.999679 0.000000 0.094414 0.000777 0.099277 0.125000 0.016136 0.258065
0.249359
0.124649 1.000000 0.000024 0.000001 0.999679 0.000000 0.041502 0.022619 0.003466 0.083333 0.013112 0.451613
0.249359
0.124654 1.000000 0.000050 0.000001 0.999679 0.000000 0.091467 0.000410 0.099869 0.041667 0.015447 0.290323
0.249359
0.124646 1.000000 0.000011 0.000001 0.999679 0.000000 0.038217 0.023161 0.000949 0.000000 0.011017 0.387097
0.249359
0.124656 1.000000 0.000061 0.000001 0.999679 0.000000 0.092398 0.000597 0.098683 0.125000 0.015081 0.354839
0.249359
0.124646 1.000000 0.000010 0.000001 0.999679 0.000000 0.040774 0.022617 0.002846 0.125000 0.012407 0.451613
0.249359
0.124655 1.000000 0.000054 0.000001 0.999679 0.000000 0.091122 0.000581 0.100975 0.041667 0.016061 0.290323
0.249359
0.124646 1.000000 0.000013 0.000001 0.999679 0.000000 0.040293 0.022749 0.002077 0.166667 0.012084 0.451613
0.249359
0.124655 1.000000 0.000057 0.000001 0.999679 0.000000 0.091040 0.000763 0.099743 0.041667 0.015343 0.419355
0.249359
0.124650 1.000000 0.000031 0.000001 0.999679 0.000000 0.042929 0.022645 0.003324 0.041667 0.013614 0.387097
0.249359
0.124651 1.000000 0.000038 0.000001 0.999679 0.000000 0.090868 0.000858 0.098293 0.083333 0.015077 0.290323
0.249359
0.124647 1.000000 0.000017 0.000001 0.999679 0.000000 0.044345 0.022634 0.002386 0.125000 0.012204 0.548387
0.249359
0.124655 1.000000 0.000057 0.000001 0.999679 0.000000 0.094264 0.000634 0.100689 0.083333 0.015491 0.354839
0.249359
0.124643 1.000000 0.000000 0.000001 0.999679 0.000000 0.044650 0.022636 0.003938 0.083333 0.012798 0.387097
0.249359
0.124657 1.000000 0.000065 0.000001 0.999679 0.000000 0.093360 0.000295 0.100329 0.166667 0.015571 0.322581
0.249359
0.124645 1.000000 0.000006 0.000001 0.999679 0.000000 0.039712 0.022714 0.002670 0.166667 0.012208 0.290323
0.249359
0.124656 1.000000 0.000059 0.000001 0.999679 0.000000 0.092903 0.000453 0.099132 0.041667 0.016654 0.419355
0.249359
0.124646 1.000000 0.000016 0.000001 0.999679 0.000000 0.039550 0.022793 0.003154 0.083333 0.012881 0.387097
0.249359
0.124658 1.000000 0.000068 0.000001 0.999679 0.000000 0.093246 0.000525 0.099299 0.166667 0.015917 0.258065
0.249359
0.124646 1.000000 0.000010 0.000001 0.999679 0.000000 0.039600 0.022752 0.002706 0.041667 0.012292 0.548387
0.249359
0.124655 1.000000 0.000055 0.000001 0.999679 0.000000 0.096144 0.000501 0.101420 0.083333 0.016407 0.225806
0.249359
0.124646 1.000000 0.000008 0.000001 0.999679 0.000000 0.040339 0.023039 0.003351 0.083333 0.012331 0.483871
0.249359
0.124659 1.000000 0.000072 0.000001 0.999679 0.000000 0.093885 0.000582 0.100949 0.083333 0.017077 0.322581
0.249359
0.124644 1.000000 0.000004 0.000001 0.999679 0.000000 0.042284 0.022629 0.004029 0.250000 0.012323 0.322581
0.249359
0.124652 1.000000 0.000040 0.000001 0.999679 0.000000 0.092268 0.000462 0.100851 0.041667 0.015750 0.322581
0.249359
0.124645 1.000000 0.000011 0.000001 0.999679 0.000000 0.037135 0.023290 0.001576 0.125000 0.011503 0.483871
0.249359
0.124654 1.000000 0.000052 0.000001 0.999679 0.000000 0.094122 0.000453 0.099963 0.041667 0.014837 0.483871
0.249359
0.124647 1.000000 0.000016 0.000001 0.999679 0.000000 0.039637 0.022718 0.002809 0.000000 0.012642 0.419355
0.249359
0.124656 1.000000 0.000055 0.000001 0.999679 0.000000 0.095436 0.000573 0.100824 0.041667 0.015770 0.419355
0.249359
0.124647 1.000000 0.000012 0.000001 0.999679 0.000000 0.041154 0.022792 0.002107 0.083333 0.012236 0.387097
0.249359
0.124651 1.000000 0.000038 0.000001 0.999679 0.000000 0.095257 0.000557 0.099538 0.166667 0.015268 0.225806
0.249359
0.124646 1.000000 0.000010 0.000001 0.999679 0.000000 0.038853 0.022713 0.002334 0.125000 0.013001 0.419355
0.249359
0.124655 1.000000 0.000054 0.000001 0.999679 0.000000 0.094905 0.000742 0.099276 0.083333 0.015419 0.290323
0.249359
0.124643 1.000000 0.000002 0.000001 0.999679 0.000000 0.040129 0.022779 0.003076 0.083333 0.011873 0.387097
0.249359
0.124651 1.000000 0.000037 0.000001 0.999679 0.000000 0.094168 0.000546 0.101199 0.208333 0.016507 0.354839
0.249359
0.124647 1.000000 0.000018 0.000001 0.999679 0.000000 0.041450 0.022832 0.002837 0.125000 0.012164 0.354839
0.249359
0.124655 1.000000 0.000052 0.000001 0.999679 0.000000 0.094208 0.000383 0.100784 0.083333 0.015594 0.451613
0.249359
0.124646 1.000000 0.000011 0.000001 0.999679 0.000000 0.040566 0.022623 0.003352 0.041667 0.013216 0.451613
0.249359
0.124655 1.000000 0.000054 0.000001 0.999679 0.000000 0.093254 0.000524 0.101125 0.166667 0.016264 0.354839
0.249359
0.124650 1.000000 0.000028 0.000001 0.999679 0.000000 0.038684 0.022732 0.002679 0.083333 0.012821 0.451613
0.249359
0.124655 1.000000 0.000055 0.000001 0.999679 0.000000 0.092684 0.000135 0.101338 0.166667 0.015770 0.354839
0.249359
0.124645 1.000000 0.000010 0.000001 0.999679 0.000000 0.045348 0.022623 0.003941 0.125000 0.012929 0.548387
0.249359
0.124657 1.000000 0.000064 0.000001 0.999679 0.000000 0.096484 0.000064 0.101756 0.083333 0.016057 0.322581
0.249359
0.124645 1.000000 0.000007 0.000001 0.999679 0.000000 0.038278 0.023110 0.003204 0.125000 0.011268 0.387097
0.249359
0.124656 1.000000 0.000065 0.000001 0.999679 0.000000 0.093145 0.000741 0.100557 0.041667 0.014347 0.419355
0.249359
0.124645 1.000000 0.000012 0.000001 0.999679 0.000000 0.039151 0.023195 0.002802 0.041667 0.011965 0.516129
0.249359
0.124654 1.000000 0.000048 0.000001 0.999679 0.000000 0.093899 0.000710 0.100967 0.166667 0.015085 0.419355
0.249359
0.124648 1.000000 0.000024 0.000001 0.999679 0.000000 0.039503 0.022837 0.004032 0.083333 0.013646 0.451613
0.249359
0.124657 1.000000 0.000065 0.000001 0.999679 0.000000 0.094845 0.000678 0.099044 0.083333 0.016965 0.322581
0.249359
0.124648 1.000000 0.000023 0.000001 0.999679 0.000000 0.041724 0.022680 0.002275 0.000000 0.011949 0.419355
0.249359
0.124653 1.000000 0.000049 0.000001 0.999679 0.000000 0.093980 0.000418 0.098933 0.041667 0.015053 0.354839
0.249359
0.124643 1.000000 0.000000 0.000001 0.999679 0.000000 0.041915 0.022778 0.002573 0.041667 0.011981 0.354839
0.249359
0.124654 1.000000 0.000047 0.000001 0.999679 0.000000 0.093050 0.000533 0.100768 0.166667 0.016260 0.322581
0.249359
0.124648 1.000000 0.000016 0.000001 0.999679 0.000000 0.042422 0.022683 0.004185 0.083333 0.013204 0.387097
0.249359
0.124656 1.000000 0.000060 0.000001 0.999679 0.000000 0.093603 0.000520 0.099827 0.291667 0.015973 0.258065
0.249359
0.124646 1.000000 0.000015 0.000001 0.999679 0.000000 0.041492 0.022696 0.003345 0.083333 0.012228 0.548387
0.249359
0.124655 1.000000 0.000053 0.000001 0.999679 0.000000 0.093195 0.000558 0.098550 0.125000 0.015563 0.322581
0.249359
0.124647 1.000000 0.000013 0.000001 0.999679 0.000000 0.042358 0.022659 0.003310 0.250000 0.012817 0.290323
0.249359
0.124657 1.000000 0.000064 0.000001 0.999679 0.000000 0.093956 0.000685 0.099669 0.083333 0.015842 0.322581
0.249359
0.124645 1.000000 0.000010 0.000001 0.999679 0.000000 0.039017 0.022988 0.002593 0.208333 0.012443 0.516129
0.249359
0.124656 1.000000 0.000054 0.000001 0.999679 0.000000 0.094555 0.000402 0.100798 0.125000 0.015467 0.387097
0.249359
0.124647 1.000000 0.000013 0.000001 0.999679 0.000000 0.043352 0.022673 0.002351 0.041667 0.012853 0.322581
0.249359
0.124658 1.000000 0.000073 0.000001 0.999679 0.000000 0.095339 0.000515 0.100536 0.083333 0.015722 0.451613
0.249359
0.124646 1.000000 0.000018 0.000001 0.999679 0.000000 0.041366 0.022737 0.004289 0.083333 0.012973 0.483871
0.249359
0.124657 1.000000 0.000064 0.000001 0.999679 0.000000 0.095501 0.000256 0.100132 0.083333 0.016583 0.258065
0.249359
0.124647 1.000000 0.000014 0.000001 0.999679 0.000000 0.041325 0.022696 0.003242 0.208333 0.012092 0.451613
0.249359
0.124656 1.000000 0.000060 0.000001 0.999679 0.000000 0.092544 0.000462 0.100638 0.125000 0.015842 0.225806
0.249359
0.124647 1.000000 0.000021 0.000001 0.999679 0.000000 0.039252 0.022548 0.002245 0.041667 0.012224 0.354839
0.249359
0.124654 1.000000 0.000054 0.000001 0.999679 0.000000 0.091979 0.000811 0.098749 0.083333 0.016359 0.322581
0.249359
0.124647 1.000000 0.000017 0.000001 0.999679 0.000000 0.041095 0.022754 0.002322 0.166667 0.012120 0.354839
0.249359
0.124653 1.000000 0.000046 0.000001 0.999679 0.000000 0.091977 0.000326 0.098432 0.041667 0.015909 0.354839
0.249359
0.124648 1.000000 0.000020 0.000001 0.999679 0.000000 0.040425 0.022685 0.002446 0.041667 0.013439 0.322581
0.249359
0.124658 1.000000 0.000070 0.000012 0.999758 0.000000 0.095422 0.000223 0.100306 0.083333 0.016451 0.354839
0.249359
0.124647 1.000000 0.000018 0.000001 0.999679 0.000000 0.035841 0.022810 0.001378 0.083333 0.011726 0.451613
0.249359
0.124657 1.000000 0.000066 0.000001 0.999679 0.000000 0.094649 0.000956 0.098597 0.041667 0.014865 0.483871
0.249359
0.124644 1.000000 0.000004 0.000001 0.999679 0.000000 0.046508 0.022605 0.003044 0.083333 0.012415 0.419355
0.249359
0.124653 1.000000 0.000043 0.000001 0.999679 0.000000 0.095658 0.000503 0.100503 0.125000 0.015379 0.225806
0.249359
0.124646 1.000000 0.000007 0.000001 0.999679 0.000000 0.041186 0.022698 0.003703 0.083333 0.013144 0.483871
0.249359
0.124655 1.000000 0.000053 0.000001 0.999679 0.000000 0.091803 0.000655 0.099149 0.041667 0.015316 0.354839
0.249359
0.124647 1.000000 0.000018 0.000000 0.999675 0.000000 0.042535 0.022534 0.002749 0.125000 0.012837 0.387097
0.249359
0.124658 1.000000 0.000068 0.000000 0.999675 0.000000 0.094823 0.000576 0.098123 0.083333 0.015033 0.258065
0.249359
0.124645 1.000000 0.000011 0.000000 0.999675 0.000000 0.037664 0.023050 0.003418 0.208333 0.012041 0.322581
0.249359
0.124656 1.000000 0.000060 0.000000 0.999675 0.000000 0.096533 0.000257 0.102358 0.000000 0.016642 0.387097
0.249359
0.124645 1.000000 0.000010 0.000000 0.999675 0.000000 0.041685 0.022478 0.003269 0.125000 0.013220 0.419355
0.249359
0.124657 1.000000 0.000064 0.000000 0.999675 0.000000 0.094140 0.000775 0.100093 0.125000 0.015598 0.290323
0.249359
0.124649 1.000000 0.000026 0.000000 0.999675 0.000000 0.043467 0.022701 0.002616 0.041667 0.011666 0.419355
0.249359
0.124654 1.000000 0.000046 0.000000 0.999675 0.000000 0.092720 0.000418 0.101746 0.083333 0.015340 0.451613
0.249359
0.124647 1.000000 0.000020 0.000000 0.999675 0.000000 0.041911 0.022687 0.003145 0.083333 0.011945 0.322581
0.249359
0.124654 1.000000 0.000050 0.000000 0.999675 0.000000 0.093782 0.000307 0.101394 0.041667 0.016419 0.225806
0.249359
0.124648 1.000000 0.000022 0.000000 0.999675 0.000000 0.044225 0.022721 0.003995 0.125000 0.012132 0.483871
0.249359
0.124656 1.000000 0.000061 0.000000 0.999675 0.000000 0.094029 0.001051 0.097306 0.041667 0.015216 0.322581
0.249359
0.124645 1.000000 0.000007 0.000000 0.999675 0.000000 0.042287 0.022670 0.003101 0.125000 0.011913 0.419355
0.249359
0.124658 1.000000 0.000067 0.000000 0.999675 0.000000 0.092508 0.000329 0.099500 0.083333 0.015798 0.322581
0.249359
0.124648 1.000000 0.000023 0.000000 0.999675 0.000000 0.042388 0.022673 0.004697 0.083333 0.013108 0.483871
0.249359
0.124657 1.000000 0.000067 0.000000 0.999675 0.000000 0.089429 0.000954 0.099526 0.125000 0.014921 0.258065
0.249359
0.124648 1.000000 0.000020 0.000000 0.999675 0.000000 0.038203 0.023035 0.003493 0.083333 0.012554 0.483871
0.249359
0.124657 1.000000 0.000063 0.000000 0.999675 0.000000 0.094676 0.000599 0.099647 0.125000 0.015507 0.225806
0.249359
0.124652 1.000000 0.000041 0.000000 0.999675 0.000000 0.039174 0.023003 0.002601 0.083333 0.011758 0.451613
0.249359
0.124659 1.000000 0.000073 0.000000 0.999675 0.000000 0.094747 0.000917 0.098246 0.041667 0.015499 0.354839
0.249359
0.186999 1.000000 0.000075 0.000109 0.999753 0.052394 0.175674 0.023186 0.025216 0.250000 0.017519 0.322581
0.249359
0.249359 0.333333 0.000162 0.000217 0.999832 0.104788 0.320205 0.024918 0.120282 0.083333 0.021384 0.225806
0.374012
0.249360 0.333333 0.000162 0.000217 0.999832 0.104788 0.364995 0.031785 0.123419 0.083333 0.018471 0.258065
0.374012
0.249358 0.333333 0.000160 0.000217 0.999832 0.104788 0.320427 0.024771 0.122376 0.083333 0.020774 0.387097
0.374012
0.249358 0.333333 0.000159 0.000217 0.999832 0.104788 0.363907 0.032135 0.120817 0.083333 0.017503 0.451613
0.374012
0.249358 0.333333 0.000161 0.000217 0.999832 0.104788 0.318862 0.024572 0.123320 0.125000 0.020364 0.387097
0.374012
0.249371 0.333333 0.000192 0.000214 0.999831 0.103583 0.364451 0.032271 0.119221 0.000000 0.018945 0.290323
0.374012
0.249355 0.333333 0.000155 0.000214 0.999831 0.103583 0.320097 0.024584 0.125124 0.083333 0.019878 0.387097
0.374012
0.249356 0.333333 0.000153 0.000214 0.999831 0.103583 0.364782 0.031745 0.120808 0.125000 0.018678 0.354839
0.374012
0.249355 0.333333 0.000155 0.000214 0.999831 0.103583 0.320603 0.024897 0.122981 0.208333 0.020005 0.258065
0.374012
0.249360 0.333333 0.000162 0.000217 0.999832 0.104788 0.364273 0.031937 0.122857 0.166667 0.017395 0.225806
0.374012
0.249354 0.333333 0.000152 0.000217 0.999832 0.104788 0.320477 0.024897 0.121616 0.083333 0.020515 0.290323
0.374012
0.249358 0.333333 0.000157 0.000217 0.999832 0.104788 0.364712 0.031939 0.121885 0.041667 0.019069 0.322581
0.374012
0.249351 0.333333 0.000144 0.000217 0.999832 0.104788 0.320524 0.024647 0.122755 0.083333 0.019563 0.290323
0.374012
0.249354 0.333333 0.000152 0.000217 0.999832 0.104788 0.364389 0.031880 0.122058 0.083333 0.018348 0.258065
0.374012
0.249359 0.333333 0.000163 0.000217 0.999832 0.104788 0.320469 0.024891 0.119792 0.000000 0.019519 0.387097
0.374012
0.249355 0.333333 0.000152 0.000217 0.999832 0.104788 0.364070 0.031990 0.120725 0.041667 0.018682 0.354839
0.374012
0.249360 0.333333 0.000166 0.000217 0.999832 0.104788 0.320938 0.024634 0.123796 0.125000 0.021169 0.451613
0.374012
0.249362 0.333333 0.000170 0.000217 0.999832 0.104788 0.364908 0.031891 0.121876 0.083333 0.018726 0.225806
0.374012
0.249355 0.333333 0.000154 0.000217 0.999832 0.104788 0.321389 0.024865 0.122008 0.041667 0.020192 0.419355
0.374012
0.249356 0.333333 0.000156 0.000214 0.999831 0.103583 0.364517 0.032116 0.120099 0.083333 0.017328 0.258065
0.374012
0.249361 0.333333 0.000165 0.000214 0.999831 0.103583 0.321021 0.024746 0.122401 0.125000 0.021081 0.322581
0.374012
0.249360 0.333333 0.000162 0.000214 0.999831 0.103583 0.364800 0.032049 0.121052 0.083333 0.018268 0.258065
0.374012
0.249357 0.333333 0.000157 0.000214 0.999831 0.103583 0.320682 0.024716 0.124413 0.083333 0.020674 0.193548
0.374012
0.249361 0.333333 0.000166 0.000216 0.999831 0.104185 0.364583 0.032027 0.120863 0.125000 0.018738 0.193548
0.374012
0.249361 0.333333 0.000166 0.000217 0.999832 0.104788 0.320311 0.024532 0.124161 0.083333 0.020567 0.451613
0.374012
0.249365 0.333333 0.000176 0.000217 0.999832 0.104788 0.364034 0.031974 0.121353 0.125000 0.017834 0.258065
0.374012
0.249361 0.333333 0.000167 0.000217 0.999832 0.104788 0.320609 0.024867 0.121436 0.000000 0.021216 0.451613
0.374012
0.249360 0.333333 0.000163 0.000217 0.999832 0.104788 0.364314 0.032036 0.123085 0.208333 0.017945 0.258065
0.374012
0.249359 0.333333 0.000162 0.000217 0.999832 0.104788 0.319506 0.024736 0.122009 0.125000 0.020220 0.290323
0.374012
0.249362 0.333333 0.000169 0.000217 0.999832 0.104788 0.364300 0.032141 0.119846 0.041667 0.017893 0.322581
0.374012
0.249356 0.333333 0.000155 0.000217 0.999832 0.104788 0.321158 0.024593 0.122592 0.041667 0.019093 0.322581
0.374012
0.249360 0.333333 0.000165 0.000217 0.999832 0.104788 0.364656 0.031858 0.121764 0.041667 0.018216 0.258065
0.374012
0.249357 0.333333 0.000157 0.000217 0.999832 0.104788 0.320704 0.024835 0.122140 0.083333 0.020981 0.354839
0.374012
0.249365 0.333333 0.000176 0.000214 0.999831 0.103583 0.364373 0.032043 0.122627 0.083333 0.018854 0.225806
0.374012
0.249358 0.333333 0.000159 0.000214 0.999831 0.103583 0.321191 0.024754 0.123509 0.041667 0.020547 0.322581
0.374012
0.249367 0.333333 0.000181 0.000214 0.999831 0.103583 0.365099 0.032062 0.121134 0.125000 0.018348 0.322581
0.374012
0.249360 0.333333 0.000163 0.000214 0.999831 0.103583 0.320476 0.024633 0.124008 0.125000 0.020388 0.387097
0.374012
0.249358 0.333333 0.000159 0.000217 0.999832 0.104788 0.364737 0.031937 0.118357 0.041667 0.017989 0.290323
0.374012
0.249358 0.333333 0.000157 0.000217 0.999832 0.104788 0.320763 0.024737 0.123274 0.041667 0.021639 0.387097
0.374012
0.249367 0.333333 0.000179 0.000217 0.999832 0.104788 0.364061 0.032091 0.121183 0.208333 0.018423 0.161290
0.374012
0.249362 0.333333 0.000171 0.000217 0.999832 0.104788 0.320535 0.024745 0.121286 0.000000 0.019750 0.322581
0.374012
0.249358 0.333333 0.000162 0.000217 0.999832 0.104788 0.364368 0.031821 0.121040 0.041667 0.018973 0.193548
0.374012
0.249358 0.333333 0.000159 0.000217 0.999832 0.104788 0.322057 0.024783 0.121512 0.125000 0.019866 0.193548
0.374012
0.249359 0.333333 0.000162 0.000217 0.999832 0.104788 0.358679 0.033159 0.119447 0.166667 0.018738 0.161290
0.374012
0.249359 0.333333 0.000161 0.000217 0.999832 0.104788 0.312766 0.026323 0.121441 0.041667 0.020137 0.290323
0.374012
0.249360 0.333333 0.000164 0.000217 0.999832 0.104788 0.356026 0.033191 0.126011 0.041667 0.019021 0.258065
0.374012
0.249353 0.333333 0.000148 0.000217 0.999832 0.104788 0.315846 0.024916 0.119701 0.083333 0.021539 0.354839
0.374012
0.249354 0.333333 0.000147 0.000214 0.999831 0.103583 0.359153 0.032310 0.125447 0.000000 0.017479 0.322581
0.374012
0.249363 0.333333 0.000173 0.000214 0.999831 0.103583 0.316598 0.024821 0.121215 0.083333 0.021220 0.290323
0.374012
0.249360 0.333333 0.000164 0.000214 0.999831 0.103583 0.358747 0.032413 0.125486 0.166667 0.018348 0.322581
0.374012
0.249362 0.333333 0.000169 0.000214 0.999831 0.103583 0.315810 0.024908 0.122639 0.041667 0.021559 0.516129
0.374012
0.249360 0.333333 0.000162 0.000217 0.999832 0.104788 0.359196 0.032385 0.124134 0.041667 0.019503 0.258065
0.374012
0.249357 0.333333 0.000157 0.000217 0.999832 0.104788 0.316107 0.024693 0.121786 0.083333 0.019810 0.419355
0.374012
0.249364 0.333333 0.000172 0.000217 0.999832 0.104788 0.358665 0.032548 0.121301 0.083333 0.018236 0.322581
0.374012
0.249361 0.333333 0.000167 0.000217 0.999832 0.104788 0.316427 0.024876 0.121185 0.166667 0.020686 0.516129
0.374012
0.249356 0.333333 0.000152 0.000217 0.999832 0.104788 0.359460 0.032490 0.121843 0.041667 0.018200 0.322581
0.374012
0.249356 0.333333 0.000155 0.000217 0.999832 0.104788 0.316279 0.024899 0.123518 0.125000 0.021794 0.354839
0.374012
0.249355 0.333333 0.000152 0.000217 0.999832 0.104788 0.359423 0.032468 0.122389 0.083333 0.018268 0.290323
0.374012
0.249353 0.333333 0.000145 0.000217 0.999832 0.104788 0.316110 0.024767 0.120987 0.041667 0.019439 0.322581
0.374012
0.249356 0.333333 0.000155 0.000216 0.999831 0.104185 0.358392 0.032549 0.119159 0.041667 0.018794 0.387097
0.374012
0.249361 0.333333 0.000171 0.000214 0.999831 0.103583 0.315699 0.024583 0.124772 0.125000 0.020264 0.387097
0.374012
0.249358 0.333333 0.000160 0.000214 0.999831 0.103583 0.359697 0.032240 0.125242 0.041667 0.017607 0.290323
0.374012
0.249356 0.333333 0.000153 0.000214 0.999831 0.103583 0.315908 0.024473 0.125189 0.125000 0.020961 0.258065
0.374012
0.249353 0.333333 0.000147 0.000219 0.999861 0.103583 0.359672 0.032064 0.126047 0.166667 0.019129 0.258065
0.374012
0.249361 0.333333 0.000167 0.000215 0.999835 0.103583 0.316627 0.024814 0.121471 0.125000 0.021519 0.451613
0.374012
0.249360 0.333333 0.000165 0.000217 0.999832 0.104788 0.359419 0.032321 0.123363 0.083333 0.019216 0.354839
0.374012
0.249360 0.333333 0.000163 0.000217 0.999832 0.104788 0.314916 0.024992 0.119126 0.041667 0.020292 0.419355
0.374012
0.249359 0.333333 0.000162 0.000217 0.999832 0.104788 0.360283 0.032277 0.123132 0.041667 0.018750 0.096774
0.374012
0.249362 0.333333 0.000168 0.000217 0.999832 0.104788 0.315404 0.024924 0.120722 0.166667 0.021372 0.193548
0.374012
0.249364 0.333333 0.000176 0.000217 0.999832 0.104788 0.359216 0.032434 0.123426 0.041667 0.018487 0.322581
0.374012
0.249359 0.333333 0.000161 0.000217 0.999832 0.104788 0.315102 0.024929 0.121268 0.083333 0.021153 0.322581
0.374012
0.249359 0.333333 0.000161 0.000217 0.999832 0.104788 0.359267 0.032534 0.122285 0.083333 0.018670 0.258065
0.374012
0.249364 0.333333 0.000172 0.000217 0.999832 0.104788 0.315708 0.024665 0.120053 0.041667 0.019467 0.290323
0.374012
0.249357 0.333333 0.000158 0.000216 0.999831 0.104185 0.359736 0.032380 0.123950 0.083333 0.018814 0.290323
0.374012
0.249358 0.333333 0.000159 0.000216 0.999831 0.104185 0.316388 0.024801 0.120677 0.083333 0.020141 0.483871
0.374012
0.249362 0.333333 0.000168 0.000214 0.999831 0.103583 0.359463 0.032458 0.123317 0.083333 0.017949 0.354839
0.374012
0.249357 0.333333 0.000159 0.000214 0.999831 0.103583 0.315085 0.024857 0.121642 0.083333 0.019730 0.290323
0.374012
0.249361 0.333333 0.000166 0.000220 0.999869 0.103583 0.359995 0.032408 0.121522 0.083333 0.017766 0.129032
0.374012
0.249355 0.333333 0.000154 0.000214 0.999831 0.103583 0.315915 0.024851 0.120338 0.083333 0.021240 0.419355
0.374012
0.249355 0.333333 0.000151 0.000217 0.999832 0.104788 0.359039 0.032464 0.122208 0.041667 0.018387 0.354839
0.374012
0.249356 0.333333 0.000156 0.000217 0.999832 0.104788 0.316001 0.024595 0.120359 0.083333 0.020619 0.290323
0.374012
0.249358 0.333333 0.000159 0.000217 0.999832 0.104788 0.360195 0.032251 0.123367 0.208333 0.019487 0.322581
0.374012
0.249356 0.333333 0.000152 0.000217 0.999832 0.104788 0.315449 0.024848 0.120053 0.041667 0.020750 0.354839
0.374012
0.249359 0.333333 0.000162 0.000217 0.999832 0.104788 0.359131 0.032410 0.123026 0.041667 0.018878 0.225806
0.374012
0.249359 0.333333 0.000163 0.000217 0.999832 0.104788 0.316141 0.024788 0.121114 0.041667 0.020666 0.419355
0.374012
0.249365 0.333333 0.000173 0.000217 0.999832 0.104788 0.359556 0.032401 0.122363 0.125000 0.018682 0.193548
0.374012
0.249361 0.333333 0.000165 0.000217 0.999832 0.104788 0.316880 0.024861 0.121751 0.041667 0.021794 0.258065
0.374012
0.249362 0.333333 0.000170 0.000216 0.999831 0.104185 0.359465 0.032371 0.123023 0.125000 0.018838 0.387097
0.374012
0.249359 0.333333 0.000163 0.000214 0.999831 0.103583 0.315501 0.024945 0.119300 0.083333 0.020340 0.322581
0.374012
0.249356 0.333333 0.000157 0.000214 0.999831 0.103583 0.359606 0.032304 0.124873 0.083333 0.019041 0.129032
0.374012
0.249357 0.333333 0.000157 0.000214 0.999831 0.103583 0.315523 0.024880 0.121380 0.125000 0.021599 0.322581
0.374012
0.249357 0.333333 0.000158 0.000214 0.999831 0.103583 0.359027 0.032350 0.125186 0.041667 0.018917 0.193548
0.374012
0.249356 0.333333 0.000155 0.000214 0.999831 0.103583 0.317057 0.024823 0.121433 0.083333 0.021085 0.225806
0.374012
0.249356 0.333333 0.000156 0.000217 0.999832 0.104788 0.358736 0.032516 0.122733 0.041667 0.019033 0.258065
0.374012
0.249358 0.333333 0.000161 0.000217 0.999832 0.104788 0.316204 0.024892 0.120893 0.041667 0.021424 0.290323
0.374012
0.249350 0.333333 0.000144 0.000217 0.999832 0.104788 0.360040 0.032199 0.123677 0.041667 0.018021 0.225806
0.374012
0.249354 0.333333 0.000149 0.000217 0.999832 0.104788 0.316613 0.024856 0.119867 0.083333 0.020427 0.387097
0.374012
0.249359 0.333333 0.000162 0.000217 0.999832 0.104788 0.358884 0.032504 0.122964 0.041667 0.018495 0.258065
0.374012
0.249364 0.333333 0.000175 0.000217 0.999832 0.104788 0.315111 0.024858 0.122262 0.083333 0.021499 0.258065
0.374012
0.249357 0.333333 0.000158 0.000217 0.999832 0.104788 0.359170 0.032310 0.125412 0.166667 0.018631 0.290323
0.374012
0.249357 0.333333 0.000155 0.000217 0.999832 0.104788 0.316628 0.024751 0.123719 0.166667 0.020726 0.354839
0.374012
0.249357 0.333333 0.000159 0.000216 0.999831 0.104185 0.359230 0.032496 0.123772 0.041667 0.016802 0.322581
0.374012
0.249359 0.333333 0.000161 0.000214 0.999831 0.103583 0.315788 0.024947 0.119314 0.333333 0.020352 0.258065
0.374012
0.249362 0.333333 0.000170 0.000214 0.999831 0.103583 0.359208 0.032309 0.123804 0.083333 0.018662 0.451613
0.374012
0.249353 0.333333 0.000146 0.000214 0.999831 0.103583 0.316375 0.024714 0.123677 0.083333 0.021216 0.322581
0.374012
0.249358 0.333333 0.000161 0.000216 0.999831 0.104185 0.359362 0.032425 0.120350 0.041667 0.017798 0.290323
0.374012
0.249354 0.333333 0.000151 0.000216 0.999831 0.104185 0.316410 0.024731 0.120401 0.083333 0.020794 0.387097
0.374012
0.249354 0.333333 0.000151 0.000217 0.999832 0.104788 0.359641 0.032341 0.120823 0.041667 0.018957 0.290323
0.374012
0.249354 0.333333 0.000151 0.000217 0.999832 0.104788 0.316258 0.024734 0.123183 0.166667 0.021045 0.516129
0.374012
0.249353 0.333333 0.000149 0.000217 0.999832 0.104788 0.359635 0.032394 0.123424 0.208333 0.018818 0.225806
0.374012
0.249357 0.333333 0.000157 0.000217 0.999832 0.104788 0.316136 0.024831 0.121845 0.166667 0.020408 0.290323
0.374012
0.249353 0.333333 0.000148 0.000217 0.999832 0.104788 0.359741 0.032284 0.123978 0.000000 0.017838 0.354839
0.374012
0.249356 0.333333 0.000157 0.000217 0.999832 0.104788 0.316023 0.024763 0.122288 0.208333 0.021021 0.258065
0.374012
0.249354 0.333333 0.000150 0.000217 0.999832 0.104788 0.359933 0.032274 0.125085 0.166667 0.018451 0.258065
0.374012
0.249357 0.333333 0.000158 0.000217 0.999832 0.104788 0.315260 0.024596 0.123460 0.125000 0.021850 0.354839
0.374012
0.249356 0.333333 0.000154 0.000216 0.999831 0.104185 0.359130 0.032533 0.120365 0.000000 0.018005 0.161290
0.374012
0.249360 0.333333 0.000164 0.000214 0.999831 0.103583 0.315642 0.024943 0.119301 0.041667 0.020961 0.322581
0.374012
0.249361 0.333333 0.000166 0.000214 0.999831 0.103583 0.358785 0.032531 0.121999 0.083333 0.018850 0.225806
0.374012
0.249358 0.333333 0.000157 0.000214 0.999831 0.103583 0.316748 0.024924 0.119876 0.125000 0.020607 0.387097
0.374012
0.249360 0.333333 0.000166 0.000214 0.999831 0.103583 0.359088 0.032371 0.122527 0.166667 0.019427 0.290323
0.374012
0.249357 0.333333 0.000157 0.000214 0.999831 0.103583 0.317631 0.024868 0.121577 0.041667 0.020937 0.322581
0.374012
0.249358 0.333333 0.000160 0.000217 0.999832 0.104788 0.358499 0.032496 0.119931 0.083333 0.018714 0.290323
0.374012
0.249363 0.333333 0.000171 0.000217 0.999832 0.104788 0.315727 0.024995 0.120292 0.041667 0.021651 0.290323
0.374012
0.249359 0.333333 0.000164 0.000217 0.999832 0.104788 0.358865 0.032503 0.123289 0.208333 0.019280 0.129032
0.374012
0.249358 0.333333 0.000161 0.000217 0.999832 0.104788 0.315835 0.024867 0.120528 0.166667 0.021228 0.322581
0.374012
0.249362 0.333333 0.000169 0.000217 0.999832 0.104788 0.359211 0.032519 0.122135 0.000000 0.018822 0.258065
0.374012
0.249360 0.333333 0.000162 0.000217 0.999832 0.104788 0.315605 0.024871 0.120421 0.125000 0.020292 0.451613
0.374012
0.249362 0.333333 0.000170 0.000217 0.999832 0.104788 0.359081 0.032362 0.122896 0.083333 0.018284 0.290323
0.374012
0.249362 0.333333 0.000170 0.000217 0.999832 0.104788 0.316111 0.024828 0.121050 0.041667 0.020471 0.290323
0.374012
0.249358 0.333333 0.000159 0.000216 0.999831 0.104185 0.360527 0.032231 0.123006 0.041667 0.017551 0.290323
0.374012
0.249358 0.333333 0.000159 0.000214 0.999831 0.103583 0.315597 0.024749 0.117652 0.166667 0.021105 0.354839
0.374012
0.249360 0.333333 0.000164 0.000214 0.999831 0.103583 0.359382 0.032336 0.123619 0.041667 0.018459 0.387097
0.374012
0.249364 0.333333 0.000172 0.000214 0.999831 0.103583 0.316585 0.024865 0.122492 0.125000 0.021324 0.354839
0.374012
0.249359 0.333333 0.000161 0.000216 0.999831 0.104185 0.358274 0.032632 0.120826 0.083333 0.017611 0.354839
0.374012
0.249356 0.333333 0.000153 0.000214 0.999831 0.103583 0.315121 0.024864 0.121475 0.000000 0.020603 0.290323
0.374012
0.249364 0.333333 0.000173 0.000217 0.999832 0.104788 0.359836 0.032210 0.125292 0.166667 0.018292 0.161290
0.374012
0.249362 0.333333 0.000166 0.000217 0.999832 0.104788 0.315683 0.024690 0.122920 0.125000 0.020814 0.322581
0.374012
0.249359 0.333333 0.000161 0.000217 0.999832 0.104788 0.359068 0.032378 0.122226 0.000000 0.019156 0.225806
0.374012
0.249363 0.333333 0.000171 0.000217 0.999832 0.104788 0.315424 0.024749 0.122460 0.083333 0.020463 0.354839
0.374012
0.249364 0.333333 0.000175 0.000217 0.999832 0.104788 0.359456 0.032171 0.127332 0.083333 0.018200 0.322581
0.374012
0.249356 0.333333 0.000156 0.000217 0.999832 0.104788 0.317013 0.024879 0.121196 0.166667 0.020392 0.322581
0.374012
0.249363 0.333333 0.000172 0.000217 0.999832 0.104788 0.359206 0.032528 0.121941 0.083333 0.018559 0.225806
0.374012
0.249359 0.333333 0.000165 0.000217 0.999832 0.104788 0.316233 0.024770 0.122242 0.166667 0.020192 0.258065
0.374012
0.249357 0.333333 0.000157 0.000216 0.999831 0.104185 0.359063 0.032704 0.118887 0.125000 0.017124 0.354839
0.374012
0.249363 0.333333 0.000171 0.000214 0.999831 0.103583 0.315273 0.024924 0.121603 0.083333 0.020192 0.451613
0.374012
0.249356 0.333333 0.000155 0.000214 0.999831 0.103583 0.358282 0.032581 0.122640 0.083333 0.017403 0.322581
0.374012
0.249359 0.333333 0.000164 0.000214 0.999831 0.103583 0.315869 0.024774 0.124031 0.083333 0.020686 0.290323
0.374012
0.249360 0.333333 0.000163 0.000216 0.999831 0.104185 0.359958 0.032302 0.124855 0.125000 0.019021 0.161290
0.374012
0.249359 0.333333 0.000162 0.000217 0.999832 0.104788 0.316134 0.024840 0.121940 0.041667 0.021547 0.322581
0.374012
0.249357 0.333333 0.000156 0.000217 0.999832 0.104788 0.359393 0.032409 0.122969 0.083333 0.018786 0.225806
0.374012
