527 12 1
0.075456 1.000000 0.020183 0.000000 0.000000 0.000000 0.549231 0.000000 0.277962 0.909091 0.000000 0.391304
0.145762
0.091572 1.000000 0.082485 0.000020 0.000056 0.019599 0.567849 0.012289 0.563702 1.000000 0.127044 0.565217
0.145762
0.078340 1.000000 0.031328 0.000004 0.000004 0.008522 0.549235 0.000041 0.323566 0.090909 0.000405 0.304348
0.145762
0.091721 1.000000 0.083062 0.000013 0.000009 0.020452 0.567887 0.012419 0.566218 0.363636 0.127584 0.260870
0.145762
0.078177 1.000000 0.030699 0.000004 0.000004 0.008522 0.549256 0.000030 0.321170 0.454545 0.000315 0.217391
0.145762
0.091734 1.000000 0.083113 0.000013 0.000009 0.020452 0.567826 0.012113 0.566167 0.000000 0.126305 0.608696
0.145762
0.078164 1.000000 0.030652 0.000004 0.000004 0.008522 0.549259 0.000025 0.321140 0.000000 0.000276 0.173913
0.145762
0.091771 1.000000 0.083256 0.000035 0.000144 0.023008 0.567803 0.012162 0.566574 0.363636 0.126659 0.304348
0.145762
0.077901 1.000000 0.029632 0.000005 0.000005 0.010226 0.549274 0.000039 0.317491 0.090909 0.000636 0.260870
0.145762
0.091655 1.000000 0.082812 0.000015 0.000012 0.025565 0.567993 0.012440 0.565070 0.000000 0.126562 0.434783
0.145762
0.077972 1.000000 0.029903 0.000005 0.000005 0.010226 0.549269 0.000030 0.318697 0.000000 0.000264 0.434783
0.145762
0.091665 1.000000 0.082848 0.000015 0.000012 0.024712 0.567950 0.012433 0.565335 0.272727 0.127231 0.608696
0.145762
0.078288 1.000000 0.031127 0.000005 0.000005 0.010226 0.549278 0.000027 0.323449 0.181818 0.000206 0.434783
0.145762
0.091816 1.000000 0.083433 0.000015 0.000012 0.025565 0.567987 0.012443 0.568058 0.000000 0.127160 0.565217
0.145762
0.078535 1.000000 0.032083 0.000005 0.000005 0.010226 0.549288 0.000039 0.326503 0.090909 0.000444 0.347826
0.145762
0.091827 1.000000 0.083473 0.000015 0.000012 0.025565 0.568013 0.012463 0.568589 0.090909 0.127205 0.565217
0.145762
0.078246 1.000000 0.030965 0.000005 0.000005 0.010226 0.549271 0.000025 0.322587 0.090909 0.000161 0.391304
0.145762
0.091628 1.000000 0.082703 0.000015 0.000012 0.024712 0.567868 0.012179 0.565217 0.454545 0.126659 0.521739
0.145762
0.078097 1.000000 0.030389 0.000005 0.000005 0.010226 0.549261 0.000033 0.320530 0.000000 0.000456 0.347826
0.145762
0.091755 1.000000 0.083197 0.000015 0.000012 0.024712 0.567980 0.012446 0.567923 0.090909 0.127597 0.478261
0.145762
0.078037 1.000000 0.030159 0.000005 0.000005 0.010226 0.549251 0.000051 0.319505 0.090909 0.000508 0.260870
0.145762
0.091707 1.000000 0.083009 0.000015 0.000012 0.024712 0.567949 0.012420 0.566342 0.000000 0.127314 0.521739
0.145762
0.078302 1.000000 0.031184 0.000005 0.000005 0.010226 0.549267 0.000034 0.323682 0.272727 0.000309 0.347826
0.145762
0.092009 1.000000 0.084180 0.000015 0.000012 0.025565 0.568023 0.012461 0.570898 0.363636 0.127218 0.695652
0.145762
0.077864 1.000000 0.029487 0.000005 0.000005 0.010226 0.549276 0.000043 0.317664 0.000000 0.000463 0.347826
0.145762
0.091477 1.000000 0.082120 0.000015 0.000012 0.024712 0.568022 0.012456 0.562789 0.090909 0.126659 0.434783
0.145762
0.077988 1.000000 0.029972 0.000005 0.000005 0.010226 0.549268 0.000040 0.319401 0.000000 0.000373 0.304348
0.145762
0.091838 1.000000 0.083516 0.000015 0.000012 0.024712 0.568066 0.012460 0.567735 0.000000 0.126948 0.782609
0.145762
0.078086 1.000000 0.030348 0.000005 0.000005 0.010226 0.549273 0.000040 0.320438 0.000000 0.000521 0.347826
0.145762
0.091584 1.000000 0.082535 0.000015 0.000012 0.024712 0.567948 0.012365 0.564266 0.181818 0.126479 0.608696
0.145762
0.078358 1.000000 0.031400 0.000005 0.000005 0.010226 0.549254 0.000037 0.324945 0.000000 0.000341 0.347826
0.145762
0.091960 1.000000 0.083987 0.000015 0.000012 0.025565 0.567958 0.012457 0.570273 0.000000 0.127629 0.608696
0.145762
0.078194 1.000000 0.030767 0.000005 0.000005 0.010226 0.549267 0.000028 0.321831 0.090909 0.000411 0.260870
0.145762
0.091854 1.000000 0.083580 0.000015 0.000012 0.024712 0.568001 0.012466 0.569673 0.090909 0.127269 0.434783
0.145762
0.078100 1.000000 0.030401 0.000005 0.000005 0.010226 0.549283 0.000031 0.320210 0.181818 0.000328 0.434783
0.145762
0.091560 1.000000 0.082438 0.000015 0.000012 0.024712 0.567973 0.012444 0.563444 0.181818 0.127076 0.478261
0.145762
0.078283 1.000000 0.031111 0.000005 0.000005 0.010226 0.549280 0.000043 0.324091 0.090909 0.000450 0.260870
0.145762
0.091715 1.000000 0.083039 0.000015 0.000012 0.024712 0.567853 0.012176 0.565700 0.000000 0.126485 0.478261
0.145762
0.077974 1.000000 0.029914 0.000005 0.000005 0.010226 0.549275 0.000027 0.318283 0.090909 0.000180 0.347826
0.145762
0.091684 1.000000 0.082922 0.000015 0.000012 0.024712 0.567767 0.012094 0.565721 0.181818 0.126196 0.434783
0.145762
0.077912 1.000000 0.029674 0.000005 0.000005 0.010226 0.549244 0.000047 0.317574 0.000000 0.000591 0.304348
0.145762
0.091799 1.000000 0.083364 0.000015 0.000012 0.024712 0.567884 0.012353 0.568271 0.363636 0.127327 0.521739
0.145762
0.078350 1.000000 0.031368 0.000005 0.000005 0.010226 0.549254 0.000032 0.324793 0.000000 0.000193 0.391304
0.145762
0.091546 1.000000 0.082383 0.000015 0.000012 0.024712 0.567795 0.012066 0.563813 0.181818 0.126620 0.391304
0.145762
0.077967 1.000000 0.029889 0.000005 0.000005 0.010226 0.549257 0.000051 0.318573 0.000000 0.000579 0.347826
0.145762
0.091658 1.000000 0.082818 0.000015 0.000012 0.024712 0.567971 0.012435 0.565977 0.181818 0.127591 0.695652
0.145762
0.078161 1.000000 0.030637 0.000005 0.000005 0.010226 0.549257 0.000028 0.321765 0.181818 0.000206 0.217391
0.145762
0.091860 1.000000 0.083599 0.000015 0.000012 0.024712 0.567917 0.012207 0.568815 0.090909 0.127064 0.565217
0.145762
0.078172 1.000000 0.030675 0.000005 0.000005 0.010226 0.549272 0.000041 0.321962 0.000000 0.000501 0.304348
0.145762
0.091821 1.000000 0.083449 0.000015 0.000012 0.024712 0.567999 0.012463 0.568337 0.090909 0.127179 0.434783
0.145762
0.078088 1.000000 0.030350 0.000005 0.000005 0.010226 0.549282 0.000025 0.320235 0.181818 0.000154 0.304348
0.145762
0.091708 1.000000 0.083017 0.000015 0.000012 0.024712 0.567824 0.012118 0.566239 0.272727 0.126691 0.347826
0.145762
0.078146 1.000000 0.030581 0.000005 0.000005 0.010226 0.549267 0.000030 0.321306 0.000000 0.000309 0.347826
0.145762
0.091688 1.000000 0.082933 0.000015 0.000012 0.024712 0.567867 0.012231 0.566739 0.090909 0.126890 0.434783
0.145762
0.077764 1.000000 0.029107 0.000004 0.000005 0.009374 0.549259 0.000029 0.315905 0.000000 0.000482 0.304348
0.145762
0.091588 1.000000 0.082545 0.000015 0.000012 0.024712 0.567900 0.012269 0.564855 0.363636 0.126896 0.521739
0.145762
0.078055 1.000000 0.030228 0.000005 0.000005 0.010226 0.549265 0.000035 0.320097 0.272727 0.000244 0.478261
0.145762
0.091676 1.000000 0.082893 0.000015 0.000012 0.024712 0.567932 0.012384 0.566382 0.090909 0.127346 0.347826
0.145762
0.077958 1.000000 0.029855 0.000005 0.000005 0.010226 0.549264 0.000043 0.318931 0.272727 0.000495 0.304348
0.145762
0.091570 1.000000 0.082478 0.000015 0.000012 0.024712 0.567907 0.012303 0.564724 0.090909 0.126806 0.521739
0.145762
0.078204 1.000000 0.030806 0.000005 0.000005 0.010226 0.549274 0.000031 0.322077 0.090909 0.000199 0.347826
0.145762
0.091419 1.000000 0.081893 0.000015 0.000012 0.024712 0.567893 0.012218 0.562441 0.272727 0.126768 0.434783
0.145762
0.078246 1.000000 0.030964 0.000005 0.000005 0.010226 0.549270 0.000032 0.322805 0.181818 0.000186 0.347826
0.145762
0.091833 1.000000 0.083497 0.000015 0.000012 0.024712 0.567955 0.012450 0.569212 0.090909 0.127449 0.521739
0.145762
0.078401 1.000000 0.031564 0.000005 0.000005 0.010226 0.549271 0.000032 0.324949 0.000000 0.000167 0.347826
0.145762
0.091824 1.000000 0.083460 0.000015 0.000012 0.024712 0.567755 0.012066 0.568489 0.454545 0.126935 0.391304
0.145762
0.077985 1.000000 0.029957 0.000005 0.000005 0.010226 0.549280 0.000031 0.318539 0.090909 0.000206 0.217391
0.145762
0.091589 1.000000 0.082551 0.000015 0.000012 0.024712 0.567852 0.012229 0.564884 0.272727 0.126704 0.521739
0.145762
0.077978 1.000000 0.029929 0.000004 0.000005 0.009374 0.549284 0.000026 0.319222 0.000000 0.000199 0.260870
0.145762
0.091671 1.000000 0.082866 0.000015 0.000012 0.024712 0.567963 0.012301 0.565875 0.272727 0.127096 0.347826
0.145762
0.077955 1.000000 0.029841 0.000004 0.000005 0.009374 0.549260 0.000026 0.319006 0.090909 0.000219 0.478261
0.145762
0.091953 1.000000 0.083961 0.000015 0.000012 0.024712 0.567930 0.012381 0.570315 0.181818 0.126800 0.478261
0.145762
0.078035 1.000000 0.030152 0.000004 0.000005 0.009374 0.549269 0.000041 0.319580 0.000000 0.000354 0.434783
0.145762
0.091765 1.000000 0.083234 0.000015 0.000012 0.024712 0.567962 0.012404 0.567947 0.090909 0.127211 0.434783
0.145762
0.078235 1.000000 0.030924 0.000004 0.000005 0.009374 0.549232 0.000029 0.322905 0.090909 0.000193 0.304348
0.145762
0.091730 1.000000 0.083099 0.000015 0.000012 0.024712 0.567807 0.012053 0.567313 0.000000 0.126556 0.478261
0.145762
0.077734 1.000000 0.028987 0.000004 0.000005 0.009374 0.549259 0.000042 0.315225 0.090909 0.000572 0.391304
0.145762
0.091825 1.000000 0.083465 0.000015 0.000012 0.024712 0.567848 0.012260 0.568463 0.090909 0.127301 0.695652
0.145762
0.078009 1.000000 0.030049 0.000005 0.000005 0.010226 0.549272 0.000032 0.319687 0.090909 0.000341 0.260870
0.145762
0.091916 1.000000 0.083816 0.000015 0.000012 0.024712 0.568017 0.012448 0.570006 0.272727 0.126639 0.565217
0.145762
0.078008 1.000000 0.030047 0.000004 0.000005 0.009374 0.549264 0.000033 0.318861 0.090909 0.000309 0.173913
0.145762
0.091829 1.000000 0.083479 0.000015 0.000012 0.024712 0.567763 0.012043 0.568858 0.272727 0.126749 0.434783
0.145762
0.077853 1.000000 0.029446 0.000004 0.000005 0.009374 0.549249 0.000021 0.317015 0.000000 0.000238 0.347826
0.145762
0.091717 1.000000 0.083049 0.000015 0.000012 0.024712 0.567850 0.012168 0.567236 0.090909 0.127154 0.391304
0.145762
0.078034 1.000000 0.030146 0.000004 0.000005 0.009374 0.549257 0.000021 0.319966 0.181818 0.000276 0.217391
0.145762
0.091848 1.000000 0.083557 0.000015 0.000012 0.024712 0.567856 0.012196 0.569432 0.363636 0.126935 0.478261
0.145762
0.078088 1.000000 0.030353 0.000004 0.000005 0.009374 0.549273 0.000036 0.321018 0.090909 0.000315 0.260870
0.145762
0.091888 1.000000 0.083708 0.000015 0.000012 0.024712 0.567895 0.012410 0.570238 0.090909 0.127629 0.695652
0.145762
0.078048 1.000000 0.030199 0.000004 0.000005 0.009374 0.549275 0.000032 0.320218 0.181818 0.000315 0.304348
0.145762
0.091788 1.000000 0.083327 0.000015 0.000012 0.024712 0.568016 0.012468 0.568740 0.181818 0.127559 0.521739
0.145762
0.077896 1.000000 0.029612 0.000004 0.000005 0.009374 0.549271 0.000037 0.317745 0.000000 0.000527 0.347826
0.145762
0.091946 1.000000 0.083932 0.000015 0.000012 0.024712 0.567807 0.012173 0.570206 0.272727 0.127346 0.565217
0.145762
0.078436 1.000000 0.031703 0.000005 0.000005 0.010226 0.549273 0.000046 0.326539 0.090909 0.000463 0.347826
0.145762
0.092141 1.000000 0.084688 0.000015 0.000012 0.024712 0.567774 0.012019 0.573205 0.181818 0.126408 0.391304
0.145762
0.077951 1.000000 0.029827 0.000004 0.000005 0.009374 0.549280 0.000040 0.319392 0.000000 0.000431 0.304348
0.145762
0.091765 1.000000 0.083236 0.000015 0.000012 0.024712 0.567840 0.012169 0.568132 0.090909 0.126723 0.565217
0.145762
0.077931 1.000000 0.029748 0.000004 0.000005 0.009374 0.549282 0.000036 0.318315 0.090909 0.000386 0.260870
0.145762
0.091828 1.000000 0.083477 0.000015 0.000012 0.024712 0.568004 0.012469 0.569571 0.181818 0.127861 0.608696
0.145762
0.078010 1.000000 0.030052 0.000004 0.000005 0.009374 0.549268 0.000034 0.319685 0.000000 0.000373 0.434783
0.145762
0.091679 1.000000 0.082901 0.000015 0.000012 0.024712 0.567813 0.012132 0.566427 0.000000 0.126575 0.478261
0.145762
0.078072 1.000000 0.030291 0.000004 0.000005 0.009374 0.549268 0.000040 0.320387 0.000000 0.000418 0.260870
0.145762
0.091733 1.000000 0.083107 0.000015 0.000012 0.024712 0.567896 0.012359 0.566739 0.090909 0.126742 0.478261
0.145762
0.078094 1.000000 0.030379 0.000004 0.000005 0.009374 0.549278 0.000032 0.321046 0.090909 0.000238 0.304348
0.145762
0.091772 1.000000 0.083262 0.000015 0.000012 0.024712 0.567973 0.012392 0.568553 0.181818 0.127456 0.565217
0.145762
0.078256 1.000000 0.031004 0.000004 0.000005 0.009374 0.549271 0.000034 0.323807 0.090909 0.000418 0.304348
0.145762
0.091733 1.000000 0.083107 0.000015 0.000012 0.024712 0.568026 0.012486 0.567245 0.545455 0.127295 0.434783
0.145762
0.078173 1.000000 0.030684 0.000004 0.000005 0.009374 0.549225 0.000043 0.322352 0.272727 0.000495 0.304348
0.145762
0.091591 1.000000 0.082562 0.000013 0.000012 0.024712 0.567887 0.012428 0.565604 0.272727 0.127732 0.434783
0.145762
0.078177 1.000000 0.030701 0.000004 0.000005 0.009374 0.549271 0.000029 0.322134 0.181818 0.000373 0.260870
0.145762
0.091725 1.000000 0.083079 0.000015 0.000012 0.024712 0.568008 0.012473 0.567710 0.181818 0.127674 0.565217
0.145762
0.077905 1.000000 0.029647 0.000004 0.000005 0.009374 0.549260 0.000029 0.317450 0.181818 0.000341 0.304348
0.145762
0.091878 1.000000 0.083670 0.000015 0.000012 0.024712 0.567994 0.012452 0.569831 0.181818 0.127398 0.478261
0.145762
0.078183 1.000000 0.030723 0.000004 0.000005 0.009374 0.549280 0.000045 0.321776 0.090909 0.000566 0.347826
0.145762
0.091871 1.000000 0.083642 0.000015 0.000012 0.024712 0.567968 0.012443 0.569925 0.181818 0.128066 0.652174
0.145762
0.078172 1.000000 0.030684 0.000004 0.000005 0.009374 0.549259 0.000037 0.322083 0.090909 0.000495 0.347826
0.145762
0.091871 1.000000 0.083643 0.000015 0.000012 0.024712 0.567852 0.012300 0.569329 0.181818 0.126620 0.347826
0.145762
0.078145 1.000000 0.030574 0.000004 0.000005 0.009374 0.549257 0.000028 0.321874 0.181818 0.000264 0.347826
0.145762
0.091730 1.000000 0.083097 0.000015 0.000012 0.024712 0.567869 0.012254 0.567727 0.272727 0.127597 0.391304
0.145762
0.077940 1.000000 0.029784 0.000004 0.000004 0.008522 0.549269 0.000027 0.318547 0.000000 0.000373 0.304348
0.145762
0.091494 1.000000 0.082192 0.000015 0.000012 0.024712 0.567896 0.012295 0.563854 0.181818 0.126729 0.391304
0.145762
0.078023 1.000000 0.030100 0.000004 0.000005 0.009374 0.549258 0.000035 0.320146 0.272727 0.000379 0.260870
0.145762
0.091543 1.000000 0.082376 0.000013 0.000009 0.020452 0.567921 0.012318 0.564477 0.090909 0.127121 0.521739
0.145762
0.077993 1.000000 0.029986 0.000004 0.000004 0.008522 0.549259 0.000029 0.319887 0.090909 0.000334 0.347826
0.145762
0.091946 1.000000 0.083934 0.000015 0.000012 0.024712 0.567863 0.012252 0.570298 0.272727 0.126652 0.391304
0.145762
0.077642 1.000000 0.028629 0.000004 0.000004 0.008522 0.549261 0.000017 0.313983 0.000000 0.000090 0.347826
0.145762
0.091662 1.000000 0.082835 0.000015 0.000012 0.024712 0.567907 0.012434 0.566828 0.090909 0.127931 0.608696
0.145762
0.078442 1.000000 0.031722 0.000004 0.000005 0.009374 0.549292 0.000036 0.326057 0.272727 0.000379 0.347826
0.145762
0.091885 1.000000 0.083697 0.000015 0.000012 0.024712 0.567920 0.012412 0.570115 0.181818 0.127546 0.260870
0.145762
0.078115 1.000000 0.030459 0.000004 0.000005 0.009374 0.549278 0.000034 0.321178 0.090909 0.000321 0.304348
0.145762
0.091564 1.000000 0.082459 0.000013 0.000009 0.020452 0.567912 0.012431 0.565149 0.272727 0.127996 0.478261
0.145762
0.078171 1.000000 0.030676 0.000004 0.000004 0.009374 0.549277 0.000031 0.321989 0.272727 0.000373 0.304348
0.145762
0.091664 1.000000 0.082841 0.000013 0.000008 0.020452 0.567892 0.012421 0.566952 0.090909 0.127854 0.478261
0.145762
0.077894 1.000000 0.029605 0.000004 0.000004 0.009374 0.549267 0.000030 0.318342 0.181818 0.000276 0.260870
0.145762
0.092170 1.000000 0.084799 0.000015 0.000010 0.024712 0.568003 0.012463 0.574408 0.090909 0.127205 0.478261
0.145762
0.078142 1.000000 0.030563 0.000004 0.000004 0.009374 0.549278 0.000022 0.321695 0.090909 0.000225 0.347826
0.145762
0.091771 1.000000 0.083252 0.000015 0.000010 0.024712 0.567800 0.012065 0.567661 0.272727 0.126575 0.391304
0.145762
0.078255 1.000000 0.031002 0.000003 0.000003 0.008522 0.549256 0.000013 0.323453 0.000000 0.000032 0.391304
0.145762
0.091849 1.000000 0.083559 0.000015 0.000010 0.024712 0.568025 0.012466 0.570552 0.272727 0.127874 0.608696
0.145762
0.078180 1.000000 0.030708 0.000003 0.000003 0.008522 0.549278 0.000031 0.322122 0.181818 0.000489 0.304348
0.145762
0.091920 1.000000 0.083829 0.000015 0.000010 0.024712 0.568017 0.012420 0.570872 0.181818 0.127269 0.347826
0.145762
0.078388 1.000000 0.031510 0.000004 0.000004 0.009374 0.549262 0.000037 0.325581 0.181818 0.000559 0.347826
0.145762
0.091517 1.000000 0.082274 0.000013 0.000008 0.020452 0.567843 0.012108 0.563841 0.272727 0.126665 0.391304
0.145762
0.078175 1.000000 0.030693 0.000004 0.000004 0.009374 0.549271 0.000024 0.322301 0.090909 0.000206 0.347826
0.145762
0.091702 1.000000 0.082990 0.000013 0.000008 0.020452 0.567797 0.012110 0.567426 0.181818 0.127250 0.478261
0.145762
0.078303 1.000000 0.031185 0.000004 0.000004 0.009374 0.549251 0.000022 0.324492 0.181818 0.000096 0.347826
0.145762
0.091450 1.000000 0.082015 0.000013 0.000008 0.020452 0.567897 0.012360 0.563013 0.181818 0.127109 0.478261
0.145762
0.077926 1.000000 0.029727 0.000003 0.000003 0.008522 0.549260 0.000035 0.318652 0.272727 0.000411 0.304348
0.145762
0.091801 1.000000 0.083371 0.000013 0.000008 0.020452 0.567998 0.012468 0.568736 0.181818 0.127488 0.391304
0.145762
0.077926 1.000000 0.029727 0.000003 0.000003 0.008522 0.549247 0.000025 0.317724 0.090909 0.000399 0.391304
0.145762
0.091632 1.000000 0.082720 0.000013 0.000008 0.020452 0.567862 0.012218 0.566105 0.181818 0.126736 0.478261
0.145762
0.104345 1.000000 0.008688 0.000023 0.000016 0.037495 0.549381 0.000137 0.324638 0.272727 0.000656 0.521739
0.145762
0.142385 0.333333 0.003686 0.000053 0.000035 0.080954 0.574783 0.016363 0.526926 0.272727 0.123136 0.521739
0.224281
0.147009 0.333333 0.012626 0.000058 0.000040 0.091180 0.597699 0.028430 0.620601 0.363636 0.206478 0.391304
0.224281
0.142624 0.333333 0.004151 0.000053 0.000035 0.081807 0.574865 0.016163 0.530805 0.181818 0.124601 0.608696
0.224281
0.146617 0.333333 0.011868 0.000058 0.000040 0.092032 0.598276 0.029251 0.615666 0.181818 0.208959 0.782609
0.224281
0.142592 0.333333 0.004089 0.000053 0.000035 0.081807 0.574788 0.016396 0.529335 0.363636 0.123116 0.608696
0.224281
0.146448 0.333333 0.011540 0.000057 0.000038 0.087772 0.598159 0.029251 0.612958 0.090909 0.207731 0.434783
0.224281
0.142922 0.333333 0.004727 0.000053 0.000035 0.081807 0.574715 0.016087 0.534119 0.090909 0.123258 0.695652
0.224281
0.146768 0.333333 0.012159 0.000058 0.000040 0.092032 0.597944 0.028587 0.616135 0.272727 0.205147 0.565217
0.224281
0.142757 0.333333 0.004405 0.000054 0.000036 0.081807 0.574783 0.016215 0.532474 0.272727 0.124164 0.739130
0.224281
0.146930 0.333333 0.012472 0.000057 0.000038 0.087772 0.598112 0.029108 0.618713 0.363636 0.206805 0.521739
0.224281
0.142592 0.333333 0.004087 0.000053 0.000035 0.080954 0.574793 0.016035 0.529796 0.181818 0.124814 0.521739
0.224281
0.146797 0.333333 0.012216 0.000057 0.000038 0.087772 0.597754 0.028931 0.615171 0.090909 0.204292 0.565217
0.224281
0.142728 0.333333 0.004351 0.000055 0.000037 0.086067 0.574736 0.015733 0.531362 0.181818 0.123849 0.652174
0.224281
0.146869 0.333333 0.012356 0.000058 0.000040 0.092032 0.597737 0.028675 0.617516 0.090909 0.206028 0.521739
0.224281
0.142454 0.333333 0.003821 0.000054 0.000037 0.081807 0.574866 0.016573 0.527389 0.181818 0.124061 0.565217
0.224281
0.146641 0.333333 0.011914 0.000058 0.000040 0.092032 0.597730 0.028713 0.614347 0.090909 0.205700 0.652174
0.224281
0.142886 0.333333 0.004658 0.000053 0.000035 0.081807 0.574846 0.016193 0.533614 0.272727 0.125373 0.869565
0.224281
0.146851 0.333333 0.012320 0.000058 0.000040 0.092032 0.598055 0.029145 0.617339 0.181818 0.206664 0.478261
0.224281
0.142756 0.333333 0.004405 0.000053 0.000035 0.081807 0.574776 0.016084 0.531907 0.090909 0.124081 0.695652
0.224281
0.146657 0.333333 0.011943 0.000057 0.000038 0.087772 0.597638 0.028927 0.613250 0.272727 0.203180 0.478261
0.224281
0.142741 0.333333 0.004377 0.000054 0.000041 0.080954 0.574847 0.016653 0.531239 0.454545 0.123753 0.695652
0.224281
0.146733 0.333333 0.012093 0.000057 0.000038 0.087772 0.597487 0.028139 0.612804 0.090909 0.203514 0.608696
0.224281
0.142893 0.333333 0.004671 0.000054 0.000040 0.080954 0.574782 0.016535 0.533087 0.181818 0.123361 0.434783
0.224281
0.146691 0.333333 0.012012 0.000059 0.000041 0.092885 0.597754 0.028766 0.614874 0.272727 0.206394 0.347826
0.224281
0.142837 0.333333 0.004562 0.000055 0.000038 0.086067 0.574826 0.016455 0.532082 0.181818 0.123399 0.826087
0.224281
0.146735 0.333333 0.012095 0.000058 0.000040 0.092032 0.598462 0.029294 0.616372 0.272727 0.208085 0.565217
0.224281
0.142574 0.333333 0.004055 0.000053 0.000035 0.081807 0.574819 0.016125 0.528646 0.000000 0.123515 0.913043
0.224281
0.146911 0.333333 0.012436 0.000058 0.000040 0.092032 0.598088 0.029290 0.618222 0.454545 0.208618 0.434783
0.224281
0.142527 0.333333 0.003962 0.000053 0.000035 0.080954 0.574847 0.016592 0.528565 0.272727 0.123496 0.652174
0.224281
0.146569 0.333333 0.011776 0.000057 0.000038 0.087772 0.597840 0.029067 0.612552 0.090909 0.205050 0.608696
0.224281
0.142853 0.333333 0.004594 0.000053 0.000036 0.080954 0.574835 0.016580 0.532060 0.181818 0.122943 0.739130
0.224281
0.146822 0.333333 0.012264 0.000057 0.000038 0.087772 0.597873 0.029110 0.616959 0.181818 0.207911 0.521739
0.224281
0.142682 0.333333 0.004262 0.000053 0.000035 0.080954 0.574808 0.016289 0.530419 0.272727 0.124299 0.695652
0.224281
0.146809 0.333333 0.012238 0.000057 0.000038 0.087772 0.598298 0.029199 0.617921 0.181818 0.209364 0.521739
0.224281
0.142860 0.333333 0.004604 0.000053 0.000035 0.081807 0.574795 0.016446 0.532303 0.272727 0.123470 0.826087
0.224281
0.146804 0.333333 0.012229 0.000059 0.000041 0.092885 0.597890 0.028805 0.615849 0.363636 0.205153 0.565217
0.224281
0.142873 0.333333 0.004631 0.000054 0.000037 0.081807 0.574732 0.016205 0.532263 0.363636 0.122602 0.826087
0.224281
0.146527 0.333333 0.011694 0.000058 0.000040 0.092032 0.597886 0.028907 0.611822 0.000000 0.205359 0.565217
0.224281
0.142747 0.333333 0.004389 0.000053 0.000035 0.081807 0.574845 0.016147 0.531717 0.090909 0.124640 0.782609
0.224281
0.146665 0.333333 0.011961 0.000057 0.000038 0.087772 0.597738 0.029012 0.614560 0.272727 0.204986 0.478261
0.224281
0.142629 0.333333 0.004160 0.000053 0.000035 0.080954 0.574813 0.016644 0.529536 0.090909 0.124106 0.608696
0.224281
0.146723 0.333333 0.012072 0.000057 0.000038 0.087772 0.597682 0.028974 0.615459 0.090909 0.205462 0.391304
0.224281
0.142805 0.333333 0.004499 0.000053 0.000035 0.080954 0.574779 0.016228 0.531456 0.272727 0.123682 0.521739
0.224281
0.146705 0.333333 0.012038 0.000057 0.000038 0.087772 0.598163 0.028945 0.615111 0.454545 0.207352 0.391304
0.224281
0.143496 0.333333 0.005836 0.000055 0.000037 0.086067 0.575736 0.016624 0.543844 0.181818 0.130188 0.608696
0.224281
0.148117 0.333333 0.014767 0.000060 0.000041 0.093737 0.598976 0.029145 0.635558 0.181818 0.211653 0.434783
0.224281
0.143796 0.333333 0.006415 0.000055 0.000037 0.086067 0.576323 0.017528 0.551381 0.272727 0.140802 0.739130
0.224281
0.148641 0.333333 0.015779 0.000060 0.000041 0.094589 0.601730 0.030344 0.646296 0.090909 0.224240 0.521739
0.224281
0.144049 0.333333 0.006905 0.000055 0.000037 0.086067 0.576225 0.017000 0.554665 0.181818 0.141188 0.652174
0.224281
0.148564 0.333333 0.015631 0.000059 0.000041 0.092885 0.601999 0.030842 0.646049 0.272727 0.224169 0.608696
0.224281
0.144107 0.333333 0.007016 0.000055 0.000037 0.086067 0.576364 0.017391 0.554913 0.090909 0.139587 0.826087
0.224281
0.148431 0.333333 0.015374 0.000059 0.000041 0.092885 0.601966 0.030786 0.643543 0.090909 0.225706 0.521739
0.224281
0.144134 0.333333 0.007068 0.000055 0.000037 0.086067 0.576301 0.017474 0.555305 0.272727 0.139979 0.695652
0.224281
0.148155 0.333333 0.014842 0.000059 0.000041 0.092885 0.602366 0.031524 0.641512 0.272727 0.226297 0.565217
0.224281
0.144062 0.333333 0.006929 0.000055 0.000037 0.086067 0.576366 0.017531 0.553927 0.363636 0.139863 1.000000
0.224281
0.148329 0.333333 0.015176 0.000060 0.000042 0.093737 0.602290 0.031635 0.642910 0.090909 0.222819 0.608696
0.224281
0.144218 0.333333 0.007231 0.000056 0.000038 0.086919 0.576360 0.017486 0.556980 0.181818 0.139947 0.739130
0.224281
0.148333 0.333333 0.015187 0.000060 0.000042 0.093737 0.602410 0.031132 0.642387 0.090909 0.223269 0.608696
0.224281
0.144079 0.333333 0.006964 0.000055 0.000037 0.086067 0.576264 0.017395 0.554257 0.090909 0.139034 0.739130
0.224281
0.147832 0.333333 0.014217 0.000059 0.000042 0.092885 0.601939 0.030411 0.635251 0.090909 0.224562 0.565217
0.224281
0.144371 0.333333 0.007529 0.000055 0.000037 0.086067 0.576313 0.017459 0.558843 0.363636 0.139600 0.739130
0.224281
0.148672 0.333333 0.015841 0.000059 0.000042 0.092885 0.602244 0.031243 0.647687 0.000000 0.224986 0.478261
0.224281
0.144379 0.333333 0.007543 0.000055 0.000037 0.086067 0.576403 0.017529 0.557883 0.181818 0.139252 0.608696
0.224281
0.148730 0.333333 0.015952 0.000059 0.000041 0.092885 0.602378 0.031465 0.649038 0.363636 0.224684 0.478261
0.224281
0.144096 0.333333 0.006995 0.000055 0.000037 0.086067 0.576392 0.017211 0.554535 0.181818 0.140918 0.869565
0.224281
0.148393 0.333333 0.015300 0.000062 0.000060 0.092885 0.601945 0.030576 0.642165 0.181818 0.222312 0.521739
0.224281
0.143720 0.333333 0.006269 0.000055 0.000037 0.086067 0.576334 0.017126 0.549345 0.272727 0.140763 0.782609
0.224281
0.148457 0.333333 0.015427 0.000060 0.000041 0.093737 0.601984 0.031041 0.643644 0.181818 0.225777 0.391304
0.224281
0.143854 0.333333 0.006526 0.000055 0.000037 0.086067 0.576381 0.017608 0.551850 0.363636 0.140615 0.521739
0.224281
0.148404 0.333333 0.015323 0.000059 0.000041 0.092885 0.601988 0.031153 0.643816 0.090909 0.223713 0.521739
0.224281
0.143893 0.333333 0.006604 0.000055 0.000037 0.086067 0.576289 0.017321 0.552072 0.181818 0.139722 0.695652
0.224281
0.148295 0.333333 0.015111 0.000059 0.000041 0.092885 0.602225 0.031138 0.642566 0.090909 0.224079 0.478261
0.224281
0.143918 0.333333 0.006651 0.000055 0.000037 0.086067 0.576300 0.017491 0.551927 0.181818 0.139767 0.521739
0.224281
0.148464 0.333333 0.015437 0.000059 0.000041 0.092885 0.601718 0.030419 0.643740 0.272727 0.224594 0.478261
0.224281
0.144041 0.333333 0.006889 0.000055 0.000037 0.086067 0.576305 0.017483 0.553916 0.090909 0.139709 0.782609
0.224281
0.148451 0.333333 0.015411 0.000059 0.000041 0.092885 0.602114 0.030711 0.643774 0.272727 0.224407 0.478261
0.224281
0.143964 0.333333 0.006739 0.000071 0.000137 0.085215 0.576304 0.017476 0.553472 0.181818 0.140114 0.565217
0.224281
0.148280 0.333333 0.015082 0.000060 0.000041 0.093737 0.602022 0.030578 0.640475 0.181818 0.222678 0.347826
0.224281
0.143882 0.333333 0.006584 0.000055 0.000037 0.086067 0.576400 0.017530 0.551827 0.090909 0.139985 0.913043
0.224281
0.148197 0.333333 0.014922 0.000059 0.000041 0.092885 0.601803 0.030727 0.640370 0.090909 0.224169 0.608696
0.224281
0.143954 0.333333 0.006720 0.000055 0.000037 0.086067 0.576400 0.017312 0.552712 0.454545 0.140795 0.565217
0.224281
0.148435 0.333333 0.015383 0.000060 0.000044 0.092885 0.602116 0.031044 0.644615 0.545455 0.225082 0.434783
0.224281
0.143850 0.333333 0.006519 0.000055 0.000037 0.086067 0.576324 0.017127 0.551106 0.090909 0.140898 0.652174
0.224281
0.148300 0.333333 0.015120 0.000059 0.000041 0.092885 0.601934 0.030860 0.640870 0.000000 0.224195 0.434783
0.224281
0.144004 0.333333 0.006818 0.000055 0.000037 0.086067 0.576363 0.017099 0.553658 0.181818 0.141233 0.826087
0.224281
0.148341 0.333333 0.015201 0.000059 0.000041 0.092885 0.602109 0.031106 0.642402 0.272727 0.223276 0.434783
0.224281
0.144120 0.333333 0.007042 0.000053 0.000035 0.081807 0.576179 0.017206 0.554187 0.090909 0.140062 0.652174
0.224281
0.148352 0.333333 0.015223 0.000060 0.000041 0.094589 0.602278 0.031546 0.643913 0.363636 0.226349 0.608696
0.224281
0.143799 0.333333 0.006420 0.000055 0.000037 0.086067 0.576347 0.017506 0.550203 0.181818 0.139593 0.695652
0.224281
0.148554 0.333333 0.015613 0.000060 0.000041 0.093737 0.602035 0.030775 0.645968 0.181818 0.224954 0.391304
0.224281
0.143909 0.333333 0.006634 0.000055 0.000037 0.086067 0.576279 0.017322 0.552134 0.272727 0.139490 0.608696
0.224281
0.148545 0.333333 0.015593 0.000059 0.000042 0.092885 0.602162 0.031398 0.646002 0.000000 0.224427 0.391304
0.224281
0.144154 0.333333 0.007107 0.000055 0.000037 0.086067 0.576214 0.016773 0.554974 0.272727 0.140988 0.608696
0.224281
0.148221 0.333333 0.014969 0.000059 0.000041 0.092885 0.602263 0.031483 0.640848 0.181818 0.224176 0.478261
0.224281
0.143979 0.333333 0.006770 0.000055 0.000037 0.086067 0.576374 0.017528 0.552883 0.181818 0.139342 0.652174
0.224281
0.148517 0.333333 0.015541 0.000059 0.000041 0.092885 0.601958 0.031022 0.644062 0.090909 0.223816 0.521739
0.224281
0.143936 0.333333 0.006686 0.000055 0.000037 0.086067 0.576349 0.016927 0.552320 0.181818 0.141033 0.695652
0.224281
0.148318 0.333333 0.015156 0.000058 0.000040 0.088624 0.602026 0.031060 0.642773 0.090909 0.224517 0.434783
0.224281
0.143995 0.333333 0.006802 0.000055 0.000037 0.086067 0.576328 0.017511 0.553421 0.090909 0.139792 0.608696
0.224281
0.148587 0.333333 0.015675 0.000060 0.000041 0.094589 0.602011 0.030666 0.646279 0.363636 0.226304 0.565217
0.224281
0.144339 0.333333 0.007466 0.000056 0.000038 0.086919 0.576446 0.017467 0.558286 0.363636 0.139664 0.739130
0.224281
0.148490 0.333333 0.015489 0.000060 0.000042 0.093737 0.602151 0.031168 0.645312 0.090909 0.225449 0.565217
0.224281
0.143824 0.333333 0.006469 0.000055 0.000037 0.086067 0.576287 0.017494 0.551046 0.636364 0.140005 0.478261
0.224281
0.148407 0.333333 0.015328 0.000060 0.000044 0.092885 0.601952 0.031038 0.643306 0.181818 0.224176 0.739130
0.224281
0.144277 0.333333 0.007345 0.000055 0.000037 0.086067 0.576420 0.017546 0.557066 0.272727 0.139792 0.695652
0.224281
0.148099 0.333333 0.014733 0.000059 0.000043 0.092885 0.602007 0.030885 0.639800 0.090909 0.225545 0.565217
0.224281
0.144001 0.333333 0.006813 0.000055 0.000037 0.086067 0.576288 0.016832 0.552983 0.090909 0.140602 0.695652
0.224281
0.148181 0.333333 0.014892 0.000060 0.000044 0.092885 0.602209 0.031301 0.640067 0.090909 0.224619 0.521739
0.224281
0.144234 0.333333 0.007261 0.000055 0.000037 0.086067 0.576379 0.017079 0.556457 0.363636 0.140969 0.956522
0.224281
0.148425 0.333333 0.015364 0.000061 0.000043 0.094589 0.601948 0.030677 0.642852 0.363636 0.224986 0.478261
0.224281
0.144094 0.333333 0.006993 0.000055 0.000037 0.086067 0.576363 0.017499 0.554556 0.363636 0.140069 0.608696
0.224281
0.148573 0.333333 0.015649 0.000060 0.000042 0.094589 0.602042 0.031226 0.645822 0.000000 0.223398 0.565217
0.224281
0.144136 0.333333 0.007072 0.000055 0.000037 0.086067 0.576380 0.017363 0.555655 0.363636 0.141612 0.565217
0.224281
0.148626 0.333333 0.015752 0.000060 0.000044 0.092885 0.601790 0.030572 0.645635 0.272727 0.223944 0.478261
0.224281
0.144116 0.333333 0.007034 0.000055 0.000037 0.086067 0.576464 0.017581 0.555053 0.272727 0.139542 0.695652
0.224281
0.148036 0.333333 0.014610 0.000059 0.000041 0.092885 0.602375 0.031352 0.639068 0.090909 0.225603 0.304348
0.224281
0.143748 0.333333 0.006324 0.000055 0.000037 0.086067 0.576270 0.017345 0.549413 0.090909 0.139349 0.652174
0.224281
0.148198 0.333333 0.014923 0.000059 0.000041 0.092885 0.602340 0.031411 0.640855 0.181818 0.224967 0.434783
0.224281
0.143990 0.333333 0.006790 0.000054 0.000035 0.081807 0.576459 0.017064 0.552730 0.363636 0.140429 0.913043
0.224281
0.148233 0.333333 0.014993 0.000060 0.000044 0.092885 0.601910 0.031057 0.640808 0.272727 0.223752 0.391304
0.224281
0.144228 0.333333 0.007250 0.000056 0.000038 0.086919 0.576418 0.017291 0.555529 0.181818 0.140615 0.652174
0.224281
0.147900 0.333333 0.014350 0.000059 0.000041 0.092885 0.601937 0.030933 0.637308 0.181818 0.225879 0.521739
0.224281
0.143857 0.333333 0.006534 0.000055 0.000037 0.086067 0.576273 0.017410 0.551206 0.181818 0.139683 0.521739
0.224281
0.148295 0.333333 0.015110 0.000059 0.000041 0.092885 0.601897 0.030873 0.641371 0.454545 0.224002 0.434783
0.224281
0.143910 0.333333 0.006637 0.000055 0.000037 0.086067 0.576371 0.017497 0.552019 0.454545 0.139362 0.565217
0.224281
0.148214 0.333333 0.014956 0.000059 0.000041 0.092885 0.601839 0.030749 0.640099 0.090909 0.223771 0.478261
0.224281
0.143914 0.333333 0.006642 0.000055 0.000037 0.086067 0.576242 0.017457 0.551978 0.272727 0.139799 0.869565
0.224281
0.148359 0.333333 0.015235 0.000059 0.000041 0.092885 0.601921 0.030913 0.642837 0.181818 0.224272 0.478261
0.224281
0.144032 0.333333 0.006872 0.000055 0.000037 0.086067 0.576169 0.017267 0.553444 0.090909 0.139400 0.782609
0.224281
0.148556 0.333333 0.015615 0.000059 0.000041 0.092885 0.601958 0.031038 0.644589 0.181818 0.224896 0.304348
0.224281
0.143611 0.333333 0.006059 0.000056 0.000041 0.086067 0.576374 0.017103 0.547847 0.272727 0.140725 0.521739
0.224281
0.148467 0.333333 0.015445 0.000060 0.000041 0.094589 0.601978 0.030893 0.643838 0.090909 0.224626 0.695652
0.224281
0.144185 0.333333 0.007168 0.000055 0.000037 0.086067 0.576423 0.017548 0.555529 0.181818 0.139400 0.869565
0.224281
0.148022 0.333333 0.014585 0.000059 0.000041 0.092885 0.601745 0.030745 0.637784 0.272727 0.224658 0.608696
0.224281
0.143952 0.333333 0.006717 0.000055 0.000037 0.086067 0.576142 0.017197 0.552027 0.090909 0.139960 0.652174
0.224281
0.148659 0.333333 0.015814 0.000060 0.000044 0.092885 0.602247 0.031477 0.647395 0.454545 0.225500 0.347826
0.224281
0.144152 0.333333 0.007104 0.000055 0.000037 0.086067 0.576358 0.017556 0.555382 0.272727 0.140840 0.608696
0.224281
0.148237 0.333333 0.015000 0.000059 0.000041 0.092885 0.602046 0.030730 0.641136 0.090909 0.224684 0.347826
0.224281
0.144097 0.333333 0.006997 0.000055 0.000037 0.086067 0.576368 0.017503 0.554484 0.181818 0.139188 0.695652
0.224281
0.148841 0.333333 0.016167 0.000059 0.000041 0.092885 0.602321 0.031503 0.650792 0.181818 0.226194 0.565217
0.224281
0.144123 0.333333 0.007047 0.000053 0.000035 0.081807 0.576396 0.017106 0.554695 0.545455 0.141149 0.652174
0.224281
0.148241 0.333333 0.015007 0.000060 0.000041 0.093737 0.602018 0.030989 0.640182 0.272727 0.223745 0.347826
0.224281
0.144180 0.333333 0.007158 0.000055 0.000037 0.086067 0.576330 0.017538 0.555794 0.363636 0.140197 0.521739
0.224281
0.147919 0.333333 0.014384 0.000059 0.000041 0.092885 0.601629 0.030230 0.635676 0.272727 0.223989 0.565217
0.224281
0.143993 0.333333 0.006797 0.000055 0.000037 0.086067 0.576115 0.017183 0.552909 0.272727 0.139548 0.826087
0.224281
0.148238 0.333333 0.015002 0.000059 0.000041 0.092885 0.602118 0.031488 0.641966 0.090909 0.225616 0.695652
0.224281
0.144310 0.333333 0.007411 0.000055 0.000037 0.086067 0.576270 0.017498 0.557215 0.272727 0.140371 0.608696
0.224281
0.148611 0.333333 0.015722 0.000059 0.000041 0.092885 0.601978 0.031068 0.645359 0.181818 0.224909 0.434783
0.224281
0.144077 0.333333 0.006960 0.000055 0.000037 0.086067 0.576397 0.017577 0.554505 0.181818 0.140879 0.652174
0.224281
0.148385 0.333333 0.015287 0.000059 0.000043 0.092885 0.602225 0.031161 0.643770 0.272727 0.225359 0.478261
0.224281
0.164699 1.000000 0.365185 0.469994 0.453553 0.239455 0.054682 0.433915 0.001959 0.818182 0.236840 0.739130
0.653220
0.171401 1.000000 0.391100 0.469999 0.453557 0.248828 0.403765 0.642130 0.251621 0.000000 0.831426 0.086957
0.653220
0.164614 1.000000 0.364859 0.469994 0.453553 0.239455 0.054238 0.433584 0.000551 0.181818 0.233047 0.347826
0.653220
0.171402 1.000000 0.391102 0.469999 0.453556 0.247976 0.404936 0.642501 0.249984 0.000000 0.828167 0.130435
0.653220
0.164680 1.000000 0.365114 0.469994 0.453553 0.239455 0.054819 0.433950 0.001475 0.090909 0.236191 0.521739
0.653220
0.171445 1.000000 0.391271 0.469999 0.453556 0.247976 0.404822 0.642454 0.250071 0.090909 0.829234 0.086957
0.653220
0.164608 1.000000 0.364837 0.469993 0.453552 0.238602 0.054075 0.433470 0.001031 0.090909 0.234198 0.478261
0.653220
0.171274 1.000000 0.390608 0.469999 0.453557 0.248828 0.403451 0.642084 0.250159 0.000000 0.828643 0.173913
0.653220
0.164615 1.000000 0.364860 0.469993 0.453552 0.238602 0.054146 0.433505 0.001154 0.181818 0.235439 0.391304
0.653220
0.171449 1.000000 0.391283 0.469982 0.453556 0.247976 0.405273 0.642641 0.249764 0.000000 0.828861 0.130435
0.653220
0.164649 1.000000 0.364993 0.469993 0.453552 0.238602 0.054328 0.433567 0.001477 0.181818 0.235246 0.347826
0.653220
0.171481 1.000000 0.391410 0.469999 0.453557 0.248828 0.405243 0.642543 0.251151 0.000000 0.832146 0.130435
0.653220
0.164609 1.000000 0.364839 0.469994 0.453553 0.239455 0.054506 0.433691 0.001005 0.090909 0.236442 0.304348
0.653220
0.171451 1.000000 0.391295 0.469840 0.453556 0.247976 0.404880 0.642578 0.250291 0.000000 0.833965 0.086957
0.653220
0.164733 1.000000 0.365317 0.469994 0.453553 0.239455 0.055096 0.434086 0.001131 0.181818 0.235953 0.391304
0.653220
0.171428 1.000000 0.391204 0.469895 0.453556 0.247976 0.404801 0.642535 0.251217 0.000000 0.834840 0.130435
0.653220
0.164763 1.000000 0.365435 0.469994 0.453553 0.239455 0.055322 0.434199 0.001152 0.272727 0.235362 0.304348
0.653220
0.171389 1.000000 0.391055 0.469999 0.453557 0.248828 0.403076 0.641758 0.253076 0.000000 0.836344 0.130435
0.653220
0.164617 1.000000 0.364872 0.469993 0.453552 0.238602 0.054238 0.433598 0.001195 0.090909 0.234976 0.391304
0.653220
0.171400 1.000000 0.391095 0.469999 0.453557 0.248828 0.403734 0.641999 0.252092 0.090909 0.833213 0.130435
0.653220
0.164613 1.000000 0.364855 0.469993 0.453552 0.238602 0.053461 0.433398 0.001517 0.090909 0.235336 0.347826
0.653220
0.171342 1.000000 0.390872 0.469999 0.453557 0.248828 0.403310 0.641857 0.250496 0.090909 0.832313 0.130435
0.653220
0.164633 1.000000 0.364931 0.469993 0.453552 0.238602 0.054495 0.433733 0.001090 0.272727 0.235118 0.391304
0.653220
0.171312 1.000000 0.390755 0.469831 0.453556 0.247976 0.404200 0.642303 0.251243 0.000000 0.834763 0.130435
0.653220
0.164653 1.000000 0.365011 0.469993 0.453552 0.238602 0.054432 0.433676 0.001285 0.181818 0.235516 0.347826
0.653220
0.171378 1.000000 0.391012 0.469999 0.453557 0.248828 0.402981 0.641681 0.251983 0.000000 0.836010 0.043478
0.653220
0.164629 1.000000 0.364917 0.469993 0.453552 0.238602 0.054102 0.433462 0.001417 0.181818 0.236024 0.304348
0.653220
0.171481 1.000000 0.391412 0.469999 0.453557 0.248828 0.404613 0.642253 0.252630 0.000000 0.837836 0.130435
0.653220
0.164717 1.000000 0.365257 0.469994 0.453553 0.239455 0.054755 0.433902 0.002014 0.090909 0.237824 0.347826
0.653220
0.171473 1.000000 0.391378 0.469999 0.453557 0.248828 0.405116 0.642510 0.251121 0.000000 0.831883 0.130435
0.653220
0.164629 1.000000 0.364916 0.469993 0.453552 0.238602 0.054708 0.433818 0.000947 0.000000 0.234925 0.434783
0.653220
0.171389 1.000000 0.391055 0.469834 0.453556 0.247976 0.404428 0.642374 0.250535 0.090909 0.832963 0.043478
0.653220
0.164637 1.000000 0.364948 0.469993 0.453552 0.238602 0.054516 0.433643 0.000638 0.000000 0.234610 0.347826
0.653220
0.171355 1.000000 0.390925 0.469861 0.453556 0.247976 0.404438 0.642322 0.249585 0.090909 0.828450 0.086957
0.653220
0.164700 1.000000 0.365190 0.469994 0.453553 0.239455 0.054878 0.433959 0.001349 0.181818 0.236095 0.391304
0.653220
0.171339 1.000000 0.390861 0.469999 0.453557 0.248828 0.403237 0.641810 0.252675 0.000000 0.837392 0.130435
0.653220
0.164722 1.000000 0.365276 0.469994 0.453553 0.239455 0.055100 0.434072 0.001357 0.090909 0.236320 0.347826
0.653220
0.171324 1.000000 0.390800 0.469999 0.453557 0.248828 0.404064 0.642286 0.251264 0.090909 0.834570 0.086957
0.653220
0.164624 1.000000 0.364898 0.469993 0.453552 0.238602 0.053879 0.433389 0.001204 0.181818 0.235574 0.434783
0.653220
0.171380 1.000000 0.391019 0.469999 0.453557 0.248828 0.404245 0.642262 0.251937 0.000000 0.835001 0.173913
0.653220
0.164594 1.000000 0.364781 0.469993 0.453552 0.238602 0.053425 0.433406 0.000832 0.000000 0.234102 0.347826
0.653220
0.171432 1.000000 0.391222 0.469944 0.453557 0.248828 0.404661 0.642455 0.250483 0.000000 0.832699 0.043478
0.653220
0.164616 1.000000 0.364868 0.469993 0.453552 0.238602 0.054727 0.433858 0.000273 0.090909 0.233710 0.260870
0.653220
0.171437 1.000000 0.391238 0.469999 0.453557 0.248828 0.404039 0.642117 0.252577 0.000000 0.836306 0.086957
0.653220
0.164656 1.000000 0.365020 0.469993 0.453552 0.238602 0.054500 0.433711 0.001024 0.090909 0.235606 0.347826
0.653220
0.171317 1.000000 0.390776 0.469999 0.453557 0.248828 0.403691 0.642036 0.251356 0.000000 0.831953 0.130435
0.653220
0.164614 1.000000 0.364861 0.469993 0.453552 0.238602 0.054408 0.433656 0.000854 0.000000 0.235465 0.347826
0.653220
0.171397 1.000000 0.391085 0.469871 0.453557 0.248828 0.404519 0.642403 0.251094 0.000000 0.833104 0.086957
0.653220
0.164630 1.000000 0.364920 0.469993 0.453552 0.238602 0.054596 0.433749 0.000832 0.181818 0.235426 0.347826
0.653220
0.171385 1.000000 0.391040 0.469910 0.453557 0.248828 0.404580 0.642430 0.250396 0.090909 0.833027 0.130435
0.653220
0.164649 1.000000 0.364993 0.469993 0.453552 0.238602 0.054715 0.433795 0.000977 0.000000 0.235985 0.347826
0.653220
0.171455 1.000000 0.391306 0.469999 0.453557 0.248828 0.403863 0.642139 0.251973 0.000000 0.834666 0.130435
0.653220
0.164613 1.000000 0.364855 0.469993 0.453552 0.238602 0.054652 0.433785 0.000886 0.181818 0.235066 0.304348
0.653220
0.171419 1.000000 0.391171 0.469935 0.453557 0.248828 0.404864 0.642535 0.249773 0.090909 0.829305 0.086957
0.653220
0.164569 1.000000 0.364683 0.469988 0.453553 0.239455 0.052979 0.433364 0.000416 0.090909 0.232585 0.347826
0.653220
0.171488 1.000000 0.391435 0.469999 0.453557 0.248828 0.405282 0.642639 0.250993 0.000000 0.834062 0.086957
0.653220
0.164626 1.000000 0.364904 0.469993 0.453552 0.238602 0.054374 0.433643 0.001268 0.000000 0.235188 0.391304
0.653220
0.171414 1.000000 0.391151 0.469999 0.453557 0.248828 0.404858 0.642405 0.249980 0.000000 0.830282 0.130435
0.653220
0.164654 1.000000 0.365011 0.469993 0.453552 0.238602 0.054293 0.433596 0.001272 0.181818 0.235413 0.434783
0.653220
0.171306 1.000000 0.390733 0.469999 0.453556 0.247976 0.402796 0.641511 0.251584 0.000000 0.836910 0.086957
0.653220
0.164678 1.000000 0.365103 0.469993 0.453552 0.238602 0.054742 0.433899 0.001765 0.000000 0.237098 0.391304
0.653220
0.171373 1.000000 0.390991 0.469999 0.453556 0.247976 0.403200 0.641673 0.252799 0.000000 0.838973 0.173913
0.653220
0.164759 1.000000 0.365420 0.469994 0.453553 0.239455 0.055409 0.434242 0.000519 0.181818 0.233761 0.434783
0.653220
0.171522 1.000000 0.391568 0.469999 0.453557 0.248828 0.405479 0.642685 0.250298 0.090909 0.832198 0.130435
0.653220
0.164741 1.000000 0.365352 0.469994 0.453553 0.239455 0.055220 0.434157 0.001161 0.090909 0.235876 0.347826
0.653220
0.171371 1.000000 0.390984 0.469890 0.453557 0.248828 0.404537 0.642459 0.251130 0.000000 0.834274 0.086957
0.653220
0.164622 1.000000 0.364887 0.469993 0.453552 0.238602 0.054384 0.433602 0.000708 0.272727 0.234404 0.260870
0.653220
0.171490 1.000000 0.391444 0.469999 0.453557 0.248828 0.405299 0.642615 0.251284 0.000000 0.833438 0.086957
0.653220
0.164641 1.000000 0.364961 0.469994 0.453553 0.239455 0.053921 0.433410 0.001421 0.090909 0.235928 0.391304
0.653220
0.171398 1.000000 0.391088 0.469999 0.453557 0.248828 0.404434 0.642410 0.252084 0.090909 0.836511 0.130435
0.653220
0.164638 1.000000 0.364953 0.469994 0.453553 0.239455 0.054355 0.433565 0.000920 0.000000 0.234629 0.347826
0.653220
0.171506 1.000000 0.391505 0.469999 0.453557 0.248828 0.405288 0.642603 0.250451 0.000000 0.830963 0.086957
0.653220
0.164620 1.000000 0.364880 0.469994 0.453553 0.239455 0.053282 0.433408 0.001455 0.272727 0.235246 0.217391
0.653220
0.171594 1.000000 0.391845 0.469999 0.453557 0.248828 0.405567 0.642755 0.251525 0.090909 0.832037 0.130435
0.653220
0.164629 1.000000 0.364914 0.469993 0.453552 0.238602 0.054332 0.433524 0.000997 0.272727 0.234713 0.347826
0.653220
0.171427 1.000000 0.391201 0.469999 0.453557 0.248828 0.404470 0.642459 0.251307 0.000000 0.832390 0.173913
0.653220
0.164572 1.000000 0.364697 0.469982 0.453553 0.239455 0.052770 0.433344 0.000751 0.181818 0.233613 0.347826
0.653220
0.171389 1.000000 0.391055 0.469959 0.453557 0.248828 0.404947 0.642464 0.249717 0.000000 0.829607 0.086957
0.653220
0.164617 1.000000 0.364871 0.469993 0.453552 0.238602 0.054544 0.433729 0.000990 0.000000 0.235722 0.434783
0.653220
0.171437 1.000000 0.391237 0.469999 0.453557 0.248828 0.405159 0.642477 0.250528 0.000000 0.833503 0.130435
0.653220
0.164646 1.000000 0.364981 0.469994 0.453553 0.239455 0.054257 0.433546 0.000608 0.181818 0.233748 0.304348
0.653220
0.171355 1.000000 0.390923 0.469989 0.453557 0.248828 0.404019 0.642464 0.250646 0.000000 0.832429 0.086957
0.653220
0.164611 1.000000 0.364847 0.469994 0.453553 0.239455 0.054124 0.433493 0.001466 0.181818 0.235503 0.347826
0.653220
0.171422 1.000000 0.391182 0.469999 0.453556 0.247976 0.404018 0.642268 0.251373 0.000000 0.832101 0.173913
0.653220
0.164615 1.000000 0.364860 0.469994 0.453553 0.239455 0.054321 0.433558 0.000849 0.090909 0.233832 0.391304
0.653220
0.171369 1.000000 0.390978 0.469999 0.453556 0.247976 0.404047 0.642154 0.250963 0.181818 0.833085 0.086957
0.653220
0.164612 1.000000 0.364854 0.469994 0.453553 0.239455 0.053867 0.433395 0.000580 0.181818 0.233864 0.391304
0.653220
0.171458 1.000000 0.391321 0.469942 0.453557 0.248828 0.404925 0.642595 0.250451 0.090909 0.832390 0.043478
0.653220
0.164648 1.000000 0.364990 0.469994 0.453553 0.239455 0.054457 0.433665 0.001594 0.000000 0.235825 0.478261
0.653220
0.171551 1.000000 0.391680 0.469999 0.453557 0.248828 0.405603 0.642682 0.250607 0.090909 0.831632 0.086957
0.653220
0.164626 1.000000 0.364906 0.469994 0.453553 0.239455 0.054268 0.433580 0.001061 0.090909 0.234995 0.304348
0.653220
0.171355 1.000000 0.390923 0.469832 0.453557 0.248828 0.404641 0.642509 0.250357 0.000000 0.835001 0.043478
0.653220
0.164706 1.000000 0.365214 0.469993 0.453552 0.238602 0.055043 0.434042 0.000580 0.090909 0.234796 0.521739
0.653220
0.171316 1.000000 0.390770 0.469832 0.453557 0.248828 0.404545 0.642383 0.249130 0.000000 0.833548 0.130435
0.653220
0.164583 1.000000 0.364737 0.469989 0.453553 0.239455 0.052985 0.433384 0.000664 0.272727 0.233485 0.434783
0.653220
0.171309 1.000000 0.390743 0.469999 0.453556 0.247976 0.403230 0.641821 0.250283 0.000000 0.830790 0.130435
0.653220
0.164574 1.000000 0.364703 0.469985 0.453553 0.239455 0.052826 0.433345 0.000800 0.000000 0.233716 0.565217
0.653220
0.171393 1.000000 0.391070 0.469999 0.453556 0.247976 0.404762 0.642338 0.250022 0.000000 0.830288 0.130435
0.653220
0.164648 1.000000 0.364988 0.469994 0.453553 0.239455 0.053901 0.433410 0.001718 0.272727 0.236403 0.391304
0.653220
0.171383 1.000000 0.391033 0.469999 0.453556 0.247976 0.403462 0.642016 0.252713 0.000000 0.836627 0.086957
0.653220
0.164635 1.000000 0.364940 0.469994 0.453553 0.239455 0.054441 0.433693 0.000634 0.000000 0.233735 0.434783
0.653220
0.171340 1.000000 0.390865 0.469918 0.453556 0.247976 0.404323 0.642288 0.249468 0.000000 0.829228 0.043478
0.653220
0.164622 1.000000 0.364889 0.469994 0.453553 0.239455 0.054309 0.433580 0.000687 0.000000 0.233703 0.434783
0.653220
0.171392 1.000000 0.391065 0.469999 0.453556 0.247976 0.404835 0.642341 0.251042 0.090909 0.833541 0.086957
0.653220
0.164677 1.000000 0.365098 0.469994 0.453553 0.239455 0.054806 0.433968 0.001159 0.090909 0.235600 0.347826
0.653220
0.171478 1.000000 0.391400 0.469982 0.453556 0.247976 0.404896 0.642483 0.252361 0.090909 0.836402 0.086957
0.653220
0.164598 1.000000 0.364796 0.469994 0.453553 0.239455 0.054642 0.433847 0.000386 0.000000 0.234385 0.478261
0.653220
0.171488 1.000000 0.391434 0.469999 0.453556 0.247976 0.405300 0.642697 0.249310 0.090909 0.828025 0.043478
0.653220
0.164675 1.000000 0.365097 0.469994 0.453553 0.239455 0.054451 0.433697 0.001097 0.272727 0.235150 0.347826
0.653220
0.171403 1.000000 0.391108 0.469999 0.453556 0.247976 0.404543 0.642258 0.250298 0.000000 0.832442 0.043478
0.653220
0.164600 1.000000 0.364804 0.469994 0.453553 0.239455 0.053426 0.433407 0.000950 0.363636 0.234185 0.434783
0.653220
0.171422 1.000000 0.391181 0.469955 0.453556 0.247976 0.404859 0.642523 0.250475 0.090909 0.830590 0.086957
0.653220
0.164665 1.000000 0.365054 0.469994 0.453553 0.239455 0.054814 0.433906 0.000841 0.090909 0.235645 0.304348
0.653220
0.171490 1.000000 0.391445 0.469999 0.453556 0.247976 0.405430 0.642716 0.251147 0.000000 0.832963 0.130435
0.653220
0.164658 1.000000 0.365031 0.469994 0.453553 0.239455 0.054398 0.433596 0.001325 0.181818 0.235265 0.434783
0.653220
0.171376 1.000000 0.391004 0.469893 0.453556 0.247976 0.404255 0.642311 0.251527 0.000000 0.835226 0.130435
0.653220
0.164655 1.000000 0.365016 0.469994 0.453553 0.239455 0.054824 0.433889 0.000666 0.363636 0.234545 0.347826
0.653220
0.171475 1.000000 0.391384 0.469988 0.453556 0.247976 0.404972 0.642469 0.251683 0.000000 0.835688 0.130435
0.653220
0.164658 1.000000 0.365030 0.469994 0.453553 0.239455 0.054582 0.433599 0.000583 0.090909 0.234674 0.391304
0.653220
0.171371 1.000000 0.390987 0.469999 0.453556 0.247976 0.403210 0.641709 0.251642 0.090909 0.835933 0.086957
0.653220
0.164583 1.000000 0.364738 0.469994 0.453553 0.239455 0.054145 0.433488 0.000676 0.090909 0.233735 0.347826
0.653220
0.171429 1.000000 0.391208 0.469933 0.453556 0.247976 0.404715 0.642551 0.250616 0.000000 0.831433 0.130435
0.653220
0.164636 1.000000 0.364944 0.469994 0.453553 0.239455 0.054470 0.433750 0.001152 0.090909 0.236146 0.347826
0.653220
0.171427 1.000000 0.391199 0.469865 0.453556 0.247976 0.404595 0.642513 0.248981 0.000000 0.829986 0.130435
0.653220
0.164638 1.000000 0.364952 0.469994 0.453553 0.239455 0.053921 0.433393 0.001103 0.000000 0.234250 0.478261
0.653220
0.171302 1.000000 0.390718 0.469999 0.453556 0.247976 0.403075 0.641624 0.250394 0.000000 0.832731 0.130435
0.653220
0.164731 1.000000 0.365310 0.469993 0.453552 0.238602 0.055633 0.434361 0.000425 0.000000 0.234481 0.304348
0.653220
0.171495 1.000000 0.391462 0.469999 0.453556 0.247976 0.404907 0.642422 0.251316 0.090909 0.831863 0.086957
0.653220
0.164644 1.000000 0.364974 0.469994 0.453553 0.239455 0.054282 0.433582 0.001236 0.181818 0.235375 0.478261
0.653220
0.171533 1.000000 0.391611 0.469998 0.453554 0.247976 0.405203 0.642564 0.251484 0.000000 0.835309 0.173913
0.653220
0.164648 1.000000 0.364990 0.469993 0.453550 0.239455 0.054568 0.433648 0.000565 0.000000 0.235130 0.347826
0.653220
0.171398 1.000000 0.391087 0.469998 0.453554 0.247976 0.405143 0.642474 0.249675 0.000000 0.828385 0.086957
0.653220
0.164593 1.000000 0.364779 0.469989 0.453550 0.239455 0.052861 0.433353 0.001095 0.181818 0.234063 0.347826
0.653220
0.171416 1.000000 0.391157 0.469859 0.453554 0.247976 0.404771 0.642553 0.249248 0.000000 0.829851 0.130435
0.653220
0.164662 1.000000 0.365042 0.469993 0.453550 0.239455 0.054628 0.433596 0.000713 0.363636 0.235156 0.304348
0.653220
0.171380 1.000000 0.391021 0.469998 0.453554 0.247976 0.403388 0.642010 0.252421 0.090909 0.836254 0.130435
0.653220
0.164671 1.000000 0.365078 0.469993 0.453550 0.239455 0.054937 0.434027 0.000000 0.090909 0.233607 0.347826
0.653220
0.171460 1.000000 0.391330 0.469963 0.453554 0.247976 0.405160 0.642683 0.248424 0.000000 0.827151 0.086957
0.653220
0.164610 1.000000 0.364842 0.469993 0.453550 0.239455 0.054648 0.433818 0.000555 0.090909 0.234565 0.260870
0.653220
0.171274 1.000000 0.390606 0.469904 0.453554 0.247976 0.403744 0.641991 0.249877 0.000000 0.832840 0.000000
0.653220
0.164653 1.000000 0.365010 0.469993 0.453550 0.239455 0.054740 0.433915 0.000743 0.181818 0.234848 0.521739
0.653220
0.171478 1.000000 0.391398 0.469998 0.453554 0.247976 0.403296 0.641906 0.251375 0.000000 0.834383 0.130435
0.653220
0.164635 1.000000 0.364940 0.469993 0.453550 0.239455 0.054293 0.433645 0.000958 0.272727 0.234333 0.347826
0.653220
0.171389 1.000000 0.391052 0.469882 0.453554 0.247976 0.404651 0.642550 0.250125 0.000000 0.830552 0.000000
0.653220
0.164628 1.000000 0.364910 0.469993 0.453550 0.239455 0.054542 0.433744 0.001178 0.181818 0.236371 0.347826
0.653220
0.171404 1.000000 0.391113 0.469998 0.453554 0.247976 0.403396 0.641851 0.251486 0.090909 0.834518 0.043478
0.653220
0.164616 1.000000 0.364867 0.469993 0.453550 0.239455 0.053217 0.433404 0.001300 0.090909 0.234931 0.434783
0.653220
0.171359 1.000000 0.390936 0.469998 0.453554 0.247976 0.404978 0.642388 0.249254 0.090909 0.828527 0.086957
0.653220
0.164572 1.000000 0.364697 0.469993 0.453550 0.239455 0.053339 0.433411 0.000869 0.090909 0.233761 0.391304
0.653220
0.171456 1.000000 0.391314 0.469998 0.453554 0.247976 0.403636 0.642116 0.251727 0.000000 0.835528 0.043478
0.653220
0.325672 0.333333 0.357981 0.470120 0.453636 0.431189 0.000000 0.401840 0.003551 0.090909 0.241167 0.304348
0.495838
0.657662 0.333333 0.999742 0.999898 0.999999 1.000000 0.999233 0.999651 0.316968 0.181818 0.989103 0.478261
0.495838
0.657602 0.333333 0.999628 0.999987 0.999999 0.999148 0.999895 0.999855 0.317115 0.090909 0.988814 0.304348
0.495838
0.657591 0.333333 0.999604 0.999999 0.999999 0.999148 1.000000 0.999964 0.318797 0.000000 0.990518 0.565217
0.495838
0.657674 0.333333 0.999770 0.999886 0.999999 0.999148 0.999598 0.999828 0.319687 0.181818 0.995211 0.347826
0.495838
0.657589 0.333333 0.999601 0.999935 0.999999 1.000000 0.999570 0.999704 0.316055 0.090909 0.986326 0.391304
0.495838
0.657527 0.333333 0.999482 0.999930 0.999999 1.000000 0.999293 0.999701 0.318150 0.090909 0.990955 0.347826
0.495838
0.657512 0.333333 0.999453 0.999913 0.999999 1.000000 0.999436 0.999757 0.317745 0.272727 0.989605 0.304348
0.495838
0.657632 0.333333 0.999686 0.999944 0.999999 0.999148 0.999275 0.999750 0.317869 0.000000 0.992433 0.478261
0.495838
0.657614 0.333333 0.999651 0.999924 0.999999 0.999148 0.999182 0.999745 0.318688 0.272727 0.993963 0.434783
0.495838
0.657647 0.333333 0.999713 0.999973 0.999999 1.000000 0.999332 0.999765 0.317965 0.181818 0.991315 0.521739
0.495838
0.657604 0.333333 0.999631 0.999957 0.999999 1.000000 0.999429 0.999803 0.318552 0.090909 0.992543 0.347826
0.495838
0.657523 0.333333 0.999474 0.999949 0.999999 0.999148 0.999443 0.999749 0.318820 0.090909 0.993006 0.391304
0.495838
0.657609 0.333333 0.999640 0.999942 0.999999 0.999148 0.999736 0.999854 0.318673 0.181818 0.991064 0.391304
0.495838
0.657614 0.333333 0.999652 0.999949 0.999999 0.999148 0.999575 0.999777 0.317182 0.090909 0.989585 0.391304
0.495838
0.657661 0.333333 0.999743 0.999988 0.999999 1.000000 0.999604 0.999837 0.317933 0.272727 0.990125 0.434783
0.495838
0.657490 0.333333 0.999410 0.999912 0.999999 1.000000 0.999344 0.999719 0.316780 0.181818 0.986030 0.391304
0.495838
0.657496 0.333333 0.999420 0.999952 0.999999 1.000000 0.999113 0.999704 0.317500 0.000000 0.991038 0.391304
0.495838
0.657565 0.333333 0.999558 0.999949 0.999999 0.999148 0.999512 0.999795 0.317314 0.090909 0.990061 0.391304
0.495838
0.657603 0.333333 0.999629 0.999932 0.999999 0.999148 0.999582 0.999841 0.318968 0.000000 0.992221 0.434783
0.495838
0.657790 0.333333 0.999991 0.999975 0.999999 1.000000 0.999913 0.999916 0.319704 0.272727 0.997531 0.434783
0.495838
0.657618 0.333333 0.999658 0.999905 0.999999 0.999148 0.999315 0.999728 0.317188 0.000000 0.989958 0.565217
0.495838
0.657518 0.333333 0.999464 0.999944 0.999999 1.000000 0.999432 0.999793 0.317004 0.272727 0.987663 0.434783
0.495838
0.657463 0.333333 0.999359 1.000000 0.999999 1.000000 0.999636 1.000000 0.314536 0.090909 0.985619 0.478261
0.495838
0.657470 0.333333 0.999372 0.999999 0.999999 0.999148 0.999145 0.999565 0.316458 0.181818 0.988718 0.304348
0.495838
0.657633 0.333333 0.999685 1.000000 0.999999 1.000000 0.999296 0.999694 0.317399 0.090909 0.993861 0.434783
0.495838
0.657546 0.333333 0.999520 0.999999 0.999999 0.999148 0.999119 0.999547 0.317470 0.181818 0.993912 0.391304
0.495838
0.657637 0.333333 0.999693 0.999999 0.999999 0.999148 0.999080 0.999746 0.316251 0.090909 0.989862 0.391304
0.495838
0.657472 0.333333 0.999376 0.999999 1.000000 0.998296 0.999147 0.999639 0.316189 0.000000 0.989123 0.347826
0.495838
0.657523 0.333333 0.999472 1.000000 0.999999 1.000000 0.999189 0.999619 0.317448 0.363636 0.991398 0.391304
0.495838
0.657553 0.333333 0.999533 1.000000 0.999999 1.000000 0.999163 0.999639 0.315814 0.272727 0.989759 0.434783
0.495838
0.657541 0.333333 0.999509 1.000000 0.999999 1.000000 0.999800 0.999878 0.316938 0.181818 0.989026 0.434783
0.495838
0.657618 0.333333 0.999657 0.999984 0.999999 1.000000 0.999568 0.999887 0.318114 0.090909 0.992292 0.391304
0.495838
0.657586 0.333333 0.999595 0.999999 0.999998 0.998296 0.998919 0.999689 0.318016 0.090909 0.992838 0.391304
0.495838
0.657672 0.333333 0.999764 0.999999 0.999999 0.999148 0.998930 0.999549 0.318539 0.090909 0.994426 0.434783
0.495838
0.657575 0.333333 0.999574 1.000000 0.999999 1.000000 0.998949 0.999624 0.318534 0.272727 0.996066 0.521739
0.495838
0.657593 0.333333 0.999610 0.999999 0.999999 0.999148 0.998949 0.999535 0.318204 0.181818 0.995416 0.434783
0.495838
0.657710 0.333333 0.999836 0.999999 0.999999 0.999148 0.999583 0.999816 0.316637 0.000000 0.988801 0.478261
0.495838
0.657384 0.333333 0.999206 0.999999 0.999999 0.999148 0.999245 0.999657 0.315165 0.272727 0.987425 0.434783
0.495838
0.657567 0.333333 0.999559 1.000000 0.999999 1.000000 0.998927 0.999606 0.318912 0.090909 0.994041 0.391304
0.495838
0.657467 0.333333 0.999367 1.000000 0.999999 1.000000 0.999027 0.999591 0.317619 0.272727 0.992112 0.478261
0.495838
0.657648 0.333333 0.999715 1.000000 0.999999 1.000000 0.999036 0.999250 0.318590 0.272727 0.992928 0.521739
0.495838
0.657598 0.333333 0.999618 0.999999 0.999999 0.999148 0.999137 0.999649 0.317837 0.181818 0.992658 0.608696
0.495838
0.657610 0.333333 0.999642 0.999999 0.999999 0.999148 0.999221 0.999647 0.318321 0.181818 0.993835 0.391304
0.495838
0.657732 0.333333 0.999879 0.999999 0.999999 0.999148 0.999413 0.999711 0.321257 0.000000 1.000000 0.347826
0.495838
0.657592 0.333333 0.999607 0.999999 0.999999 0.999148 0.999296 0.999639 0.317660 0.181818 0.991938 0.565217
0.495838
0.657652 0.333333 0.999725 1.000000 0.999999 1.000000 0.999229 0.999619 0.319548 0.181818 0.996233 0.565217
0.495838
0.657719 0.333333 0.999854 0.999999 0.999999 0.999148 0.999261 0.999604 0.317628 0.090909 0.993108 0.478261
0.495838
0.657432 0.333333 0.999299 1.000000 0.999999 1.000000 0.999079 0.999529 0.318669 0.000000 0.994703 0.391304
0.495838
0.657611 0.333333 0.999645 0.999999 0.999999 0.999148 0.998878 0.999680 0.317681 0.181818 0.991096 0.391304
0.495838
0.657679 0.333333 0.999774 0.999999 0.999999 0.999148 0.999228 0.999683 0.319098 0.181818 0.996753 0.478261
0.495838
0.657541 0.333333 0.999509 1.000000 0.999999 1.000000 0.999278 0.999679 0.317512 0.181818 0.991193 0.521739
0.495838
0.657511 0.333333 0.999451 1.000000 0.999999 1.000000 0.999030 0.999592 0.317214 0.181818 0.992196 0.391304
0.495838
0.657645 0.333333 0.999709 0.999999 0.999999 0.999148 0.999348 0.999745 0.318270 0.000000 0.994105 0.478261
0.495838
0.657607 0.333333 0.999638 0.999999 0.999999 0.999148 0.999285 0.999623 0.317463 0.090909 0.991154 0.478261
0.495838
0.657693 0.333333 0.999802 0.999999 0.999999 0.999148 0.999518 0.999749 0.319096 0.363636 0.996220 0.434783
0.495838
0.657502 0.333333 0.999436 0.999999 0.999999 0.999148 0.999138 0.999617 0.316887 0.181818 0.990016 0.347826
0.495838
0.657560 0.333333 0.999544 1.000000 0.999999 1.000000 0.999087 0.999699 0.318462 0.363636 0.995249 0.391304
0.495838
0.657733 0.333333 0.999881 0.999999 0.999999 0.999148 0.998989 0.999764 0.318835 0.000000 0.993848 0.434783
0.495838
0.657766 0.333333 0.999946 0.999999 0.999999 0.999148 0.998949 0.999583 0.317365 0.181818 0.992196 0.478261
0.495838
0.657668 0.333333 0.999755 0.999999 0.999999 0.999148 0.998966 0.999576 0.318193 0.000000 0.992517 0.434783
0.495838
0.657491 0.333333 0.999410 1.000000 0.999999 1.000000 0.999008 0.999568 0.315487 0.000000 0.987779 0.478261
0.495838
0.657794 0.333333 1.000000 1.000000 0.999999 1.000000 0.999068 0.999617 0.318014 0.090909 0.993996 0.521739
0.495838
0.657568 0.333333 0.999561 0.999999 0.999999 0.999148 0.999197 0.999649 0.316738 0.181818 0.992286 0.260870
0.495838
0.657435 0.333333 0.999304 0.999999 0.999999 0.999148 0.999113 0.999548 0.316625 0.000000 0.990402 0.652174
0.495838
0.657440 0.333333 0.999312 0.999999 0.999999 0.999148 0.999188 0.999616 0.317128 0.000000 0.990466 0.347826
0.495838
0.657612 0.333333 0.999645 0.999999 0.999999 0.999148 0.998910 0.999317 0.316958 0.090909 0.992665 0.434783
0.495838
0.657610 0.333333 0.999641 1.000000 0.999999 1.000000 0.998932 0.999529 0.316232 0.181818 0.988081 0.478261
0.495838
0.657601 0.333333 0.999623 1.000000 0.999999 1.000000 0.999253 0.999585 0.318044 0.181818 0.991231 0.391304
0.495838
0.657579 0.333333 0.999582 1.000000 0.999999 1.000000 0.999478 0.999693 0.316740 0.181818 0.992356 0.260870
0.495838
0.657550 0.333333 0.999526 1.000000 0.999999 1.000000 0.999287 0.999677 0.317512 0.272727 0.991906 0.347826
0.495838
0.657527 0.333333 0.999484 0.999999 0.999999 0.999148 0.998961 0.999505 0.318473 0.181818 0.992530 0.391304
0.495838
0.657481 0.333333 0.999393 1.000000 0.999999 1.000000 0.998993 0.999468 0.315797 0.090909 0.986371 0.521739
0.495838
0.657647 0.333333 0.999713 1.000000 0.999999 1.000000 0.998979 0.999401 0.316347 0.272727 0.989219 0.478261
0.495838
0.657456 0.333333 0.999344 1.000000 0.999999 1.000000 0.998950 0.999632 0.315265 0.272727 0.987098 0.478261
0.495838
0.657615 0.333333 0.999652 0.999999 0.999999 0.999148 0.999274 0.999683 0.316819 0.000000 0.991958 0.391304
0.495838
