604 12 1
0.329412 0.333333 0.963352 0.999461 0.554566 0.954945 0.877682 0.505362 0.073461 0.563988 0.235294 0.174438
0.496094
0.328943 0.333333 0.960934 0.999446 0.554488 0.952878 0.876951 0.504692 0.073309 0.563988 0.352941 0.178779
0.496094
0.328952 0.333333 0.960981 0.999414 0.554490 0.952191 0.877490 0.504802 0.073596 0.561582 0.294118 0.182207
0.496094
0.084948 1.000000 0.140389 0.000004 0.998411 0.000153 0.299513 0.921474 0.548709 0.015577 0.058824 0.072409
0.143469
0.167993 1.000000 0.997282 0.999265 0.552689 0.960092 0.996020 0.569863 0.083188 0.618392 0.411765 0.183738
0.329644
0.084935 1.000000 0.140256 0.000004 0.998406 0.000195 0.299438 0.921442 0.548763 0.015341 0.058824 0.071291
0.143469
0.168089 1.000000 0.998274 0.999266 0.552716 0.961034 0.997540 0.570867 0.083927 0.615339 0.235294 0.187814
0.329644
0.143028 0.333333 0.001744 0.000101 0.999084 0.000335 0.316308 0.945260 0.646126 0.114949 0.058824 0.176734
0.219448
0.329335 0.333333 0.962954 0.999430 0.554434 0.954890 0.878189 0.505186 0.073130 0.559746 0.235294 0.180898
0.496094
0.142867 0.333333 0.000915 0.000101 0.999074 0.000339 0.316928 0.944948 0.642578 0.112939 0.058824 0.172570
0.219448
0.329000 0.333333 0.961230 0.999431 0.554555 0.953735 0.877126 0.504613 0.073795 0.565118 0.235294 0.191242
0.496094
0.168018 1.000000 0.997541 0.999265 0.552660 0.963334 0.997198 0.570582 0.082744 0.616626 0.235294 0.185062
0.329644
0.142995 0.333333 0.001579 0.000100 0.999071 0.000331 0.316236 0.945162 0.645866 0.115510 0.000000 0.177205
0.219448
0.142881 0.333333 0.000989 0.000101 0.999084 0.000314 0.316853 0.945133 0.644229 0.114615 0.058824 0.176910
0.219448
0.084863 1.000000 0.139518 0.000005 0.998408 0.000021 0.299921 0.921537 0.547266 0.015754 0.058824 0.070040
0.143469
0.329367 0.333333 0.963121 0.999392 0.554509 0.953646 0.878149 0.505327 0.073815 0.563526 0.294118 0.182855
0.496094
0.084815 1.000000 0.139016 0.000005 0.998410 0.000013 0.299898 0.921489 0.546939 0.015907 0.117647 0.070938
0.143469
0.142689 0.333333 0.000000 0.000101 0.999087 0.000318 0.317371 0.944948 0.640009 0.114099 0.058824 0.169465
0.219448
0.143737 0.333333 0.005406 0.000100 0.999075 0.000289 0.318437 0.947740 0.659623 0.131446 0.000000 0.183502
0.219448
0.084755 1.000000 0.138404 0.000002 0.998394 0.000034 0.300136 0.921524 0.546194 0.016270 0.058824 0.071409
0.143469
0.168084 1.000000 0.998224 0.999266 0.552687 0.960448 0.996853 0.570627 0.083305 0.619387 0.294118 0.188270
0.329644
0.084835 1.000000 0.139220 0.000004 0.998398 0.000157 0.299842 0.921506 0.547197 0.015952 0.117647 0.070879
0.143469
0.168035 1.000000 0.997715 0.999257 0.552662 0.960164 0.995280 0.569171 0.082519 0.619898 0.352941 0.184871
0.329644
0.143701 0.333333 0.005217 0.000103 0.999105 0.000297 0.318606 0.947608 0.659210 0.130356 0.058824 0.183841
0.219448
0.168077 1.000000 0.998153 0.999218 0.552645 0.958301 0.998502 0.571176 0.082644 0.615764 0.235294 0.188358
0.329644
0.085071 1.000000 0.141661 0.000005 0.998405 0.000021 0.299036 0.921491 0.551250 0.015692 0.000000 0.071570
0.143469
0.096612 1.000000 0.066803 0.000023 0.998531 0.000191 0.303018 0.918973 0.517156 0.000000 0.058824 0.063948
0.143469
0.142980 0.333333 0.001497 0.000101 0.999067 0.000798 0.316619 0.945119 0.644256 0.115143 0.000000 0.175645
0.219448
0.328963 0.333333 0.961037 0.999406 0.554490 0.951758 0.876957 0.504628 0.073562 0.564673 0.235294 0.183855
0.496094
0.328975 0.333333 0.961099 0.999459 0.554501 0.957202 0.876846 0.504604 0.073876 0.565812 0.294118 0.184444
0.496094
0.143606 0.333333 0.004733 0.000102 0.999076 0.000293 0.318901 0.947782 0.658329 0.131054 0.117647 0.185548
0.219448
0.084825 1.000000 0.139120 0.000004 0.998409 0.000140 0.299981 0.921486 0.546782 0.016348 0.058824 0.072306
0.143469
0.328896 0.333333 0.960689 0.999372 0.554540 0.951737 0.873894 0.502611 0.073279 0.562915 0.411765 0.184194
0.496094
0.143322 0.333333 0.003269 0.000101 0.999087 0.000331 0.315534 0.945223 0.650126 0.113055 0.117647 0.173452
0.219448
0.084929 1.000000 0.140190 0.000004 0.998401 0.000068 0.299669 0.921480 0.548468 0.015655 0.000000 0.073145
0.143469
0.168011 1.000000 0.997469 0.999265 0.552714 0.960605 0.996716 0.570430 0.083006 0.617728 0.352941 0.185724
0.329644
0.168026 1.000000 0.997632 0.999265 0.552662 0.959867 0.996508 0.570149 0.083081 0.614316 0.235294 0.180000
0.329644
0.329003 0.333333 0.961242 0.999366 0.554466 0.949399 0.877717 0.504857 0.073559 0.564755 0.235294 0.183296
0.496094
0.329367 0.333333 0.963121 0.999483 0.554545 0.958102 0.877146 0.505099 0.073693 0.566530 0.294118 0.178838
0.496094
0.143888 0.333333 0.006183 0.000100 0.999075 0.000306 0.318046 0.947773 0.662469 0.131045 0.117647 0.182472
0.219448
0.328873 0.333333 0.960572 0.999367 0.554436 0.951448 0.874113 0.502836 0.073268 0.565052 0.176471 0.188049
0.496094
0.084897 1.000000 0.139868 0.000003 0.998394 0.000149 0.299827 0.921531 0.547779 0.015894 0.117647 0.070496
0.143469
0.143095 0.333333 0.002096 0.000101 0.999064 0.000297 0.316633 0.945247 0.646341 0.114619 0.058824 0.171172
0.219448
0.328972 0.333333 0.961080 0.999535 0.554618 0.960932 0.875014 0.503675 0.073835 0.564537 0.235294 0.169274
0.496094
0.084922 1.000000 0.140126 0.000006 0.998412 0.000068 0.299544 0.921481 0.548502 0.015589 0.117647 0.071306
0.143469
0.142919 0.333333 0.001188 0.000101 0.999072 0.000293 0.316890 0.945154 0.643662 0.113232 0.058824 0.168641
0.219448
0.328943 0.333333 0.960931 0.999444 0.554663 0.959812 0.874581 0.503108 0.073249 0.567627 0.176471 0.199379
0.496094
0.328977 0.333333 0.961104 0.999479 0.554626 0.958042 0.876265 0.504543 0.074139 0.567227 0.235294 0.184679
0.496094
0.329018 0.333333 0.961324 0.999516 0.554686 0.961522 0.874446 0.503445 0.073981 0.567821 0.235294 0.176425
0.496094
0.328995 0.333333 0.961199 0.999419 0.554527 0.953163 0.877220 0.504778 0.073570 0.564405 0.294118 0.181545
0.496094
0.142939 0.333333 0.001286 0.000102 0.999087 0.000322 0.316806 0.945049 0.644568 0.115836 0.000000 0.178794
0.219448
0.168012 1.000000 0.997478 0.999265 0.552689 0.960682 0.996115 0.570153 0.083314 0.618314 0.235294 0.180309
0.329644
0.142885 0.333333 0.001008 0.000101 0.999074 0.000344 0.316380 0.944906 0.644207 0.115081 0.058824 0.175277
0.219448
0.168166 1.000000 0.999068 0.999228 0.552653 0.958450 0.999092 0.571944 0.083349 0.616622 0.294118 0.191919
0.329644
0.084797 1.000000 0.138825 0.000004 0.998413 0.000161 0.299992 0.921540 0.546750 0.015890 0.000000 0.069599
0.143469
0.143819 0.333333 0.005838 0.000103 0.999103 0.000335 0.317782 0.947706 0.661065 0.131900 0.117647 0.186180
0.219448
0.084934 1.000000 0.140246 0.000003 0.998404 0.000064 0.299504 0.921460 0.548306 0.016030 0.058824 0.072659
0.143469
0.084961 1.000000 0.140528 0.000006 0.998418 0.000042 0.299469 0.921503 0.549070 0.016146 0.000000 0.071114
0.143469
0.329411 0.333333 0.963345 0.999385 0.554498 0.949967 0.878082 0.505250 0.073924 0.565085 0.235294 0.183311
0.496094
0.143835 0.333333 0.005908 0.000103 0.999092 0.000331 0.318004 0.947845 0.661518 0.132172 0.058824 0.182193
0.219448
0.328962 0.333333 0.961031 0.999523 0.554693 0.963588 0.875162 0.503765 0.073315 0.565898 0.352941 0.185224
0.496094
0.168030 1.000000 0.997673 0.999081 0.552424 0.948249 0.997985 0.570326 0.083053 0.617014 0.294118 0.191036
0.329644
0.084853 1.000000 0.139420 0.000006 0.998417 0.000051 0.299753 0.921474 0.547158 0.016010 0.176471 0.070158
0.143469
0.168046 1.000000 0.997834 0.999267 0.552716 0.962608 0.997411 0.570797 0.083740 0.616643 0.352941 0.187828
0.329644
0.085119 1.000000 0.142154 0.000006 0.998413 0.000047 0.298984 0.921503 0.551435 0.015738 0.058824 0.069246
0.143469
0.084996 1.000000 0.140883 0.000006 0.998415 0.000042 0.299362 0.921531 0.549852 0.015733 0.000000 0.071055
0.143469
0.328946 0.333333 0.960944 0.999429 0.554618 0.957771 0.873844 0.502891 0.073616 0.565952 0.352941 0.186063
0.496094
0.328952 0.333333 0.960980 0.999432 0.554612 0.958479 0.874130 0.503071 0.073598 0.564990 0.352941 0.186313
0.496094
0.142977 0.333333 0.001481 0.000101 0.999090 0.000297 0.316874 0.945103 0.644254 0.113934 0.117647 0.173026
0.219448
0.328943 0.333333 0.960932 0.999532 0.554716 0.963219 0.874414 0.503454 0.073384 0.566534 0.352941 0.173747
0.496094
0.143029 0.333333 0.001751 0.000101 0.999074 0.000306 0.316096 0.944831 0.644959 0.112832 0.235294 0.175939
0.219448
0.142911 0.333333 0.001144 0.000101 0.999061 0.000306 0.316422 0.944967 0.644139 0.114553 0.058824 0.170083
0.219448
0.329437 0.333333 0.963480 0.999420 0.554560 0.952454 0.878100 0.505515 0.073222 0.563971 0.176471 0.177940
0.496094
0.085281 1.000000 0.143828 0.000006 0.998419 0.000051 0.298493 0.921527 0.553989 0.016278 0.000000 0.070820
0.143469
0.142966 0.333333 0.001433 0.000101 0.999082 0.000310 0.316816 0.945373 0.645057 0.113662 0.000000 0.170201
0.219448
0.329474 0.333333 0.963670 0.999432 0.554563 0.953018 0.878296 0.505630 0.073509 0.562259 0.235294 0.181236
0.496094
0.144013 0.333333 0.006831 0.000103 0.999090 0.000335 0.317610 0.947799 0.663611 0.131846 0.058824 0.184974
0.219448
0.143123 0.333333 0.002239 0.000101 0.999072 0.000310 0.316370 0.945157 0.645983 0.114148 0.117647 0.169803
0.219448
0.084735 1.000000 0.138188 0.000004 0.998402 0.000187 0.300252 0.921509 0.545525 0.016002 0.058824 0.070349
0.143469
0.142876 0.333333 0.000964 0.000101 0.999084 0.000314 0.316982 0.945213 0.643576 0.114173 0.000000 0.168611
0.219448
0.168051 1.000000 0.997880 0.999265 0.552716 0.961823 0.997012 0.570600 0.083357 0.617427 0.352941 0.186945
0.329644
0.168136 1.000000 0.998759 0.999209 0.552622 0.957839 0.999793 0.571647 0.082009 0.616049 0.294118 0.196157
0.329644
0.328938 0.333333 0.960908 0.999403 0.554477 0.953065 0.876909 0.504630 0.073993 0.563612 0.352941 0.178573
0.496094
0.168070 1.000000 0.998073 0.999265 0.552685 0.961208 0.996750 0.570551 0.083833 0.617976 0.235294 0.189035
0.329644
0.329016 0.333333 0.961307 0.999519 0.554658 0.960054 0.874536 0.503266 0.073871 0.567016 0.235294 0.182914
0.496094
0.143721 0.333333 0.005321 0.000105 0.999117 0.000344 0.317962 0.947544 0.659365 0.128970 0.000000 0.186239
0.219448
0.168048 1.000000 0.997847 0.999265 0.552682 0.960499 0.997531 0.570783 0.083422 0.613577 0.352941 0.188196
0.329644
0.328991 0.333333 0.961179 0.999406 0.554540 0.950303 0.877327 0.504618 0.073724 0.564957 0.235294 0.189815
0.496094
0.168021 1.000000 0.997570 0.999265 0.552712 0.960924 0.996256 0.570222 0.082759 0.619119 0.352941 0.177661
0.329644
0.142986 0.333333 0.001533 0.000101 0.999079 0.000310 0.316204 0.945066 0.645957 0.114210 0.117647 0.175660
0.219448
0.142789 0.333333 0.000509 0.000099 0.999061 0.000284 0.317270 0.945017 0.642088 0.112692 0.058824 0.168994
0.219448
0.328917 0.333333 0.960795 0.999384 0.554554 0.953871 0.874345 0.502942 0.073271 0.564508 0.294118 0.181560
0.496094
0.142915 0.333333 0.001163 0.000100 0.999066 0.001154 0.316488 0.945058 0.644663 0.114685 0.000000 0.175939
0.219448
0.143044 0.333333 0.001832 0.000101 0.999083 0.000301 0.316601 0.945183 0.645937 0.113835 0.117647 0.176837
0.219448
0.168041 1.000000 0.997774 0.999181 0.552625 0.954465 0.997994 0.570868 0.083419 0.614881 0.294118 0.191360
0.329644
0.168060 1.000000 0.997974 0.999110 0.552497 0.952199 0.998501 0.571276 0.082909 0.616300 0.352941 0.191110
0.329644
0.329003 0.333333 0.961243 0.999444 0.554602 0.953451 0.877104 0.504738 0.073671 0.565849 0.235294 0.182193
0.496094
0.329371 0.333333 0.963141 0.999433 0.554551 0.953328 0.877880 0.505209 0.073113 0.566051 0.294118 0.187696
0.496094
0.168165 1.000000 0.999061 0.999263 0.552653 0.962315 1.000000 0.573364 0.079742 0.611250 0.235294 0.176999
0.329644
0.084894 1.000000 0.139839 0.000006 0.998418 0.000051 0.299709 0.921474 0.548037 0.015696 0.176471 0.071453
0.143469
0.143700 0.333333 0.005215 0.000101 0.999076 0.000314 0.317597 0.947250 0.658693 0.128793 0.058824 0.182413
0.219448
0.142907 0.333333 0.001123 0.000100 0.999062 0.000301 0.316384 0.944915 0.644118 0.115238 0.058824 0.180486
0.219448
0.329373 0.333333 0.963155 0.999446 0.554523 0.954232 0.878106 0.505257 0.073398 0.563410 0.294118 0.184370
0.496094
0.142810 0.333333 0.000620 0.000099 0.999063 0.000314 0.317072 0.945136 0.642533 0.112935 0.058824 0.172599
0.219448
0.329070 0.333333 0.961584 0.999445 0.554550 0.955288 0.877388 0.504863 0.073883 0.563732 0.352941 0.187755
0.496094
0.084518 1.000000 0.135961 0.000005 0.998415 0.000085 0.301003 0.921496 0.542356 0.016113 0.117647 0.072350
0.143469
0.084852 1.000000 0.139399 0.000004 0.998403 0.000174 0.299826 0.921490 0.547694 0.015791 0.117647 0.071688
0.143469
0.168004 1.000000 0.997388 0.999265 0.552687 0.959973 0.996325 0.570154 0.083374 0.616061 0.411765 0.182252
0.329644
0.328962 0.333333 0.961034 0.999391 0.554428 0.953608 0.877535 0.504642 0.072987 0.562989 0.294118 0.184841
0.496094
0.084795 1.000000 0.138813 0.000002 0.998390 0.000136 0.300167 0.921524 0.546089 0.016022 0.117647 0.069304
0.143469
0.328972 0.333333 0.961079 0.999391 0.554431 0.950201 0.877296 0.504707 0.073256 0.565968 0.294118 0.177970
0.496094
0.084679 1.000000 0.137617 0.000001 0.998380 0.000110 0.300491 0.921488 0.544826 0.015861 0.117647 0.071997
0.143469
0.084812 1.000000 0.138994 0.000006 0.998416 0.000034 0.299756 0.921428 0.546488 0.015577 0.117647 0.069878
0.143469
0.084883 1.000000 0.139725 0.000006 0.998412 0.000047 0.299846 0.921555 0.547671 0.016076 0.176471 0.070835
0.143469
0.168103 1.000000 0.998418 0.999265 0.552688 0.959965 0.996408 0.570360 0.083664 0.620039 0.352941 0.183296
0.329644
0.143481 0.333333 0.004081 0.000100 0.999076 0.000322 0.319243 0.947568 0.655678 0.128735 0.117647 0.190286
0.219448
0.168054 1.000000 0.997918 0.999234 0.552630 0.958696 0.998443 0.571429 0.082971 0.615062 0.352941 0.185974
0.329644
0.084976 1.000000 0.140688 0.000002 0.998398 0.000021 0.299394 0.921501 0.549299 0.016006 0.058824 0.070570
0.143469
0.084904 1.000000 0.139937 0.000004 0.998408 0.000144 0.299797 0.921508 0.547719 0.015704 0.058824 0.071320
0.143469
0.084861 1.000000 0.139487 0.000002 0.998399 0.000051 0.299645 0.921468 0.547791 0.015923 0.058824 0.071261
0.143469
0.168123 1.000000 0.998620 0.999256 0.552665 0.961709 0.998549 0.571371 0.083260 0.615174 0.411765 0.190168
0.329644
0.328934 0.333333 0.960884 0.999533 0.554635 0.961844 0.874770 0.503476 0.073363 0.563167 0.235294 0.171216
0.496094
0.328831 0.333333 0.960352 0.999419 0.554448 0.951181 0.877121 0.504448 0.072774 0.559672 0.235294 0.185562
0.496094
0.143273 0.333333 0.003016 0.000101 0.999078 0.000284 0.315483 0.945111 0.649333 0.114891 0.117647 0.177175
0.219448
0.329404 0.333333 0.963311 0.999472 0.554639 0.956218 0.877372 0.505121 0.073441 0.565003 0.235294 0.183767
0.496094
0.143083 0.333333 0.002029 0.000101 0.999082 0.001239 0.315959 0.945116 0.647058 0.114161 0.058824 0.174335
0.219448
0.168067 1.000000 0.998040 0.999257 0.552673 0.959659 0.996065 0.569546 0.084010 0.617328 0.411765 0.194626
0.329644
0.143166 0.333333 0.002457 0.000100 0.999066 0.000293 0.316189 0.945196 0.647771 0.115077 0.000000 0.173600
0.219448
0.084842 1.000000 0.139297 0.000004 0.998402 0.000149 0.299749 0.921454 0.547186 0.015597 0.176471 0.070158
0.143469
0.084997 1.000000 0.140890 0.000004 0.998404 0.000136 0.299275 0.921510 0.549862 0.015787 0.058824 0.068760
0.143469
0.143004 0.333333 0.001624 0.000101 0.999077 0.000276 0.316806 0.945341 0.645475 0.113138 0.058824 0.168906
0.219448
0.168037 1.000000 0.997734 0.999209 0.552603 0.955870 0.997636 0.570657 0.083344 0.614299 0.294118 0.196054
0.329644
0.167989 1.000000 0.997242 0.999257 0.552644 0.959078 0.995915 0.569572 0.083432 0.616531 0.235294 0.189653
0.329644
0.084759 1.000000 0.138436 0.000004 0.998397 0.000038 0.300253 0.921517 0.545692 0.016299 0.117647 0.072365
0.143469
0.143650 0.333333 0.004954 0.000102 0.999083 0.000310 0.319018 0.947661 0.657517 0.128120 0.058824 0.184047
0.219448
0.168108 1.000000 0.998476 0.999266 0.552697 0.961925 0.996847 0.570648 0.083757 0.617728 0.352941 0.188196
0.329644
0.328937 0.333333 0.960903 0.999380 0.554482 0.951614 0.877887 0.504673 0.073030 0.561541 0.352941 0.189550
0.496094
0.168116 1.000000 0.998546 0.999265 0.552695 0.961276 0.998527 0.571531 0.083359 0.616622 0.352941 0.189064
0.329644
0.084949 1.000000 0.140399 0.000005 0.998415 0.000182 0.299559 0.921482 0.549160 0.015931 0.176471 0.074219
0.143469
0.329047 0.333333 0.961473 0.999535 0.554707 0.963966 0.875091 0.503677 0.074053 0.566150 0.235294 0.176542
0.496094
0.084970 1.000000 0.140604 0.000004 0.998400 0.000157 0.299581 0.921549 0.549016 0.016204 0.058824 0.071732
0.143469
0.143046 0.333333 0.001840 0.000101 0.999084 0.001201 0.316373 0.945223 0.646079 0.115283 0.058824 0.172628
0.219448
0.329468 0.333333 0.963639 0.999394 0.554550 0.953383 0.878377 0.505683 0.073455 0.562544 0.176471 0.179735
0.496094
0.329457 0.333333 0.963583 0.999392 0.554473 0.951160 0.877791 0.505258 0.073928 0.569670 0.176471 0.188064
0.496094
0.143052 0.333333 0.001873 0.000101 0.999083 0.000322 0.316374 0.945192 0.646295 0.113633 0.058824 0.175189
0.219448
0.168103 1.000000 0.998417 0.999266 0.552683 0.960584 0.997855 0.571159 0.083618 0.617922 0.352941 0.184930
0.329644
0.168078 1.000000 0.998167 0.999253 0.552642 0.958518 0.995798 0.569526 0.083962 0.618203 0.235294 0.195068
0.329644
0.084790 1.000000 0.138749 0.000004 0.998394 0.000153 0.300116 0.921499 0.546024 0.015940 0.058824 0.069775
0.143469
0.084960 1.000000 0.140525 0.000005 0.998413 0.000178 0.299475 0.921498 0.549020 0.015556 0.117647 0.070452
0.143469
0.142814 0.333333 0.000646 0.000100 0.999080 0.000335 0.316826 0.944951 0.642004 0.113690 0.117647 0.170392
0.219448
0.329465 0.333333 0.963625 0.999395 0.554483 0.951113 0.877967 0.505477 0.073487 0.565952 0.235294 0.184503
0.496094
0.329441 0.333333 0.963506 0.999379 0.554433 0.950222 0.877978 0.505418 0.074113 0.567982 0.235294 0.184091
0.496094
0.328960 0.333333 0.961024 0.999506 0.554716 0.962578 0.874227 0.503257 0.073800 0.565638 0.235294 0.181928
0.496094
0.084874 1.000000 0.139624 0.000006 0.998418 0.000034 0.299865 0.921504 0.547226 0.015940 0.058824 0.070496
0.143469
0.168058 1.000000 0.997947 0.999265 0.552696 0.960660 0.996178 0.570332 0.083289 0.620150 0.352941 0.179044
0.329644
0.143838 0.333333 0.005926 0.000100 0.999067 0.000289 0.318061 0.947680 0.661164 0.130732 0.058824 0.183679
0.219448
0.168253 1.000000 0.999964 0.999263 0.552638 0.963329 0.998204 0.573244 0.079018 0.611349 0.294118 0.177322
0.329644
0.084836 1.000000 0.139236 0.000002 0.998394 0.000034 0.299999 0.921531 0.546911 0.015948 0.117647 0.071394
0.143469
0.084985 1.000000 0.140769 0.000003 0.998395 0.000132 0.299399 0.921485 0.549555 0.016018 0.117647 0.072380
0.143469
0.168096 1.000000 0.998343 0.999256 0.552615 0.959366 0.997239 0.570449 0.083403 0.616507 0.352941 0.190403
0.329644
0.084831 1.000000 0.139179 0.000002 0.998397 0.000034 0.299855 0.921492 0.547067 0.015655 0.117647 0.069834
0.143469
0.143167 0.333333 0.002463 0.000101 0.999085 0.000306 0.315963 0.945031 0.646971 0.113476 0.117647 0.173732
0.219448
0.084932 1.000000 0.140220 0.000004 0.998402 0.000178 0.299623 0.921548 0.548670 0.015746 0.176471 0.071615
0.143469
0.329492 0.333333 0.963765 0.999380 0.554495 0.950829 0.878429 0.505789 0.073369 0.565675 0.294118 0.178647
0.496094
0.084778 1.000000 0.138633 0.000005 0.998417 0.000136 0.300050 0.921492 0.546422 0.015746 0.117647 0.070305
0.143469
0.084723 1.000000 0.138076 0.000004 0.998409 0.000157 0.300221 0.921490 0.545255 0.015445 0.117647 0.068216
0.143469
0.142975 0.333333 0.001469 0.000101 0.999081 0.000318 0.316619 0.945091 0.644727 0.114421 0.117647 0.172540
0.219448
0.084748 1.000000 0.138317 0.000005 0.998407 0.000042 0.300119 0.921466 0.545941 0.015511 0.058824 0.071585
0.143469
0.084756 1.000000 0.138404 0.000005 0.998404 0.000013 0.300209 0.921518 0.545831 0.016146 0.058824 0.070305
0.143469
0.328973 0.333333 0.961089 0.999478 0.554584 0.957856 0.876557 0.504626 0.073891 0.565283 0.352941 0.178617
0.496094
0.084671 1.000000 0.137535 0.000002 0.998391 0.000153 0.300524 0.921493 0.544299 0.016047 0.117647 0.070967
0.143469
0.142844 0.333333 0.000791 0.000101 0.999080 0.000836 0.316987 0.945216 0.643248 0.113629 0.058824 0.168170
0.219448
0.168034 1.000000 0.997709 0.999265 0.552653 0.960368 0.996104 0.570042 0.083633 0.616243 0.294118 0.182207
0.329644
0.143527 0.333333 0.004315 0.000100 0.999076 0.000670 0.319158 0.947677 0.656567 0.130736 0.000000 0.186666
0.219448
0.084877 1.000000 0.139658 0.000034 0.998395 0.000161 0.299725 0.921441 0.547840 0.015498 0.058824 0.073366
0.143469
0.328931 0.333333 0.960871 0.999369 0.554523 0.952174 0.873578 0.502596 0.073731 0.565172 0.294118 0.182237
0.496094
0.083463 1.000000 0.125072 0.000000 0.998362 0.000339 0.303556 0.921422 0.530239 0.015692 1.000000 0.067642
0.143469
0.084824 1.000000 0.139114 0.000005 0.998410 0.000004 0.300067 0.921528 0.546566 0.015993 0.176471 0.070570
0.143469
0.084928 1.000000 0.140178 0.000006 0.998413 0.000055 0.299680 0.921561 0.548406 0.015969 0.058824 0.069805
0.143469
0.168023 1.000000 0.997594 0.999247 0.552667 0.959536 0.996896 0.570216 0.083525 0.616639 0.294118 0.190021
0.329644
0.142908 0.333333 0.001126 0.000101 0.999086 0.000331 0.317123 0.945200 0.643862 0.114062 0.117647 0.173967
0.219448
0.329251 0.333333 0.962526 0.999339 0.554358 0.948457 0.878032 0.505146 0.073932 0.566022 0.352941 0.189829
0.496094
0.084701 1.000000 0.137837 0.000005 0.998414 0.000047 0.300009 0.921417 0.545276 0.015837 0.117647 0.070511
0.143469
0.084856 1.000000 0.139429 0.000004 0.998406 0.000165 0.299539 0.921395 0.547428 0.015300 0.117647 0.070629
0.143469
0.328893 0.333333 0.960673 0.999387 0.554412 0.952195 0.877040 0.504672 0.073638 0.564256 0.294118 0.184253
0.496094
0.143146 0.333333 0.002352 0.000101 0.999073 0.000344 0.316177 0.945360 0.647948 0.115159 0.117647 0.169244
0.219448
0.084870 1.000000 0.139582 0.000004 0.998393 0.000149 0.299488 0.921458 0.548026 0.015597 0.176471 0.070290
0.143469
0.084784 1.000000 0.138698 0.000005 0.998414 0.000059 0.299999 0.921451 0.545645 0.015457 0.117647 0.068981
0.143469
0.168011 1.000000 0.997467 0.999265 0.552663 0.960610 0.997572 0.570652 0.082518 0.614287 0.294118 0.185356
0.329644
0.168054 1.000000 0.997919 0.999265 0.552664 0.960682 0.997897 0.571276 0.083253 0.615690 0.294118 0.188947
0.329644
0.084926 1.000000 0.140165 0.000006 0.998418 0.000021 0.299582 0.921478 0.548604 0.015234 0.058824 0.071129
0.143469
0.168248 1.000000 0.999916 0.999265 0.552661 0.963380 0.999004 0.573291 0.079381 0.610305 0.294118 0.180089
0.329644
0.084703 1.000000 0.137866 0.000002 0.998391 0.000153 0.300404 0.921514 0.545033 0.015832 0.058824 0.069407
0.143469
0.168023 1.000000 0.997593 0.999158 0.552554 0.951155 0.997481 0.570599 0.083442 0.618203 0.352941 0.187093
0.329644
0.167995 1.000000 0.997309 0.999266 0.552696 0.960436 0.996155 0.570093 0.083130 0.618062 0.294118 0.183458
0.329644
0.084876 1.000000 0.139651 0.000002 0.998389 0.000140 0.299781 0.921514 0.547779 0.015944 0.000000 0.071894
0.143469
0.142971 0.333333 0.001453 0.000101 0.999071 0.000704 0.316745 0.945162 0.645023 0.116451 0.117647 0.179677
0.219448
0.143304 0.333333 0.003168 0.000102 0.999095 0.000293 0.315691 0.945195 0.650234 0.115708 0.000000 0.179029
0.219448
0.084820 1.000000 0.139069 0.000005 0.998417 0.000153 0.299903 0.921482 0.546805 0.015775 0.000000 0.070025
0.143469
0.142768 0.333333 0.000411 0.000101 0.999080 0.000356 0.317233 0.945093 0.642046 0.113175 0.000000 0.170333
0.219448
0.143662 0.333333 0.005023 0.000101 0.999068 0.000314 0.318503 0.947450 0.658243 0.129502 0.058824 0.181516
0.219448
0.143914 0.333333 0.006317 0.000105 0.999109 0.000395 0.318064 0.947712 0.662020 0.131153 0.058824 0.185356
0.219448
0.084680 1.000000 0.137621 0.000004 0.998408 0.000132 0.300380 0.921479 0.544515 0.015634 0.000000 0.070114
0.143469
0.084809 1.000000 0.138962 0.000005 0.998420 0.000182 0.299986 0.921512 0.546931 0.015539 0.058824 0.070482
0.143469
0.142999 0.333333 0.001593 0.000101 0.999081 0.000297 0.316172 0.944991 0.645089 0.114248 0.117647 0.176027
0.219448
0.084863 1.000000 0.139511 0.000005 0.998419 0.000119 0.299856 0.921516 0.547419 0.015824 0.117647 0.069216
0.143469
0.168021 1.000000 0.997574 0.999263 0.552719 0.959667 0.995766 0.569607 0.083979 0.619729 0.294118 0.185165
0.329644
0.084841 1.000000 0.139285 0.000002 0.998387 0.000157 0.299568 0.921409 0.547158 0.015296 0.117647 0.069481
0.143469
0.168031 1.000000 0.997678 0.999265 0.552719 0.959854 0.996766 0.570420 0.082965 0.618070 0.235294 0.183826
0.329644
0.168016 1.000000 0.997517 0.999265 0.552688 0.960266 0.996267 0.570247 0.083604 0.616358 0.352941 0.181486
0.329644
0.168042 1.000000 0.997782 0.999266 0.552731 0.960139 0.996245 0.570101 0.082317 0.617695 0.294118 0.192346
0.329644
0.142757 0.333333 0.000344 0.000099 0.999055 0.000327 0.317318 0.944975 0.641916 0.114668 0.176471 0.175601
0.219448
0.085038 1.000000 0.141313 0.000002 0.998390 0.000119 0.299301 0.921526 0.550141 0.015684 0.176471 0.070379
0.143469
0.168145 1.000000 0.998850 0.999266 0.552702 0.960962 0.998866 0.571735 0.083256 0.616156 0.352941 0.188402
0.329644
0.143012 0.333333 0.001669 0.000101 0.999066 0.000301 0.316978 0.945212 0.644451 0.113084 0.000000 0.168817
0.219448
0.084860 1.000000 0.139487 0.000002 0.998394 0.000042 0.299798 0.921486 0.547428 0.015820 0.058824 0.070702
0.143469
0.143121 0.333333 0.002222 0.000102 0.999082 0.000297 0.315953 0.945057 0.647727 0.114800 0.000000 0.177881
0.219448
0.168105 1.000000 0.998439 0.999266 0.552725 0.961836 0.998151 0.571387 0.083480 0.617934 0.352941 0.185518
0.329644
0.168032 1.000000 0.997673 0.999266 0.552665 0.961747 0.996019 0.570152 0.083258 0.621367 0.411765 0.179765
0.329644
0.168083 1.000000 0.998211 0.999249 0.552708 0.960223 0.999067 0.571621 0.083037 0.612244 0.235294 0.190712
0.329644
0.142746 0.333333 0.000297 0.000101 0.999071 0.000297 0.317082 0.944950 0.641689 0.113806 0.058824 0.170966
0.219448
0.143076 0.333333 0.001994 0.000101 0.999073 0.000560 0.316450 0.945280 0.646862 0.113917 0.000000 0.170922
0.219448
0.143121 0.333333 0.002223 0.000101 0.999075 0.000255 0.316083 0.945108 0.647769 0.115118 0.117647 0.178499
0.219448
0.143652 0.333333 0.004970 0.000102 0.999083 0.000352 0.318803 0.947726 0.658554 0.130509 0.000000 0.184988
0.219448
0.328966 0.333333 0.961056 0.999501 0.554589 0.959625 0.876261 0.504410 0.074386 0.565560 0.294118 0.186269
0.496094
0.142699 0.333333 0.000048 0.000101 0.999079 0.000289 0.316910 0.944881 0.640815 0.114573 0.000000 0.173291
0.219448
0.143154 0.333333 0.002402 0.000101 0.999073 0.000310 0.315845 0.945173 0.647839 0.115395 0.058824 0.177911
0.219448
0.328982 0.333333 0.961134 0.999535 0.554690 0.963580 0.875092 0.503752 0.073486 0.564013 0.176471 0.174733
0.496094
0.328991 0.333333 0.961185 0.999385 0.554428 0.950960 0.877496 0.504827 0.073362 0.565560 0.176471 0.181148
0.496094
0.329304 0.333333 0.962793 0.999440 0.554567 0.954211 0.877748 0.505220 0.073753 0.565651 0.294118 0.188284
0.496094
0.328964 0.333333 0.961040 0.999534 0.554714 0.963436 0.875079 0.503788 0.073398 0.566096 0.235294 0.172820
0.496094
0.143096 0.333333 0.002098 0.000102 0.999070 0.000276 0.316223 0.945226 0.647288 0.114367 0.117647 0.175895
0.219448
0.168075 1.000000 0.998133 0.999265 0.552649 0.960020 0.998221 0.571328 0.082898 0.615644 0.352941 0.189756
0.329644
0.168053 1.000000 0.997900 0.999106 0.552501 0.949692 0.999069 0.571146 0.081954 0.616585 0.294118 0.191934
0.329644
0.329350 0.333333 0.963034 0.999492 0.554539 0.957075 0.877123 0.504893 0.073409 0.564941 0.294118 0.187431
0.496094
0.328962 0.333333 0.961034 0.999427 0.554463 0.953027 0.877204 0.504742 0.073399 0.563002 0.294118 0.184753
0.496094
0.328879 0.333333 0.960600 0.999368 0.554494 0.951940 0.873923 0.502848 0.073517 0.564091 0.352941 0.181884
0.496094
0.329458 0.333333 0.963587 0.999472 0.554497 0.956413 0.877490 0.505448 0.073289 0.566752 0.235294 0.179220
0.496094
0.168085 1.000000 0.998236 0.999266 0.552693 0.961131 0.997436 0.570863 0.083703 0.618178 0.470588 0.187843
0.329644
0.084913 1.000000 0.140036 0.000005 0.998415 0.000416 0.299673 0.921534 0.548321 0.015824 0.058824 0.069937
0.143469
0.084973 1.000000 0.140644 0.000004 0.998402 0.000170 0.299201 0.921424 0.549411 0.015436 0.058824 0.071188
0.143469
0.328985 0.333333 0.961151 0.999535 0.554657 0.961768 0.876123 0.504478 0.073549 0.565667 0.235294 0.178499
0.496094
0.168024 1.000000 0.997604 0.999265 0.552680 0.961085 0.996402 0.569913 0.083742 0.616230 0.352941 0.185283
0.329644
0.082352 1.000000 0.113558 0.436093 0.000000 0.479136 0.000000 0.000000 0.000000 0.081568 0.176471 0.000000
0.329644
0.168008 1.000000 0.997441 0.999147 0.552476 0.952038 0.997645 0.570588 0.082339 0.615970 0.235294 0.189638
0.329644
0.328943 0.333333 0.960936 0.999381 0.554376 0.951665 0.877421 0.504722 0.073724 0.563707 0.411765 0.186063
0.496094
0.084779 1.000000 0.138647 0.000004 0.998407 0.000174 0.299829 0.921417 0.546510 0.015746 0.058824 0.072159
0.143469
0.084684 1.000000 0.137670 0.000002 0.998387 0.000153 0.300275 0.921477 0.545048 0.015692 0.058824 0.069172
0.143469
0.142853 0.333333 0.000845 0.000101 0.999082 0.000586 0.317075 0.945118 0.642685 0.112713 0.058824 0.170451
0.219448
0.329381 0.333333 0.963193 0.999420 0.554454 0.954363 0.878507 0.505316 0.072997 0.562775 0.411765 0.180662
0.496094
0.084826 1.000000 0.139128 0.000004 0.998393 0.000127 0.299845 0.921477 0.546910 0.015267 0.058824 0.068863
0.143469
0.329392 0.333333 0.963247 0.999433 0.554558 0.955963 0.877894 0.505340 0.074284 0.563468 0.235294 0.184032
0.496094
0.142931 0.333333 0.001246 0.000101 0.999084 0.000327 0.316833 0.945102 0.643902 0.113550 0.058824 0.169730
0.219448
0.143063 0.333333 0.001927 0.000101 0.999075 0.000322 0.315991 0.945108 0.646684 0.113472 0.058824 0.176925
0.219448
0.168044 1.000000 0.997807 0.999265 0.552671 0.960304 0.998580 0.571444 0.082315 0.613214 0.235294 0.185857
0.329644
0.084900 1.000000 0.139891 0.000003 0.998392 0.000161 0.299795 0.921516 0.547744 0.015605 0.058824 0.070158
0.143469
0.084665 1.000000 0.137466 0.000004 0.998408 0.000165 0.300557 0.921490 0.544223 0.016010 0.058824 0.071821
0.143469
0.168070 1.000000 0.998076 0.999266 0.552742 0.962803 0.998330 0.571218 0.083249 0.613036 0.294118 0.191507
0.329644
0.143211 0.333333 0.002690 0.000101 0.999080 0.000331 0.315852 0.945127 0.647509 0.114932 0.058824 0.174718
0.219448
0.142899 0.333333 0.001079 0.000101 0.999083 0.000297 0.316817 0.944939 0.643954 0.113922 0.117647 0.172864
0.219448
0.084975 1.000000 0.140674 0.000004 0.998409 0.000144 0.299424 0.921504 0.549390 0.015799 0.058824 0.070305
0.143469
0.084950 1.000000 0.140413 0.000002 0.998388 0.000127 0.299619 0.921484 0.548675 0.015993 0.117647 0.073557
0.143469
0.168085 1.000000 0.998234 0.999265 0.552742 0.961984 0.996791 0.570483 0.083503 0.619218 0.235294 0.187799
0.329644
0.142760 0.333333 0.000367 0.000100 0.999062 0.000301 0.317218 0.944965 0.640828 0.112548 0.058824 0.170980
0.219448
0.168029 1.000000 0.997658 0.999265 0.552686 0.960847 0.996452 0.570398 0.083596 0.620984 0.235294 0.184591
0.329644
0.329422 0.333333 0.963404 0.999379 0.554406 0.950748 0.878371 0.505599 0.073092 0.561632 0.176471 0.181619
0.496094
0.143665 0.333333 0.005031 0.000102 0.999090 0.000306 0.318793 0.947808 0.658524 0.129255 0.176471 0.185209
0.219448
0.329408 0.333333 0.963332 0.999441 0.554582 0.956180 0.877509 0.505228 0.073918 0.564990 0.235294 0.179220
0.496094
0.329330 0.333333 0.962929 0.999393 0.554492 0.951058 0.878186 0.505264 0.073653 0.563909 0.294118 0.179059
0.496094
0.329037 0.333333 0.961420 0.999387 0.554496 0.951177 0.877636 0.504815 0.073909 0.564322 0.235294 0.186887
0.496094
0.329004 0.333333 0.961245 0.999513 0.554673 0.964170 0.874438 0.503425 0.074065 0.568473 0.352941 0.184797
0.496094
0.143216 0.333333 0.002714 0.000102 0.999086 0.000314 0.315836 0.944979 0.647809 0.114462 0.058824 0.171863
0.219448
0.168030 1.000000 0.997663 0.999267 0.552727 0.960796 0.997871 0.571038 0.082889 0.616436 0.294118 0.188299
0.329644
0.143839 0.333333 0.005933 0.000105 0.999110 0.000369 0.318378 0.947657 0.660892 0.128974 0.117647 0.188255
0.219448
0.168039 1.000000 0.997754 0.999265 0.552692 0.959222 0.996154 0.570132 0.083603 0.616494 0.235294 0.179206
0.329644
0.143060 0.333333 0.001914 0.000102 0.999068 0.000301 0.316385 0.945166 0.646544 0.115044 0.058824 0.172437
0.219448
0.181206 0.333333 0.011674 0.000165 0.999531 0.000361 0.313507 0.966777 0.806087 0.246465 0.000000 0.280573
0.219448
0.084793 1.000000 0.138797 0.000006 0.998408 0.000098 0.300070 0.921533 0.546513 0.015832 0.058824 0.069569
0.143469
0.084809 1.000000 0.138961 0.000005 0.998418 0.000229 0.300022 0.921495 0.546788 0.015985 0.000000 0.070967
0.143469
0.328923 0.333333 0.960826 0.999533 0.554652 0.963843 0.874795 0.503571 0.073652 0.562969 0.176471 0.170156
0.496094
0.084943 1.000000 0.140337 0.000005 0.998408 0.000081 0.299460 0.921493 0.548967 0.015696 0.058824 0.070128
0.143469
0.328962 0.333333 0.961025 0.999440 0.554538 0.958208 0.873822 0.503038 0.073827 0.566480 0.294118 0.184503
0.496094
0.168064 1.000000 0.998008 0.999112 0.552455 0.950829 0.997230 0.570334 0.083841 0.618764 0.235294 0.193626
0.329644
0.329375 0.333333 0.963163 0.999440 0.554439 0.953069 0.877948 0.505112 0.073286 0.564405 0.294118 0.183723
0.496094
0.168073 1.000000 0.998109 0.999265 0.552678 0.960813 0.998244 0.571239 0.082857 0.615236 0.470588 0.189712
0.329644
0.168113 1.000000 0.998517 0.999152 0.552538 0.952462 0.998646 0.571165 0.083030 0.617629 0.294118 0.193920
0.329644
0.084790 1.000000 0.138759 0.000005 0.998405 0.000021 0.300026 0.921504 0.546397 0.016303 0.117647 0.071188
0.143469
0.084913 1.000000 0.140021 0.000005 0.998413 0.000165 0.299552 0.921478 0.548329 0.015746 0.000000 0.069864
0.143469
0.168085 1.000000 0.998231 0.999166 0.552529 0.954138 0.998633 0.571197 0.083130 0.614431 0.235294 0.187416
0.329644
0.329033 0.333333 0.961393 0.999439 0.554485 0.953286 0.877132 0.504809 0.074173 0.563348 0.294118 0.187343
0.496094
0.084683 1.000000 0.137665 0.000002 0.998392 0.000030 0.300441 0.921504 0.544763 0.015659 0.117647 0.070408
0.143469
0.084863 1.000000 0.139516 0.000005 0.998407 0.000195 0.299525 0.921422 0.547853 0.015552 0.058824 0.072291
0.143469
0.143767 0.333333 0.005562 0.000102 0.999090 0.000327 0.318396 0.947738 0.660345 0.128656 0.058824 0.190580
0.219448
0.168061 1.000000 0.997980 0.999265 0.552688 0.959926 0.997678 0.571088 0.083144 0.617278 0.294118 0.192066
0.329644
0.084640 1.000000 0.137200 0.000004 0.998412 0.000123 0.300476 0.921468 0.543845 0.015754 0.058824 0.071394
0.143469
0.168018 1.000000 0.997546 0.999265 0.552685 0.961462 0.996412 0.570273 0.082416 0.617163 0.294118 0.178470
0.329644
0.142979 0.333333 0.001495 0.000098 0.999057 0.000310 0.316201 0.945098 0.644809 0.114805 0.058824 0.178352
0.219448
0.329385 0.333333 0.963212 0.999396 0.554433 0.950574 0.878309 0.505313 0.073649 0.561727 0.294118 0.182825
0.496094
0.328906 0.333333 0.960742 0.999448 0.554499 0.954902 0.876351 0.504389 0.073719 0.564933 0.176471 0.181825
0.496094
0.143597 0.333333 0.004681 0.000100 0.999083 0.000297 0.318862 0.947592 0.657453 0.128174 0.176471 0.185356
0.219448
0.168042 1.000000 0.997786 0.999098 0.552502 0.950222 0.997456 0.570400 0.082966 0.616313 0.294118 0.185886
0.329644
0.142913 0.333333 0.001154 0.000101 0.999070 0.000450 0.316821 0.945058 0.643825 0.114202 0.058824 0.167140
0.219448
0.168018 1.000000 0.997540 0.999266 0.552733 0.961119 0.997015 0.570420 0.082331 0.615954 0.294118 0.185915
0.329644
0.328952 0.333333 0.960981 0.999369 0.554531 0.954283 0.873747 0.502597 0.073447 0.566183 0.352941 0.181045
0.496094
0.168102 1.000000 0.998407 0.999266 0.552664 0.960351 0.996613 0.570565 0.083492 0.621615 0.235294 0.186136
0.329644
0.168111 1.000000 0.998502 0.999265 0.552675 0.961666 0.999133 0.571665 0.082861 0.613367 0.294118 0.184650
0.329644
0.168128 1.000000 0.998670 0.999265 0.552742 0.961017 0.998046 0.571172 0.083618 0.618079 0.294118 0.189918
0.329644
0.143732 0.333333 0.005376 0.000103 0.999095 0.000335 0.318451 0.947689 0.660170 0.130018 0.117647 0.186872
0.219448
0.142877 0.333333 0.000973 0.000101 0.999074 0.000301 0.316142 0.944869 0.643768 0.114540 0.058824 0.173320
0.219448
0.084430 1.000000 0.135038 0.000004 0.998398 0.000042 0.301182 0.921435 0.541051 0.016249 0.058824 0.071732
0.143469
0.328954 0.333333 0.960990 0.999473 0.554645 0.959634 0.876208 0.504491 0.074245 0.565370 0.352941 0.178617
0.496094
0.168136 1.000000 0.998765 0.999265 0.552677 0.961097 0.999154 0.571545 0.082414 0.615619 0.235294 0.196392
0.329644
0.168055 1.000000 0.997935 0.999266 0.552697 0.960682 0.997974 0.571174 0.083141 0.615393 0.235294 0.184061
0.329644
0.143799 0.333333 0.005730 0.000105 0.999108 0.000318 0.318409 0.947784 0.660855 0.131623 0.058824 0.185121
0.219448
0.168082 1.000000 0.998203 0.999267 0.552749 0.960546 0.998299 0.571082 0.082787 0.613573 0.294118 0.183399
0.329644
0.328977 0.333333 0.961112 0.999469 0.554626 0.956387 0.876794 0.504671 0.073847 0.562907 0.294118 0.178705
0.496094
0.084728 1.000000 0.138128 0.000005 0.998407 0.000008 0.300134 0.921459 0.545276 0.015931 0.176471 0.070055
0.143469
0.085050 1.000000 0.141443 0.000005 0.998411 0.000025 0.299217 0.921514 0.550336 0.016129 0.176471 0.070952
0.143469
0.328970 0.333333 0.961072 0.999426 0.554607 0.955798 0.873985 0.502986 0.074489 0.566802 0.294118 0.189226
0.496094
0.142934 0.333333 0.001264 0.000102 0.999092 0.000352 0.316745 0.945086 0.643885 0.113480 0.000000 0.169023
0.219448
0.142980 0.333333 0.001494 0.000101 0.999084 0.000289 0.316633 0.945194 0.644802 0.115209 0.058824 0.175145
0.219448
0.168044 1.000000 0.997807 0.999267 0.552718 0.961450 0.996959 0.570429 0.083505 0.617435 0.235294 0.183929
0.329644
0.328932 0.333333 0.960874 0.999453 0.554639 0.958717 0.874233 0.503003 0.073888 0.563810 0.235294 0.192169
0.496094
0.328937 0.333333 0.960900 0.999408 0.554486 0.952551 0.877099 0.504556 0.073606 0.565399 0.294118 0.193302
0.496094
0.329309 0.333333 0.962821 0.999420 0.554546 0.951788 0.878399 0.505293 0.073018 0.564132 0.294118 0.189432
0.496094
0.084934 1.000000 0.140246 0.000006 0.998416 0.000047 0.299664 0.921523 0.548118 0.015106 0.117647 0.069128
0.143469
0.142896 0.333333 0.001063 0.000101 0.999087 0.000306 0.316961 0.945239 0.643829 0.114487 0.117647 0.171922
0.219448
0.084939 1.000000 0.140296 0.000002 0.998393 0.000025 0.299667 0.921498 0.548316 0.015750 0.117647 0.071644
0.143469
0.143211 0.333333 0.002693 0.000101 0.999085 0.000297 0.316208 0.945350 0.648293 0.113666 0.117647 0.169877
0.219448
0.084820 1.000000 0.139077 0.000004 0.998404 0.000157 0.300024 0.921500 0.546453 0.015725 0.117647 0.071585
0.143469
0.168073 1.000000 0.998117 0.999266 0.552700 0.961454 0.996928 0.570266 0.083311 0.613362 0.294118 0.186475
0.329644
0.143251 0.333333 0.002895 0.000101 0.999072 0.000255 0.315853 0.945128 0.648291 0.114788 0.058824 0.173291
0.219448
0.168085 1.000000 0.998239 0.999266 0.552688 0.961136 0.995697 0.570039 0.084856 0.622453 0.235294 0.189815
0.329644
0.329433 0.333333 0.963461 0.999474 0.554514 0.957317 0.877619 0.505351 0.073391 0.562849 0.176471 0.184429
0.496094
0.168096 1.000000 0.998349 0.999266 0.552726 0.960911 0.998212 0.571044 0.083356 0.613928 0.235294 0.195391
0.329644
0.084821 1.000000 0.139091 0.000004 0.998399 0.000153 0.299917 0.921491 0.546665 0.015832 0.176471 0.071041
0.143469
0.142946 0.333333 0.001321 0.000101 0.999084 0.000310 0.316536 0.944936 0.644441 0.114833 0.117647 0.174924
0.219448
0.329479 0.333333 0.963701 0.999402 0.554446 0.952696 0.878054 0.505484 0.073924 0.568089 0.176471 0.190874
0.496094
0.084966 1.000000 0.140573 0.000005 0.998407 0.000038 0.299486 0.921487 0.548907 0.015659 0.058824 0.070923
0.143469
0.168257 1.000000 1.000000 0.999265 0.552668 0.962863 0.997717 0.573432 0.078889 0.607107 0.352941 0.174806
0.329644
0.328996 0.333333 0.961208 0.999477 0.554694 0.957805 0.876723 0.504770 0.073923 0.565737 0.352941 0.179014
0.496094
0.328965 0.333333 0.961046 0.999532 0.554646 0.962973 0.874706 0.503584 0.073447 0.564103 0.176471 0.168288
0.496094
0.143158 0.333333 0.002416 0.000101 0.999077 0.000335 0.316133 0.945337 0.648449 0.114850 0.176471 0.174321
0.219448
0.143124 0.333333 0.002243 0.000101 0.999082 0.000314 0.316162 0.945088 0.646820 0.112638 0.117647 0.164344
0.219448
0.143062 0.333333 0.001923 0.000102 0.999089 0.000314 0.316299 0.945182 0.646433 0.114408 0.058824 0.175821
0.219448
0.329016 0.333333 0.961309 0.999429 0.554514 0.958734 0.873101 0.502560 0.074543 0.566802 0.352941 0.191242
0.496094
0.143833 0.333333 0.005895 0.000102 0.999080 0.000348 0.317763 0.947590 0.661504 0.129511 0.058824 0.186828
0.219448
0.168116 1.000000 0.998555 0.999265 0.552666 0.960928 0.998960 0.571472 0.082847 0.613919 0.235294 0.192066
0.329644
0.328958 0.333333 0.961010 0.999366 0.554408 0.950591 0.877607 0.504768 0.073780 0.565189 0.235294 0.187048
0.496094
0.142828 0.333333 0.000717 0.000099 0.999063 0.000335 0.317166 0.945219 0.643126 0.113208 0.117647 0.171554
0.219448
0.084775 1.000000 0.138600 0.000002 0.998386 0.000093 0.300116 0.921532 0.546342 0.015771 0.176471 0.069908
0.143469
0.143954 0.333333 0.006525 0.000102 0.999074 0.000306 0.317976 0.947824 0.662783 0.132407 0.000000 0.183414
0.219448
0.328898 0.333333 0.960699 0.999476 0.554613 0.957656 0.876387 0.504195 0.073571 0.562936 0.235294 0.182443
0.496094
0.143183 0.333333 0.002548 0.000101 0.999077 0.000318 0.316054 0.945090 0.647096 0.112263 0.000000 0.172702
0.219448
0.143836 0.333333 0.005912 0.000103 0.999097 0.001248 0.318508 0.947923 0.660948 0.131475 0.117647 0.184238
0.219448
0.168088 1.000000 0.998271 0.999233 0.552660 0.961925 0.997708 0.570792 0.083682 0.615842 0.294118 0.195951
0.329644
0.084857 1.000000 0.139452 0.000002 0.998391 0.000042 0.299876 0.921521 0.547423 0.015692 0.117647 0.070070
0.143469
0.143628 0.333333 0.004847 0.000100 0.999069 0.000250 0.318859 0.947650 0.658343 0.128413 0.058824 0.186636
0.219448
0.328974 0.333333 0.961092 0.999409 0.554505 0.952352 0.877250 0.504718 0.073654 0.563517 0.294118 0.187534
0.496094
0.084907 1.000000 0.139961 0.000004 0.998404 0.000127 0.299627 0.921478 0.548344 0.015721 0.117647 0.071217
0.143469
0.168085 1.000000 0.998231 0.999267 0.552736 0.961989 0.998295 0.571450 0.083488 0.615615 0.235294 0.188093
0.329644
0.084948 1.000000 0.140386 0.000005 0.998417 0.000199 0.299331 0.921445 0.549000 0.015931 0.058824 0.071718
0.143469
0.143770 0.333333 0.005578 0.000104 0.999113 0.000314 0.318196 0.947766 0.660576 0.131409 0.000000 0.182958
0.219448
0.143130 0.333333 0.002269 0.000101 0.999073 0.000318 0.315726 0.945071 0.647692 0.115820 0.117647 0.178499
0.219448
0.142807 0.333333 0.000604 0.000101 0.999080 0.000322 0.317031 0.945083 0.642576 0.114697 0.000000 0.173761
0.219448
0.143082 0.333333 0.002019 0.000101 0.999079 0.000331 0.316231 0.945254 0.647367 0.115935 0.058824 0.177999
0.219448
0.168069 1.000000 0.998067 0.999266 0.552700 0.960113 0.997445 0.571039 0.083778 0.617361 0.294118 0.187122
0.329644
0.328964 0.333333 0.961044 0.999449 0.554493 0.954945 0.876719 0.504693 0.074079 0.566129 0.352941 0.185268
0.496094
0.084835 1.000000 0.139224 0.000004 0.998407 0.000165 0.299758 0.921477 0.547209 0.015804 0.117647 0.070334
0.143469
0.084898 1.000000 0.139865 0.000002 0.998386 0.000034 0.299460 0.921395 0.547892 0.015638 0.058824 0.070349
0.143469
0.168090 1.000000 0.998275 0.999265 0.552671 0.960665 0.998368 0.570997 0.083067 0.612942 0.294118 0.185297
0.329644
0.142836 0.333333 0.000753 0.000101 0.999083 0.000318 0.317329 0.945237 0.642929 0.113785 0.058824 0.172261
0.219448
0.143221 0.333333 0.002738 0.000101 0.999077 0.000301 0.315685 0.945195 0.648354 0.116042 0.058824 0.178176
0.219448
0.142937 0.333333 0.001279 0.000101 0.999083 0.000785 0.316672 0.945135 0.644784 0.115114 0.000000 0.176748
0.219448
0.328983 0.333333 0.961136 0.999445 0.554597 0.957283 0.877124 0.504751 0.073749 0.564854 0.235294 0.182605
0.496094
0.328982 0.333333 0.961136 0.999379 0.554449 0.951525 0.878156 0.504862 0.073081 0.561524 0.235294 0.185886
0.496094
0.329419 0.333333 0.963387 0.999381 0.554430 0.950078 0.878599 0.505523 0.073349 0.565061 0.294118 0.179677
0.496094
0.143855 0.333333 0.006018 0.000102 0.999086 0.000322 0.318323 0.947712 0.661409 0.130319 0.058824 0.183061
0.219448
0.142885 0.333333 0.001011 0.000102 0.999080 0.000267 0.316900 0.945172 0.643661 0.114462 0.176471 0.169406
0.219448
0.329033 0.333333 0.961397 0.999525 0.554759 0.963728 0.874855 0.503509 0.073575 0.565754 0.235294 0.179691
0.496094
0.168081 1.000000 0.998190 0.999265 0.552655 0.959655 0.998154 0.571462 0.083048 0.618500 0.294118 0.183134
0.329644
0.084829 1.000000 0.139162 0.000005 0.998419 0.000174 0.299966 0.921528 0.547125 0.015837 0.117647 0.070158
0.143469
0.084854 1.000000 0.139421 0.000005 0.998416 0.000170 0.299570 0.921457 0.547615 0.015733 0.117647 0.071526
0.143469
0.143725 0.333333 0.005344 0.000100 0.999073 0.000310 0.318705 0.947841 0.659397 0.131669 0.117647 0.183252
0.219448
0.168103 1.000000 0.998418 0.999265 0.552695 0.963385 0.998809 0.571447 0.082763 0.613796 0.352941 0.189682
0.329644
0.143211 0.333333 0.002696 0.000101 0.999073 0.000306 0.315888 0.945326 0.648817 0.114099 0.117647 0.170642
0.219448
0.168081 1.000000 0.998192 0.999203 0.552613 0.955751 0.997517 0.570928 0.083559 0.617608 0.235294 0.189050
0.329644
0.329393 0.333333 0.963255 0.999380 0.554412 0.952428 0.878422 0.505325 0.073455 0.562527 0.294118 0.181795
0.496094
0.168108 1.000000 0.998476 0.999261 0.552727 0.959634 0.999078 0.571609 0.082919 0.613713 0.352941 0.197525
0.329644
0.084706 1.000000 0.137886 0.000005 0.998416 0.000178 0.300093 0.921448 0.545063 0.015519 0.058824 0.069967
0.143469
0.168074 1.000000 0.998120 0.999265 0.552681 0.960898 0.998234 0.571327 0.082986 0.614802 0.294118 0.188888
0.329644
0.328987 0.333333 0.961161 0.999504 0.554612 0.958721 0.876654 0.504713 0.073316 0.564239 0.235294 0.180839
0.496094
0.143113 0.333333 0.002180 0.000101 0.999088 0.000310 0.316160 0.945017 0.646728 0.114965 0.058824 0.178382
0.219448
0.084851 1.000000 0.139389 0.000002 0.998388 0.000123 0.299493 0.921389 0.547699 0.015424 0.058824 0.069849
0.143469
0.084935 1.000000 0.140257 0.000006 0.998412 0.000017 0.299644 0.921514 0.548433 0.016101 0.058824 0.069672
0.143469
0.168047 1.000000 0.997840 0.999267 0.552729 0.961624 0.996707 0.570422 0.083896 0.620790 0.647059 0.193891
0.329644
0.084924 1.000000 0.140146 0.000006 0.998412 0.000042 0.299680 0.921508 0.548251 0.015923 0.058824 0.070496
0.143469
0.168021 1.000000 0.997576 0.999266 0.552711 0.960503 0.996993 0.570479 0.083721 0.617237 0.294118 0.194567
0.329644
0.143070 0.333333 0.001965 0.000101 0.999072 0.000310 0.316218 0.944983 0.645835 0.112708 0.176471 0.167478
0.219448
0.328898 0.333333 0.960696 0.999370 0.554453 0.953324 0.873734 0.502640 0.073112 0.565523 0.294118 0.183576
0.496094
0.143091 0.333333 0.002071 0.000100 0.999069 0.000314 0.315676 0.945082 0.646791 0.115015 0.058824 0.173467
0.219448
0.168031 1.000000 0.997676 0.999126 0.552488 0.950684 0.998241 0.570637 0.082699 0.612471 0.294118 0.199350
0.329644
0.168056 1.000000 0.997934 0.999266 0.552637 0.961496 0.996761 0.570434 0.083346 0.616007 0.294118 0.181957
0.329644
0.168012 1.000000 0.997476 0.999089 0.552463 0.949687 0.997642 0.570218 0.082773 0.615772 0.294118 0.188579
0.329644
0.328950 0.333333 0.960971 0.999404 0.554576 0.954699 0.873752 0.502700 0.073659 0.566723 0.294118 0.184900
0.496094
0.329389 0.333333 0.963236 0.999392 0.554499 0.951512 0.878562 0.505376 0.073216 0.562296 0.235294 0.183237
0.496094
0.329293 0.333333 0.962740 0.999366 0.554445 0.951482 0.878533 0.505211 0.073508 0.562997 0.411765 0.191051
0.496094
0.329388 0.333333 0.963228 0.999402 0.554484 0.953065 0.878308 0.505301 0.073065 0.563901 0.235294 0.183031
0.496094
0.142935 0.333333 0.001267 0.000101 0.999084 0.000293 0.316949 0.945230 0.644123 0.114314 0.058824 0.170362
0.219448
0.168029 1.000000 0.997658 0.999147 0.552566 0.952564 0.998002 0.570830 0.083070 0.614980 0.411765 0.186636
0.329644
0.328939 0.333333 0.960910 0.999524 0.554760 0.962871 0.875115 0.503639 0.073741 0.564891 0.235294 0.185533
0.496094
0.329372 0.333333 0.963146 0.999364 0.554340 0.950006 0.878405 0.505410 0.073204 0.565436 0.235294 0.176307
0.496094
0.142903 0.333333 0.001103 0.000101 0.999079 0.000297 0.317118 0.945330 0.644163 0.114235 0.058824 0.172364
0.219448
0.168061 1.000000 0.997980 0.999265 0.552670 0.960469 0.998472 0.571219 0.082716 0.615776 0.235294 0.192169
0.329644
0.084950 1.000000 0.140417 0.000006 0.998413 0.000030 0.299404 0.921489 0.548862 0.015791 0.000000 0.069201
0.143469
0.328923 0.333333 0.960827 0.999369 0.554499 0.951677 0.873912 0.502473 0.073203 0.562993 0.352941 0.183076
0.496094
0.328970 0.333333 0.961074 0.999432 0.554594 0.954342 0.877408 0.504772 0.073272 0.563204 0.235294 0.181913
0.496094
0.328983 0.333333 0.961143 0.999522 0.554700 0.961916 0.876325 0.504614 0.073719 0.564813 0.235294 0.179456
0.496094
0.084788 1.000000 0.138737 0.000002 0.998385 0.000000 0.300114 0.921535 0.546357 0.015795 0.000000 0.069716
0.143469
0.084875 1.000000 0.139636 0.000006 0.998411 0.000017 0.299848 0.921508 0.547586 0.016237 0.117647 0.072218
0.143469
0.084779 1.000000 0.138643 0.000005 0.998400 0.000161 0.300141 0.921510 0.546162 0.016080 0.117647 0.070379
0.143469
0.168050 1.000000 0.997876 0.999266 0.552670 0.961034 0.996745 0.570361 0.083960 0.616094 0.352941 0.188667
0.329644
0.143022 0.333333 0.001715 0.000101 0.999066 0.000272 0.316261 0.944989 0.645480 0.114371 0.000000 0.177116
0.219448
0.143090 0.333333 0.002065 0.000102 0.999087 0.000310 0.316701 0.945330 0.646587 0.114194 0.058824 0.169906
0.219448
0.084818 1.000000 0.139045 0.000006 0.998419 0.000153 0.299975 0.921516 0.546907 0.016030 0.000000 0.070997
0.143469
0.329030 0.333333 0.961381 0.999527 0.554779 0.961204 0.874802 0.503721 0.074231 0.569232 0.352941 0.174747
0.496094
0.143722 0.333333 0.005326 0.000103 0.999092 0.000318 0.318722 0.947707 0.658533 0.129457 0.000000 0.180810
0.219448
0.143824 0.333333 0.005851 0.000102 0.999078 0.000331 0.318026 0.947531 0.661542 0.129589 0.058824 0.188461
0.219448
0.084818 1.000000 0.139042 0.000006 0.998411 0.000059 0.299941 0.921477 0.546841 0.015502 0.058824 0.071585
0.143469
0.329018 0.333333 0.961320 0.999418 0.554522 0.953383 0.877392 0.504819 0.073964 0.566426 0.294118 0.184635
0.496094
0.084959 1.000000 0.140507 0.000040 0.998401 0.000140 0.299477 0.921462 0.548610 0.015643 0.117647 0.070688
0.143469
0.084995 1.000000 0.140869 0.000006 0.998418 0.000072 0.299257 0.921478 0.549853 0.016270 0.058824 0.072468
0.143469
0.168049 1.000000 0.997867 0.999265 0.552660 0.961051 0.996636 0.570421 0.083603 0.615797 0.294118 0.183458
0.329644
0.168097 1.000000 0.998360 0.999135 0.552531 0.951533 0.998600 0.571320 0.083071 0.618768 0.294118 0.189270
0.329644
0.168069 1.000000 0.998069 0.999265 0.552710 0.960300 0.996870 0.570586 0.083667 0.619218 0.294118 0.192758
0.329644
0.328914 0.333333 0.960784 0.999386 0.554489 0.950095 0.877787 0.504560 0.073179 0.561128 0.294118 0.193523
0.496094
0.084699 1.000000 0.137825 0.000005 0.998414 0.000165 0.300450 0.921526 0.544838 0.015746 0.117647 0.069599
0.143469
0.143790 0.333333 0.005679 0.000105 0.999107 0.000798 0.318499 0.947816 0.661057 0.130893 0.176471 0.182384
0.219448
0.084700 1.000000 0.137833 0.000003 0.998390 0.000098 0.300342 0.921532 0.545079 0.015828 0.058824 0.069025
0.143469
0.084799 1.000000 0.138858 0.000001 0.998382 0.000144 0.299984 0.921439 0.546816 0.015931 0.058824 0.072924
0.143469
0.328968 0.333333 0.961064 0.999533 0.554623 0.961776 0.874622 0.503472 0.073111 0.564735 0.294118 0.171363
0.496094
0.168080 1.000000 0.998183 0.999267 0.552699 0.963397 0.996916 0.570556 0.084082 0.618859 0.235294 0.189815
0.329644
0.142989 0.333333 0.001549 0.000101 0.999079 0.000293 0.316399 0.945062 0.645074 0.115345 0.058824 0.175203
0.219448
0.084761 1.000000 0.138459 0.000004 0.998408 0.000161 0.300216 0.921529 0.545887 0.016146 0.176471 0.068848
0.143469
0.168081 1.000000 0.998197 0.999266 0.552671 0.960491 0.998653 0.571567 0.082796 0.614576 0.294118 0.181266
0.329644
0.168044 1.000000 0.997806 0.999266 0.552720 0.960406 0.996838 0.570472 0.084024 0.617518 0.235294 0.190492
0.329644
0.328925 0.333333 0.960838 0.999382 0.554574 0.952025 0.873959 0.502656 0.073849 0.564788 0.235294 0.191610
0.496094
0.085015 1.000000 0.141078 0.000006 0.998428 0.000047 0.299514 0.921545 0.549134 0.016063 0.058824 0.070555
0.143469
0.168030 1.000000 0.997661 0.999265 0.552713 0.959841 0.997420 0.570677 0.082885 0.616899 0.352941 0.191271
0.329644
0.084773 1.000000 0.138579 0.000004 0.998404 0.000140 0.299948 0.921449 0.546351 0.015779 0.176471 0.071732
0.143469
0.168083 1.000000 0.998219 0.999265 0.552703 0.961484 0.997379 0.570801 0.083881 0.617031 0.235294 0.185871
0.329644
0.084721 1.000000 0.138048 0.000005 0.998416 0.000170 0.300121 0.921457 0.545649 0.015189 0.058824 0.070055
0.143469
0.168103 1.000000 0.998419 0.999265 0.552691 0.961059 0.998021 0.571331 0.083619 0.618826 0.294118 0.187063
0.329644
0.329365 0.333333 0.963111 0.999438 0.554436 0.953052 0.878008 0.505297 0.073688 0.562985 0.294118 0.182767
0.496094
0.142902 0.333333 0.001097 0.000101 0.999079 0.000327 0.316427 0.945075 0.644576 0.114470 0.000000 0.171392
0.219448
0.142762 0.333333 0.000373 0.000100 0.999070 0.000267 0.317368 0.945072 0.641246 0.113823 0.058824 0.168523
0.219448
0.143656 0.333333 0.004991 0.000100 0.999070 0.000280 0.318781 0.947679 0.658003 0.127868 0.058824 0.183076
0.219448
0.328991 0.333333 0.961178 0.999451 0.554577 0.959061 0.874205 0.503021 0.073548 0.566232 0.352941 0.184665
0.496094
0.143677 0.333333 0.005095 0.000100 0.999076 0.000293 0.318649 0.947618 0.658848 0.130006 0.058824 0.184017
0.219448
0.328962 0.333333 0.961032 0.999523 0.554721 0.961280 0.875543 0.503815 0.072794 0.564231 0.235294 0.185400
0.496094
0.168077 1.000000 0.998154 0.999266 0.552721 0.961059 0.997052 0.570621 0.083724 0.616882 0.352941 0.188152
0.329644
0.084778 1.000000 0.138639 0.000002 0.998388 0.000144 0.299849 0.921403 0.546158 0.015539 0.000000 0.069761
0.143469
0.329363 0.333333 0.963098 0.999511 0.554672 0.959939 0.876800 0.504914 0.074336 0.566917 0.294118 0.184532
0.496094
0.143117 0.333333 0.002210 0.000101 0.999078 0.000310 0.316365 0.945083 0.646604 0.115737 0.117647 0.174733
0.219448
0.084832 1.000000 0.139185 0.000002 0.998392 0.000110 0.299953 0.921496 0.546938 0.016002 0.058824 0.070334
0.143469
0.168041 1.000000 0.997776 0.999266 0.552707 0.960885 0.997646 0.570987 0.083022 0.616866 0.411765 0.186784
0.329644
0.168048 1.000000 0.997857 0.999267 0.552710 0.961526 0.996164 0.570300 0.083837 0.620744 0.294118 0.185371
0.329644
0.168073 1.000000 0.998100 0.999265 0.552709 0.961233 0.998281 0.571241 0.082594 0.615100 0.352941 0.191477
0.329644
0.329406 0.333333 0.963320 0.999463 0.554523 0.955187 0.877545 0.505137 0.073561 0.565048 0.235294 0.178926
0.496094
0.168086 1.000000 0.998251 0.999265 0.552687 0.961912 0.997624 0.571039 0.083111 0.616329 0.235294 0.191404
0.329644
0.328842 0.333333 0.960411 0.999386 0.554459 0.953366 0.874878 0.503079 0.072950 0.560084 0.411765 0.194303
0.496094
0.167965 1.000000 0.996998 0.999089 0.552456 0.951037 0.997324 0.570280 0.082415 0.615504 0.235294 0.187372
0.329644
0.168026 1.000000 0.997631 0.999265 0.552711 0.960359 0.995480 0.569797 0.083734 0.619531 0.411765 0.185651
0.329644
0.168107 1.000000 0.998462 0.999244 0.552655 0.960355 0.997739 0.571275 0.084022 0.616899 0.352941 0.192463
0.329644
0.329245 0.333333 0.962490 0.999413 0.554493 0.952984 0.878313 0.505126 0.072622 0.562077 0.294118 0.190286
0.496094
0.143833 0.333333 0.005895 0.000102 0.999073 0.000335 0.317869 0.947687 0.660448 0.129321 0.058824 0.187254
0.219448
0.168028 1.000000 0.997653 0.999265 0.552680 0.960368 0.997804 0.571039 0.083266 0.614547 0.352941 0.180662
0.329644
0.168063 1.000000 0.998004 0.999265 0.552695 0.959931 0.997521 0.571041 0.083364 0.617196 0.235294 0.185033
0.329644
0.168070 1.000000 0.998072 0.999206 0.552588 0.956158 0.998245 0.571227 0.082998 0.615933 0.235294 0.188108
0.329644
0.142899 0.333333 0.001079 0.000101 0.999078 0.000314 0.316842 0.945139 0.643807 0.112510 0.000000 0.170583
0.219448
0.084843 1.000000 0.139313 0.000006 0.998419 0.000140 0.299696 0.921427 0.547080 0.015288 0.294118 0.070879
0.143469
0.168056 1.000000 0.997934 0.999266 0.552742 0.960279 0.996522 0.570417 0.083916 0.619886 0.411765 0.186313
0.329644
0.084840 1.000000 0.139281 0.000002 0.998387 0.000119 0.299874 0.921489 0.547321 0.015886 0.117647 0.070055
0.143469
0.328991 0.333333 0.961177 0.999511 0.554665 0.959404 0.876491 0.504570 0.073851 0.564182 0.294118 0.183090
0.496094
0.142934 0.333333 0.001264 0.000101 0.999074 0.000738 0.316587 0.945289 0.645551 0.115663 0.000000 0.176734
0.219448
0.084862 1.000000 0.139507 0.000001 0.998380 0.000149 0.299753 0.921489 0.547787 0.015511 0.000000 0.069599
0.143469
0.168047 1.000000 0.997840 0.999265 0.552689 0.960987 0.996419 0.570321 0.083312 0.619230 0.294118 0.182090
0.329644
0.168048 1.000000 0.997856 0.999266 0.552724 0.960949 0.996962 0.570489 0.083213 0.618409 0.352941 0.185871
0.329644
0.168058 1.000000 0.997960 0.999147 0.552489 0.952865 0.998537 0.571064 0.082239 0.616701 0.294118 0.194155
0.329644
0.168034 1.000000 0.997704 0.999265 0.552636 0.960363 0.997084 0.570544 0.083556 0.615401 0.235294 0.187093
0.329644
0.084782 1.000000 0.138688 0.000006 0.998407 0.000034 0.300062 0.921518 0.546501 0.016018 0.058824 0.070496
0.143469
0.328928 0.333333 0.960857 0.999448 0.554580 0.954936 0.876686 0.504592 0.073817 0.564149 0.235294 0.180030
0.496094
0.084642 1.000000 0.137237 0.000004 0.998408 0.000174 0.300472 0.921444 0.543926 0.015989 0.058824 0.070938
0.143469
0.143095 0.333333 0.002089 0.000101 0.999079 0.000738 0.315712 0.944818 0.646162 0.114479 0.058824 0.174070
0.219448
0.328942 0.333333 0.960927 0.999469 0.554644 0.957928 0.876541 0.504612 0.073890 0.565106 0.176471 0.176219
0.496094
0.085045 1.000000 0.141395 0.000004 0.998407 0.000174 0.299116 0.921459 0.550089 0.015812 0.058824 0.070364
0.143469
0.142972 0.333333 0.001458 0.000102 0.999089 0.001281 0.316089 0.944949 0.645069 0.114615 0.000000 0.177749
0.219448
0.084790 1.000000 0.138752 0.000006 0.998412 0.000051 0.299904 0.921416 0.545780 0.015692 0.117647 0.070555
0.143469
0.328919 0.333333 0.960813 0.999382 0.554401 0.951202 0.877569 0.504667 0.073168 0.561359 0.235294 0.182796
0.496094
0.168067 1.000000 0.998046 0.999265 0.552668 0.960062 0.995624 0.569788 0.083194 0.618718 0.294118 0.179441
0.329644
0.168047 1.000000 0.997846 0.999265 0.552683 0.960151 0.996491 0.570311 0.083948 0.618727 0.235294 0.187196
0.329644
0.328927 0.333333 0.960856 0.999456 0.554599 0.959570 0.873995 0.503012 0.073306 0.565952 0.235294 0.187946
0.496094
0.085088 1.000000 0.141839 0.000005 0.998413 0.000144 0.298839 0.921464 0.551282 0.015506 0.117647 0.069834
0.143469
0.168005 1.000000 0.997406 0.999266 0.552685 0.960105 0.997047 0.570439 0.082767 0.616201 0.235294 0.185503
0.329644
0.084849 1.000000 0.139371 0.000006 0.998413 0.000076 0.299898 0.921493 0.547254 0.016101 0.117647 0.071070
0.143469
0.143085 0.333333 0.002039 0.000102 0.999094 0.000339 0.316187 0.944955 0.646229 0.115003 0.000000 0.176881
0.219448
0.168066 1.000000 0.998036 0.999265 0.552679 0.961878 0.997357 0.570801 0.083529 0.617914 0.294118 0.188726
0.329644
0.142884 0.333333 0.001004 0.000101 0.999075 0.000301 0.316269 0.944857 0.643448 0.115230 0.058824 0.175983
0.219448
0.168041 1.000000 0.997780 0.999266 0.552667 0.960037 0.996981 0.570381 0.083412 0.615273 0.294118 0.188770
0.329644
0.328939 0.333333 0.960910 0.999397 0.554516 0.953748 0.877308 0.504667 0.073854 0.561830 0.235294 0.184753
0.496094
0.084904 1.000000 0.139927 0.000005 0.998410 0.000407 0.299649 0.921531 0.548437 0.015948 0.117647 0.070496
0.143469
0.084690 1.000000 0.137726 0.000002 0.998390 0.000017 0.300241 0.921432 0.544979 0.015271 0.176471 0.071144
0.143469
0.168071 1.000000 0.998090 0.999157 0.552586 0.953273 0.998652 0.570817 0.082320 0.616849 0.235294 0.198423
0.329644
0.143784 0.333333 0.005646 0.000102 0.999075 0.000331 0.318227 0.947812 0.660984 0.131640 0.117647 0.181589
0.219448
0.084861 1.000000 0.139491 0.000006 0.998412 0.000051 0.299947 0.921512 0.547144 0.016014 0.117647 0.070540
0.143469
0.084792 1.000000 0.138772 0.000001 0.998382 0.000119 0.300215 0.921481 0.545725 0.015539 0.117647 0.071041
0.143469
0.143004 0.333333 0.001621 0.000101 0.999088 0.000306 0.316642 0.945196 0.645076 0.114631 0.117647 0.172967
0.219448
0.328919 0.333333 0.960807 0.999490 0.554598 0.959273 0.876795 0.504547 0.073244 0.563422 0.294118 0.183208
0.496094
0.143502 0.333333 0.004186 0.000102 0.999084 0.000327 0.319066 0.947448 0.656022 0.127427 0.058824 0.181310
0.219448
0.168042 1.000000 0.997787 0.999254 0.552659 0.959290 0.994459 0.569198 0.083708 0.619647 0.294118 0.185592
0.329644
0.142901 0.333333 0.001097 0.000101 0.999083 0.000322 0.316584 0.945040 0.644124 0.113389 0.000000 0.173879
0.219448
0.328962 0.333333 0.961033 0.999412 0.554446 0.951359 0.877161 0.504603 0.073529 0.563171 0.235294 0.186651
0.496094
0.168062 1.000000 0.997994 0.999267 0.552727 0.961305 0.997738 0.571108 0.083134 0.617827 0.352941 0.192022
0.329644
0.168133 1.000000 0.998732 0.999267 0.552692 0.959969 0.998047 0.571349 0.083839 0.617967 0.235294 0.188593
0.329644
0.167996 1.000000 0.997318 0.999265 0.552675 0.961076 0.995904 0.569630 0.082981 0.621136 0.294118 0.188844
0.329644
0.328988 0.333333 0.961163 0.999532 0.554613 0.961017 0.875020 0.503820 0.073523 0.568098 0.294118 0.171289
0.496094
0.328950 0.333333 0.960969 0.999438 0.554595 0.954469 0.877244 0.504601 0.073652 0.562799 0.235294 0.190183
0.496094
0.084844 1.000000 0.139313 0.000001 0.998381 0.000132 0.299832 0.921480 0.547233 0.015820 0.058824 0.070732
0.143469
0.143340 0.333333 0.003355 0.000101 0.999073 0.000310 0.315683 0.945293 0.650499 0.114532 0.058824 0.170215
0.219448
0.328957 0.333333 0.961004 0.999416 0.554556 0.952454 0.877265 0.504682 0.073848 0.564025 0.176471 0.188417
0.496094
0.168121 1.000000 0.998602 0.999265 0.552648 0.959939 0.998018 0.571225 0.083145 0.615933 0.235294 0.190830
0.329644
0.084850 1.000000 0.139381 0.000004 0.998403 0.000182 0.299911 0.921475 0.547297 0.016509 0.058824 0.074160
0.143469
0.329408 0.333333 0.963334 0.999467 0.554612 0.956303 0.877257 0.505189 0.074151 0.568865 0.352941 0.178220
0.496094
0.329395 0.333333 0.963263 0.999379 0.554376 0.952327 0.878138 0.505243 0.073874 0.564578 0.235294 0.186533
0.496094
0.084845 1.000000 0.139328 0.000005 0.998410 0.000042 0.299741 0.921423 0.546664 0.015494 0.058824 0.070629
0.143469
0.329439 0.333333 0.963490 0.999379 0.554510 0.949882 0.878463 0.505580 0.073360 0.564433 0.176471 0.181251
0.496094
0.168014 1.000000 0.997497 0.999150 0.552482 0.951614 0.996495 0.569752 0.083959 0.617299 0.235294 0.193199
0.329644
0.084890 1.000000 0.139800 0.000004 0.998409 0.000123 0.299444 0.921419 0.548047 0.015729 0.000000 0.071673
0.143469
0.143637 0.333333 0.004892 0.000103 0.999087 0.000327 0.318373 0.947531 0.658128 0.128656 0.117647 0.187093
0.219448
0.328912 0.333333 0.960773 0.999370 0.554423 0.950697 0.873548 0.502509 0.072796 0.565395 0.176471 0.176660
0.496094
0.084989 1.000000 0.140824 0.000004 0.998403 0.000059 0.299156 0.921461 0.549627 0.015832 0.058824 0.069555
0.143469
0.328962 0.333333 0.961032 0.999500 0.554687 0.958602 0.876339 0.504475 0.074012 0.563703 0.176471 0.177955
0.496094
0.328908 0.333333 0.960754 0.999453 0.554567 0.959540 0.874984 0.503459 0.073164 0.563047 0.411765 0.186666
0.496094
0.143128 0.333333 0.002258 0.000102 0.999083 0.000344 0.315951 0.945108 0.647621 0.115065 0.000000 0.173482
0.219448
0.168099 1.000000 0.998374 0.999165 0.552534 0.953566 0.997307 0.570803 0.084206 0.622535 0.352941 0.190595
0.329644
0.084833 1.000000 0.139199 0.000006 0.998410 0.000042 0.299986 0.921492 0.546826 0.016150 0.176471 0.072748
0.143469
0.084921 1.000000 0.140110 0.000038 0.998398 0.000165 0.299711 0.921518 0.548255 0.016080 0.058824 0.071364
0.143469
0.328978 0.333333 0.961113 0.999449 0.554618 0.958526 0.874198 0.503147 0.073669 0.566534 0.235294 0.183473
0.496094
0.168049 1.000000 0.997865 0.999266 0.552677 0.960465 0.998446 0.571382 0.082512 0.612706 0.294118 0.183591
0.329644
0.168082 1.000000 0.998203 0.999265 0.552733 0.961887 0.998014 0.571321 0.082896 0.614621 0.294118 0.183237
0.329644
0.143659 0.333333 0.005005 0.000103 0.999101 0.000314 0.318589 0.947658 0.659011 0.130501 0.117647 0.186945
0.219448
0.329321 0.333333 0.962885 0.999504 0.554575 0.959073 0.876911 0.504844 0.074591 0.565898 0.352941 0.181192
0.496094
0.328956 0.333333 0.960999 0.999473 0.554532 0.958738 0.876988 0.504644 0.073469 0.563427 0.235294 0.183458
0.496094
0.168250 1.000000 0.999932 0.999264 0.552651 0.962638 0.999555 0.573987 0.079436 0.608766 0.294118 0.181751
0.329644
0.411185 0.333333 0.964970 0.999573 0.555815 0.957554 0.843843 0.491182 0.089142 0.625130 0.176471 0.208193
0.496094
0.328954 0.333333 0.960987 0.999387 0.554518 0.950807 0.877507 0.504719 0.073046 0.563237 0.235294 0.187254
0.496094
0.084733 1.000000 0.138159 0.000004 0.998405 0.000165 0.300097 0.921456 0.545764 0.015849 0.058824 0.070629
0.143469
0.328983 0.333333 0.961141 0.999442 0.554594 0.957537 0.877155 0.504554 0.073863 0.564400 0.294118 0.191816
0.496094
0.143058 0.333333 0.001900 0.000100 0.999067 0.001137 0.315974 0.945068 0.645933 0.115473 0.058824 0.174762
0.219448
0.168117 1.000000 0.998562 0.999267 0.552695 0.960716 0.997899 0.571228 0.083295 0.618896 0.294118 0.191772
0.329644
0.084710 1.000000 0.137935 0.000003 0.998396 0.000132 0.300379 0.921491 0.545029 0.015911 0.058824 0.071835
0.143469
0.143154 0.333333 0.002399 0.000101 0.999083 0.000310 0.315735 0.944866 0.646241 0.114623 0.058824 0.174836
0.219448
0.143736 0.333333 0.005403 0.000100 0.999079 0.000314 0.318558 0.947637 0.658993 0.129845 0.000000 0.176984
0.219448
0.084934 1.000000 0.140247 0.000006 0.998418 0.000042 0.299693 0.921494 0.548108 0.015738 0.117647 0.069702
0.143469
0.329407 0.333333 0.963327 0.999425 0.554460 0.951469 0.877871 0.505374 0.073511 0.565341 0.352941 0.182399
0.496094
0.328975 0.333333 0.961101 0.999452 0.554595 0.955157 0.877334 0.504715 0.073575 0.562486 0.235294 0.186769
0.496094
0.168140 1.000000 0.998802 0.999266 0.552719 0.960376 0.998608 0.571684 0.083111 0.618652 0.235294 0.195068
0.329644
0.168106 1.000000 0.998454 0.999265 0.552680 0.961564 0.998159 0.570973 0.083039 0.615207 0.294118 0.190035
0.329644
0.142950 0.333333 0.001346 0.000100 0.999081 0.000276 0.316465 0.945119 0.645135 0.113794 0.117647 0.176351
0.219448
0.084930 1.000000 0.140200 0.000006 0.998415 0.000034 0.299662 0.921545 0.548553 0.015729 0.058824 0.069864
0.143469
0.328852 0.333333 0.960465 0.999349 0.554431 0.950167 0.874833 0.503092 0.073214 0.564252 0.294118 0.196907
0.496094
0.168009 1.000000 0.997440 0.999090 0.552431 0.949165 0.998272 0.570983 0.082687 0.615331 0.352941 0.183252
0.329644
0.168070 1.000000 0.998074 0.999257 0.552636 0.958972 0.996062 0.569844 0.084179 0.619020 0.235294 0.190286
0.329644
0.168042 1.000000 0.997793 0.999116 0.552529 0.950943 0.998121 0.571022 0.083095 0.618190 0.294118 0.192522
0.329644
0.142922 0.333333 0.001202 0.000101 0.999077 0.000314 0.316413 0.944982 0.643999 0.114974 0.058824 0.175512
0.219448
0.328896 0.333333 0.960691 0.999452 0.554574 0.958000 0.875193 0.503725 0.073458 0.562362 0.294118 0.189785
0.496094
0.143733 0.333333 0.005381 0.000104 0.999104 0.000293 0.318471 0.947699 0.659327 0.130088 0.117647 0.186975
0.219448
0.329476 0.333333 0.963681 0.999386 0.554501 0.950409 0.878412 0.505538 0.073439 0.564764 0.294118 0.185356
0.496094
0.084847 1.000000 0.139339 0.000004 0.998404 0.000123 0.299871 0.921489 0.547324 0.015824 0.117647 0.071541
0.143469
0.142801 0.333333 0.000576 0.000101 0.999072 0.000284 0.317077 0.945048 0.641683 0.113641 0.117647 0.170171
0.219448
0.329437 0.333333 0.963484 0.999443 0.554570 0.956659 0.877918 0.505527 0.073647 0.563460 0.352941 0.181943
0.496094
0.168014 1.000000 0.997492 0.999263 0.552703 0.960890 0.995320 0.569352 0.083739 0.617468 0.294118 0.185430
0.329644
0.168036 1.000000 0.997721 0.999266 0.552709 0.960546 0.997271 0.570677 0.083010 0.618293 0.411765 0.188358
0.329644
0.143907 0.333333 0.006280 0.000104 0.999083 0.000331 0.318282 0.948006 0.662863 0.132019 0.058824 0.185312
0.219448
0.143796 0.333333 0.005710 0.000103 0.999097 0.000348 0.318448 0.947830 0.660773 0.131239 0.058824 0.186386
0.219448
0.168056 1.000000 0.997930 0.999202 0.552616 0.955658 0.997829 0.571006 0.083271 0.618153 0.235294 0.196598
0.329644
0.084881 1.000000 0.139699 0.000004 0.998396 0.000123 0.299725 0.921443 0.547327 0.015993 0.000000 0.070379
0.143469
0.084903 1.000000 0.139930 0.000005 0.998411 0.000047 0.299649 0.921535 0.548346 0.015754 0.058824 0.069378
0.143469
0.329379 0.333333 0.963181 0.999472 0.554646 0.956328 0.877316 0.505232 0.074239 0.566678 0.294118 0.177278
0.496094
0.084883 1.000000 0.139719 0.000002 0.998391 0.000123 0.299689 0.921482 0.547766 0.016158 0.117647 0.070658
0.143469
0.168007 1.000000 0.997422 0.999265 0.552716 0.961178 0.996619 0.570175 0.083772 0.615574 0.294118 0.188726
0.329644
0.084849 1.000000 0.139364 0.000002 0.998395 0.000127 0.299724 0.921445 0.547124 0.015535 0.058824 0.070114
0.143469
0.084849 1.000000 0.139367 0.000004 0.998400 0.000170 0.299912 0.921544 0.547103 0.016480 0.117647 0.070555
0.143469
0.143077 0.333333 0.002001 0.000101 0.999085 0.000293 0.316447 0.945078 0.645883 0.113942 0.235294 0.171819
0.219448
0.143212 0.333333 0.002696 0.000101 0.999075 0.000594 0.315923 0.945139 0.647753 0.115956 0.058824 0.176793
0.219448
0.328983 0.333333 0.961136 0.999446 0.554591 0.954923 0.877426 0.504587 0.073456 0.564256 0.117647 0.195480
0.496094
0.143510 0.333333 0.004232 0.000102 0.999078 0.000356 0.319084 0.947594 0.655950 0.128805 0.058824 0.187961
0.219448
0.329448 0.333333 0.963541 0.999456 0.554593 0.955522 0.877743 0.505169 0.074382 0.565816 0.352941 0.188741
0.496094
0.084988 1.000000 0.140807 0.000005 0.998410 0.000047 0.299371 0.921551 0.549741 0.016068 0.117647 0.070158
0.143469
0.168050 1.000000 0.997872 0.999141 0.552492 0.952488 0.998538 0.570986 0.083135 0.614761 0.294118 0.187578
0.329644
0.328977 0.333333 0.961105 0.999366 0.554453 0.950141 0.877858 0.504980 0.073062 0.563183 0.294118 0.176822
0.496094
0.168035 1.000000 0.997710 0.999212 0.552599 0.956816 0.997701 0.571038 0.083505 0.616016 0.352941 0.193891
0.329644
0.084740 1.000000 0.138249 0.000037 0.998391 0.000055 0.300244 0.921536 0.545672 0.015993 0.058824 0.070025
0.143469
0.329389 0.333333 0.963235 0.999401 0.554514 0.950791 0.878151 0.505143 0.073806 0.564310 0.235294 0.191551
0.496094
