604 11 1
0.035623 1.000000 0.000000 0.000000 0.000000 0.000000 0.000000 0.000000 1.000000 0.000000 0.508685
0.285073
0.142493 1.000000 0.351272 0.999873 0.092337 0.061268 0.074046 0.027062 0.749999 0.057402 0.381513
0.285073
0.142500 1.000000 0.351298 0.999874 0.095021 0.287383 0.116092 0.072388 0.000000 0.069653 0.095378
0.285073
0.142495 1.000000 0.351279 0.999875 0.096094 0.105990 0.074084 0.028287 0.124999 0.055010 0.190756
0.285073
0.142499 1.000000 0.351292 0.999875 0.095558 0.288612 0.115933 0.073012 0.062500 0.069637 0.127171
0.285073
0.142494 1.000000 0.351278 0.999875 0.096631 0.102074 0.074150 0.028886 0.124999 0.057598 0.317926
0.285073
0.142502 1.000000 0.351302 0.999875 0.096631 0.289959 0.115786 0.072415 0.000000 0.069674 0.190755
0.285073
0.142495 1.000000 0.351282 0.999875 0.096631 0.104266 0.074018 0.027730 0.187499 0.053633 0.222548
0.285073
0.142500 1.000000 0.351300 0.999875 0.096631 0.291876 0.115880 0.071237 0.187499 0.069177 0.158963
0.285073
0.142494 1.000000 0.351278 0.999875 0.096631 0.100265 0.074009 0.027475 0.124999 0.054263 0.254341
0.285073
0.142501 1.000000 0.351302 0.999875 0.096631 0.288252 0.115784 0.072490 0.062500 0.069574 0.158963
0.285073
0.142493 1.000000 0.351279 0.999875 0.096631 0.100675 0.074029 0.027943 0.124999 0.055048 0.317926
0.285073
0.142501 1.000000 0.351302 0.999875 0.096631 0.290098 0.115939 0.071399 0.000000 0.069595 0.222548
0.285073
0.142496 1.000000 0.351283 0.999875 0.096631 0.104165 0.074119 0.028704 0.124999 0.056839 0.158963
0.285073
0.142500 1.000000 0.351297 0.999875 0.096631 0.290406 0.115442 0.072625 0.062500 0.069348 0.222548
0.285073
0.142496 1.000000 0.351282 0.999875 0.096631 0.106293 0.074227 0.029695 0.124999 0.059481 0.222548
0.285073
0.142501 1.000000 0.351304 0.999875 0.096631 0.290053 0.115623 0.073116 0.000000 0.069649 0.222548
0.285073
0.142495 1.000000 0.351281 0.999875 0.096631 0.102109 0.074223 0.029515 0.124999 0.059197 0.190755
0.285073
0.142502 1.000000 0.351304 0.999875 0.096631 0.290031 0.116209 0.071310 0.187499 0.069695 0.158963
0.285073
0.142495 1.000000 0.351279 0.999875 0.096631 0.102130 0.074075 0.028285 0.062500 0.055240 0.222548
0.285073
0.142502 1.000000 0.351305 0.999875 0.096631 0.290615 0.116109 0.072433 0.062500 0.070075 0.095378
0.285073
0.142496 1.000000 0.351279 0.999875 0.096631 0.103428 0.073929 0.027202 0.062500 0.052301 0.127170
0.285073
0.142501 1.000000 0.351300 0.999875 0.096631 0.290692 0.116216 0.071875 0.062500 0.069995 0.158963
0.285073
0.142497 1.000000 0.351284 0.999875 0.096631 0.104442 0.074078 0.028931 0.249998 0.056818 0.222548
0.285073
0.142501 1.000000 0.351302 0.999875 0.096631 0.291810 0.115339 0.073806 0.062500 0.069716 0.190755
0.285073
0.142495 1.000000 0.351280 0.999875 0.096631 0.099073 0.074029 0.027787 0.124999 0.055044 0.222548
0.285073
0.142502 1.000000 0.351303 0.999875 0.096631 0.289011 0.116449 0.070518 0.000000 0.069641 0.190755
0.285073
0.142496 1.000000 0.351284 0.999875 0.096631 0.102001 0.073930 0.027557 0.187499 0.053808 0.190755
0.285073
0.142502 1.000000 0.351307 0.999875 0.096631 0.291278 0.115979 0.072427 0.000000 0.069340 0.286133
0.285073
0.142495 1.000000 0.351279 0.999875 0.096631 0.101030 0.074065 0.028779 0.062500 0.057244 0.127170
0.285073
0.142499 1.000000 0.351294 0.999875 0.096631 0.288540 0.115948 0.071429 0.187499 0.069490 0.095378
0.285073
0.142496 1.000000 0.351280 0.999875 0.096631 0.104668 0.074141 0.029153 0.062500 0.057410 0.158963
0.285073
0.142501 1.000000 0.351302 0.999875 0.096631 0.291068 0.115413 0.073713 0.000000 0.069720 0.222548
0.285073
0.142496 1.000000 0.351283 0.999875 0.096631 0.103486 0.074084 0.028449 0.062500 0.055933 0.190755
0.285073
0.142502 1.000000 0.351306 0.999875 0.096631 0.290153 0.115574 0.073461 0.124999 0.069645 0.158963
0.285073
0.142495 1.000000 0.351277 0.999875 0.096631 0.100486 0.074141 0.029303 0.187499 0.058688 0.190755
0.285073
0.142501 1.000000 0.351302 0.999875 0.096631 0.290122 0.116081 0.070302 0.124999 0.069641 0.222548
0.285073
0.142495 1.000000 0.351282 0.999875 0.096631 0.102606 0.074213 0.029512 0.062500 0.059097 0.254341
0.285073
0.142500 1.000000 0.351301 0.999875 0.096631 0.288563 0.115730 0.072679 0.000000 0.069219 0.222548
0.285073
0.142495 1.000000 0.351278 0.999875 0.096631 0.101578 0.074006 0.027479 0.124999 0.053562 0.254341
0.285073
0.142499 1.000000 0.351299 0.999875 0.096631 0.288833 0.115811 0.072308 0.187499 0.069520 0.095378
0.285073
0.142496 1.000000 0.351281 0.999875 0.096631 0.101557 0.073925 0.027053 0.000000 0.052210 0.222548
0.285073
0.142498 1.000000 0.351296 0.999875 0.096631 0.289408 0.115712 0.073122 0.124999 0.069215 0.190755
0.285073
0.142495 1.000000 0.351275 0.999875 0.096631 0.104110 0.074163 0.029404 0.062500 0.058066 0.222548
0.285073
0.142503 1.000000 0.351306 0.999875 0.096631 0.287869 0.116072 0.071712 0.124999 0.069553 0.222548
0.285073
0.142494 1.000000 0.351281 0.999875 0.096631 0.100126 0.074069 0.028099 0.062500 0.055495 0.254341
0.285073
0.142501 1.000000 0.351298 0.999875 0.096631 0.289102 0.116066 0.071987 0.062500 0.069232 0.254341
0.285073
0.142495 1.000000 0.351279 0.999875 0.096631 0.103160 0.074045 0.028234 0.187499 0.055687 0.190755
0.285073
0.142502 1.000000 0.351305 0.999875 0.096631 0.289710 0.115527 0.073791 0.000000 0.069837 0.254341
0.285073
0.142493 1.000000 0.351276 0.999875 0.096631 0.102626 0.074056 0.028874 0.249998 0.056509 0.254341
0.285073
0.142500 1.000000 0.351299 0.999875 0.096631 0.290021 0.115708 0.072853 0.062500 0.069666 0.222548
0.285073
0.142495 1.000000 0.351277 0.999875 0.096631 0.101274 0.074094 0.028682 0.187499 0.057214 0.158963
0.285073
0.142502 1.000000 0.351301 0.999875 0.096631 0.290670 0.116177 0.071441 0.187499 0.069494 0.190755
0.285073
0.142496 1.000000 0.351283 0.999875 0.096631 0.101999 0.074127 0.028821 0.124999 0.057436 0.317926
0.285073
0.142498 1.000000 0.351291 0.999875 0.096094 0.287976 0.115727 0.073071 0.124999 0.069549 0.254341
0.285073
0.142495 1.000000 0.351281 0.999874 0.094484 0.100470 0.073904 0.026217 0.125000 0.050402 0.222549
0.285073
0.142503 1.000000 0.351305 0.999874 0.094484 0.287668 0.115873 0.072034 0.062500 0.069269 0.190756
0.285073
0.142494 1.000000 0.351277 0.999874 0.094484 0.101431 0.074085 0.028002 0.062500 0.055365 0.222549
0.285073
0.142501 1.000000 0.351298 0.999874 0.094484 0.287716 0.115902 0.073164 0.062500 0.069632 0.158964
0.285073
0.142493 1.000000 0.351282 0.999874 0.094484 0.100734 0.073987 0.027865 0.249999 0.054764 0.254342
0.285073
0.142500 1.000000 0.351298 0.999874 0.094484 0.287843 0.116180 0.071732 0.062500 0.069319 0.254342
0.285073
0.142493 1.000000 0.351274 0.999874 0.094484 0.102406 0.074143 0.028917 0.062500 0.057987 0.158964
0.285073
0.142498 1.000000 0.351294 0.999874 0.094484 0.285713 0.116148 0.071866 0.187499 0.069457 0.095378
0.285073
0.142492 1.000000 0.351274 0.999874 0.094484 0.101696 0.074231 0.029738 0.125000 0.060040 0.222549
0.285073
0.142499 1.000000 0.351295 0.999874 0.094484 0.291137 0.116035 0.072619 0.000000 0.069541 0.222549
0.285073
0.142495 1.000000 0.351282 0.999874 0.094484 0.103884 0.074238 0.029979 0.187499 0.059740 0.095378
0.285073
0.142498 1.000000 0.351295 0.999874 0.094484 0.290142 0.115586 0.072705 0.187499 0.069065 0.190756
0.285073
0.142496 1.000000 0.351285 0.999874 0.094484 0.100970 0.074023 0.027901 0.125000 0.054877 0.158964
0.285073
0.142500 1.000000 0.351300 0.999874 0.094484 0.288440 0.115847 0.071863 0.125000 0.069921 0.222549
0.285073
0.142493 1.000000 0.351275 0.999874 0.094484 0.101690 0.073957 0.027634 0.062500 0.053566 0.222549
0.285073
0.142499 1.000000 0.351299 0.999874 0.094484 0.289117 0.115703 0.072052 0.062500 0.069749 0.127171
0.285073
0.142495 1.000000 0.351282 0.999874 0.094484 0.100868 0.074003 0.027670 0.187499 0.054138 0.349720
0.285073
0.142497 1.000000 0.351291 0.999874 0.094484 0.293011 0.115942 0.072610 0.125000 0.069595 0.063585
0.285073
0.142494 1.000000 0.351280 0.999874 0.094484 0.104252 0.073882 0.026770 0.062500 0.051204 0.190756
0.285073
0.142499 1.000000 0.351293 0.999874 0.094484 0.289914 0.116068 0.072990 0.125000 0.070138 0.190756
0.285073
0.142494 1.000000 0.351279 0.999874 0.094484 0.104361 0.074062 0.028391 0.312499 0.054994 0.190756
0.285073
0.142501 1.000000 0.351302 0.999874 0.094484 0.288858 0.115754 0.072819 0.062500 0.069582 0.127171
0.285073
0.142493 1.000000 0.351280 0.999874 0.094484 0.100879 0.073843 0.025758 0.062500 0.048566 0.190756
0.285073
0.142498 1.000000 0.351293 0.999874 0.094484 0.290174 0.115717 0.073110 0.125000 0.069662 0.286134
0.285073
0.142495 1.000000 0.351277 0.999874 0.094484 0.099939 0.074096 0.028628 0.125000 0.056856 0.190756
0.285073
0.142501 1.000000 0.351302 0.999874 0.094484 0.292512 0.115899 0.072639 0.062500 0.069733 0.222549
0.285073
0.142495 1.000000 0.351277 0.999875 0.095558 0.102224 0.073968 0.027490 0.187499 0.053358 0.127171
0.285073
0.142500 1.000000 0.351301 0.999875 0.096094 0.290805 0.115771 0.072424 0.124999 0.069649 0.095378
0.285073
0.142498 1.000000 0.351285 0.999875 0.096631 0.099146 0.074052 0.027733 0.187499 0.054827 0.095378
0.285073
0.142500 1.000000 0.351295 0.999875 0.096631 0.290714 0.116085 0.071721 0.062500 0.069415 0.095378
0.285073
0.142495 1.000000 0.351279 0.999875 0.096631 0.101832 0.074016 0.027892 0.062500 0.054530 0.222548
0.285073
0.142501 1.000000 0.351302 0.999875 0.096631 0.291193 0.115889 0.072720 0.062500 0.069507 0.190755
0.285073
0.142495 1.000000 0.351281 0.999875 0.096631 0.103437 0.073998 0.027406 0.187499 0.052915 0.286133
0.285073
0.142498 1.000000 0.351294 0.999875 0.096631 0.291103 0.115713 0.073044 0.124999 0.069532 0.158963
0.285073
0.142496 1.000000 0.351282 0.999875 0.096631 0.101404 0.074030 0.028386 0.062500 0.055870 0.317926
0.285073
0.142502 1.000000 0.351308 0.999875 0.096631 0.290022 0.115882 0.073000 0.062500 0.069570 0.222548
0.285073
0.142495 1.000000 0.351282 0.999875 0.096631 0.099745 0.074020 0.027688 0.124999 0.054518 0.222548
0.285073
0.142501 1.000000 0.351303 0.999875 0.096631 0.289312 0.115297 0.074503 0.312498 0.069398 0.127170
0.285073
0.142498 1.000000 0.351285 0.999875 0.096631 0.105307 0.074179 0.029570 0.249998 0.059088 0.222548
0.285073
0.142499 1.000000 0.351294 0.999875 0.096631 0.293432 0.115209 0.073851 0.124999 0.069328 0.158963
0.285073
0.142496 1.000000 0.351281 0.999875 0.096631 0.102819 0.073929 0.026591 0.124999 0.050703 0.190755
0.285073
0.142501 1.000000 0.351299 0.999875 0.096631 0.291508 0.116101 0.071592 0.062500 0.069148 0.286133
0.285073
0.142495 1.000000 0.351280 0.999875 0.096631 0.103044 0.073906 0.026471 0.187499 0.049839 0.254341
0.285073
0.142501 1.000000 0.351303 0.999875 0.096631 0.290872 0.116096 0.072702 0.187499 0.069419 0.158963
0.285073
0.142496 1.000000 0.351283 0.999875 0.096631 0.102463 0.073988 0.027518 0.187499 0.053403 0.190755
0.285073
0.142500 1.000000 0.351296 0.999875 0.096631 0.290510 0.115992 0.071423 0.187499 0.069933 0.158963
0.285073
0.142497 1.000000 0.351288 0.999875 0.096631 0.101746 0.074076 0.028332 0.000000 0.055770 0.254341
0.285073
0.142501 1.000000 0.351304 0.999875 0.096631 0.289254 0.115678 0.072664 0.062500 0.069424 0.158963
0.285073
0.142495 1.000000 0.351282 0.999875 0.096631 0.102741 0.074020 0.028050 0.124999 0.054263 0.158963
0.285073
0.142500 1.000000 0.351298 0.999875 0.096631 0.289815 0.115889 0.072756 0.062500 0.069853 0.158963
0.285073
0.142497 1.000000 0.351287 0.999875 0.096631 0.102785 0.074215 0.029272 0.187499 0.058479 0.158963
0.285073
0.142501 1.000000 0.351301 0.999875 0.096631 0.289551 0.115802 0.072651 0.062500 0.069891 0.127170
0.285073
0.142494 1.000000 0.351278 0.999875 0.096631 0.101546 0.074202 0.028959 0.062500 0.057865 0.286133
0.285073
0.142502 1.000000 0.351302 0.999875 0.096631 0.288005 0.115870 0.072157 0.000000 0.069561 0.190755
0.285073
0.142496 1.000000 0.351284 0.999875 0.096631 0.103504 0.074010 0.028363 0.249998 0.055670 0.063585
0.285073
0.142502 1.000000 0.351306 0.999875 0.096631 0.290232 0.116076 0.072125 0.187499 0.069603 0.127170
0.285073
0.142497 1.000000 0.351283 0.999875 0.096631 0.101637 0.073942 0.026960 0.124999 0.051617 0.222548
0.285073
0.142502 1.000000 0.351308 0.999875 0.096631 0.291029 0.115797 0.073105 0.187499 0.069261 0.222548
0.285073
0.142495 1.000000 0.351280 0.999875 0.096631 0.102160 0.074127 0.028950 0.000000 0.057698 0.127170
0.285073
0.142503 1.000000 0.351307 0.999875 0.096631 0.292179 0.115923 0.072343 0.000000 0.069586 0.222548
0.285073
0.142494 1.000000 0.351279 0.999875 0.096631 0.103964 0.074014 0.028146 0.062500 0.054305 0.254341
0.285073
0.142501 1.000000 0.351302 0.999875 0.096631 0.291399 0.115620 0.072795 0.124999 0.069720 0.095378
0.285073
0.142494 1.000000 0.351278 0.999875 0.096631 0.101763 0.074117 0.028775 0.374997 0.057056 0.190755
0.285073
0.142501 1.000000 0.351304 0.999875 0.096631 0.288766 0.115755 0.073069 0.124999 0.069766 0.127170
0.285073
0.142494 1.000000 0.351277 0.999875 0.096631 0.099983 0.074026 0.027994 0.000000 0.055783 0.158963
0.285073
0.142500 1.000000 0.351297 0.999875 0.096631 0.287415 0.116171 0.071645 0.000000 0.069870 0.222548
0.285073
0.142496 1.000000 0.351281 0.999875 0.096631 0.101753 0.074078 0.027730 0.124999 0.054785 0.222548
0.285073
0.142499 1.000000 0.351297 0.999875 0.096631 0.286958 0.115735 0.072413 0.062500 0.069732 0.127170
0.285073
0.142495 1.000000 0.351279 0.999875 0.096631 0.099930 0.074082 0.028484 0.187499 0.056789 0.127170
0.285073
0.142501 1.000000 0.351306 0.999925 0.096631 0.291928 0.115543 0.073088 0.124997 0.069627 0.127168
0.285073
0.142496 1.000000 0.351283 0.999875 0.096631 0.096961 0.073967 0.027098 0.187499 0.053328 0.190755
0.285073
0.142504 1.000000 0.351307 0.999875 0.096631 0.290450 0.116268 0.071438 0.124999 0.069666 0.190755
0.285073
0.142496 1.000000 0.351282 0.999875 0.096631 0.103538 0.074332 0.030519 0.062500 0.061935 0.222548
0.285073
0.142500 1.000000 0.351298 0.999875 0.096631 0.292124 0.115744 0.072568 0.187499 0.069741 0.127170
0.285073
0.142495 1.000000 0.351279 0.999875 0.096631 0.102997 0.074038 0.027853 0.062500 0.054526 0.349718
0.285073
0.142501 1.000000 0.351301 0.999875 0.096631 0.287814 0.115987 0.071888 0.000000 0.069440 0.127170
0.285073
0.142496 1.000000 0.351279 0.999874 0.096631 0.103115 0.074063 0.028306 0.187499 0.055966 0.222548
0.285073
0.142500 1.000000 0.351302 0.999874 0.096094 0.290287 0.115948 0.071339 0.124999 0.069436 0.095378
0.285073
0.142495 1.000000 0.351280 0.999873 0.095558 0.102466 0.073878 0.026487 0.187499 0.050553 0.127171
0.285073
0.142498 1.000000 0.351292 0.999873 0.095558 0.294748 0.115562 0.073871 0.000000 0.070025 0.254341
0.285073
0.142496 1.000000 0.351285 0.999873 0.094484 0.102905 0.074075 0.028161 0.125000 0.055499 0.286134
0.285073
0.142500 1.000000 0.351301 0.999873 0.094484 0.290547 0.116121 0.072309 0.062500 0.069319 0.127171
0.285073
0.142493 1.000000 0.351282 0.999873 0.094484 0.102592 0.074214 0.029251 0.000000 0.058855 0.158964
0.285073
0.142500 1.000000 0.351299 0.999873 0.094484 0.289409 0.115823 0.073991 0.125000 0.069403 0.127171
0.285073
0.142494 1.000000 0.351280 0.999873 0.094484 0.102439 0.074125 0.028626 0.062500 0.056872 0.190756
0.285073
0.142500 1.000000 0.351297 0.999873 0.094484 0.291296 0.115664 0.073265 0.062500 0.069578 0.190756
0.285073
0.142494 1.000000 0.351279 0.999873 0.094484 0.104981 0.074152 0.029237 0.125000 0.058087 0.317927
0.285073
0.142500 1.000000 0.351297 0.999873 0.094484 0.288832 0.116442 0.070857 0.062500 0.069378 0.127171
0.285073
0.142494 1.000000 0.351280 0.999873 0.094484 0.103706 0.074040 0.028129 0.125000 0.055232 0.254342
0.285073
0.142502 1.000000 0.351302 0.999873 0.094484 0.287808 0.115578 0.073358 0.062500 0.069637 0.222549
0.285073
0.142493 1.000000 0.351277 0.999873 0.094484 0.104261 0.074114 0.028863 0.187499 0.056709 0.286134
0.285073
0.142502 1.000000 0.351304 0.999873 0.094484 0.285386 0.116253 0.072516 0.125000 0.069712 0.095378
0.285073
0.142495 1.000000 0.351276 0.999873 0.094484 0.102302 0.073926 0.026583 0.125000 0.051166 0.286134
0.285073
0.142499 1.000000 0.351297 0.999873 0.094484 0.290743 0.115794 0.072357 0.062500 0.069395 0.158964
0.285073
0.142496 1.000000 0.351284 0.999873 0.094484 0.101538 0.073988 0.027248 0.000000 0.052669 0.222549
0.285073
0.142499 1.000000 0.351297 0.999873 0.094484 0.290586 0.116124 0.071003 0.125000 0.070313 0.095378
0.285073
0.226823 1.000000 0.351357 0.999907 0.157294 0.335298 0.120549 0.046990 0.249975 0.070256 0.222528
0.285073
0.285071 0.333333 0.351414 0.999932 0.202926 0.623113 0.179796 0.103941 0.062490 0.075814 0.063575
0.426935
0.285075 0.333333 0.351418 0.999932 0.203999 0.665120 0.188843 0.106423 0.062489 0.071140 0.000000
0.426935
0.285070 0.333333 0.351412 0.999931 0.202389 0.623598 0.179819 0.105521 0.124979 0.075547 0.095363
0.426935
0.285072 0.333333 0.351412 0.999931 0.201852 0.664029 0.189190 0.103975 0.062490 0.070635 0.254300
0.426935
0.285071 0.333333 0.351412 0.999931 0.201852 0.622412 0.179621 0.106728 0.124979 0.075923 0.095363
0.426935
0.285073 0.333333 0.351416 0.999931 0.201852 0.663955 0.189392 0.102626 0.000000 0.070944 0.095363
0.426935
0.285073 0.333333 0.351413 0.999931 0.201852 0.623688 0.179639 0.108038 0.124979 0.075209 0.158938
0.426935
0.285080 0.333333 0.351425 0.999932 0.203999 0.665101 0.188780 0.103735 0.124979 0.071153 0.095362
0.426935
0.285078 0.333333 0.351422 0.999932 0.203999 0.624477 0.179841 0.105924 0.124979 0.075460 0.063575
0.426935
0.285076 0.333333 0.351420 0.999931 0.201852 0.665057 0.188970 0.105530 0.062490 0.070907 0.031788
0.426935
0.285076 0.333333 0.351419 0.999931 0.201852 0.623615 0.179790 0.105024 0.000000 0.075234 0.127150
0.426935
0.285074 0.333333 0.351417 0.999931 0.201852 0.664742 0.188941 0.104559 0.000000 0.071028 0.095363
0.426935
0.285070 0.333333 0.351410 0.999931 0.201852 0.623963 0.179737 0.106264 0.062490 0.075573 0.063575
0.426935
0.285076 0.333333 0.351418 0.999931 0.202389 0.665172 0.188899 0.104484 0.000000 0.070848 0.063575
0.426935
0.285076 0.333333 0.351419 0.999932 0.203999 0.623501 0.179829 0.103953 0.000000 0.075318 0.063575
0.426935
0.285075 0.333333 0.351417 0.999931 0.202389 0.664408 0.189051 0.103338 0.062490 0.070710 0.127150
0.426935
0.285076 0.333333 0.351420 0.999931 0.201852 0.624728 0.179682 0.106621 0.124979 0.075869 0.158938
0.426935
0.285068 0.333333 0.351409 0.999931 0.201852 0.664927 0.188933 0.104630 0.124979 0.070544 0.063575
0.426935
0.285075 0.333333 0.351418 0.999931 0.201852 0.625000 0.179781 0.105287 0.000000 0.075581 0.190725
0.426935
0.285074 0.333333 0.351417 0.999931 0.201852 0.664272 0.189143 0.103753 0.062490 0.070606 0.127150
0.426935
0.285073 0.333333 0.351415 0.999932 0.203999 0.624572 0.179739 0.105417 0.062489 0.075789 0.127150
0.426935
0.285072 0.333333 0.351415 0.999932 0.203463 0.664667 0.189093 0.103992 0.062489 0.070835 0.127150
0.426935
0.285071 0.333333 0.351411 0.999931 0.201852 0.624729 0.179720 0.106701 0.124979 0.075502 0.063575
0.426935
0.285074 0.333333 0.351416 0.999931 0.201852 0.664504 0.189089 0.103794 0.000000 0.070802 0.063575
0.426935
0.285069 0.333333 0.351408 0.999931 0.201852 0.624096 0.179753 0.107008 0.000000 0.075806 0.190725
0.426935
0.285070 0.333333 0.351411 0.999931 0.201852 0.665040 0.189006 0.103378 0.124979 0.070719 0.031788
0.426935
0.285072 0.333333 0.351413 0.999932 0.202926 0.624392 0.179891 0.103872 0.000000 0.075213 0.127150
0.426935
0.285075 0.333333 0.351417 0.999932 0.203999 0.664739 0.189070 0.105546 0.124979 0.070627 0.063575
0.426935
0.285069 0.333333 0.351410 0.999931 0.202389 0.622528 0.179725 0.105874 0.000000 0.075393 0.127150
0.426935
0.285074 0.333333 0.351418 0.999931 0.201852 0.664113 0.189236 0.103363 0.124979 0.070852 0.063575
0.426935
0.285073 0.333333 0.351416 0.999931 0.201852 0.624918 0.179688 0.105980 0.000000 0.075293 0.063575
0.426935
0.285077 0.333333 0.351421 0.999931 0.201852 0.665271 0.188839 0.104208 0.062490 0.070940 0.095363
0.426935
0.285077 0.333333 0.351422 0.999931 0.201852 0.624164 0.179851 0.105317 0.000000 0.075439 0.063575
0.426935
0.285076 0.333333 0.351420 0.999932 0.203463 0.664954 0.189044 0.104713 0.124979 0.071315 0.095362
0.426935
0.285069 0.333333 0.351408 0.999932 0.203999 0.625141 0.179744 0.106054 0.062489 0.075698 0.095362
0.426935
0.285070 0.333333 0.351413 0.999931 0.201852 0.665085 0.189084 0.104291 0.124979 0.070694 0.095363
0.426935
0.285066 0.333333 0.351405 0.999931 0.201852 0.624393 0.179639 0.106501 0.062490 0.075243 0.190725
0.426935
0.285067 0.333333 0.351407 0.999931 0.201852 0.664887 0.189007 0.101477 0.062490 0.070669 0.095363
0.426935
0.285070 0.333333 0.351410 0.999931 0.201852 0.624109 0.179801 0.106203 0.062490 0.075856 0.063575
0.426935
0.285072 0.333333 0.351416 0.999931 0.202389 0.663829 0.189204 0.104552 0.124979 0.071111 0.031788
0.426935
0.285069 0.333333 0.351408 0.999932 0.203999 0.624194 0.179727 0.104908 0.000000 0.075447 0.063575
0.426935
0.285074 0.333333 0.351416 0.999931 0.202389 0.664537 0.188850 0.104106 0.062490 0.070961 0.063575
0.426935
0.285073 0.333333 0.351416 0.999931 0.201852 0.625692 0.179792 0.104718 0.124979 0.075134 0.031788
0.426935
0.285078 0.333333 0.351422 0.999931 0.201852 0.664662 0.189031 0.103825 0.187469 0.070685 0.031788
0.426935
0.285074 0.333333 0.351417 0.999931 0.201852 0.626294 0.178995 0.110253 0.000000 0.075660 0.095363
0.426935
0.285076 0.333333 0.351420 0.999931 0.201852 0.661927 0.189679 0.111683 0.062490 0.071069 0.063575
0.426935
0.285075 0.333333 0.351417 0.999932 0.203999 0.618146 0.178553 0.103559 0.062489 0.075322 0.127150
0.426935
0.285075 0.333333 0.351416 0.999932 0.203463 0.660824 0.189211 0.107613 0.000000 0.070748 0.095362
0.426935
0.285072 0.333333 0.351414 0.999931 0.201852 0.619144 0.178608 0.104675 0.000000 0.075418 0.127150
0.426935
0.285078 0.333333 0.351422 0.999931 0.201852 0.660138 0.189315 0.107711 0.062490 0.070890 0.095363
0.426935
0.285069 0.333333 0.351409 0.999931 0.201852 0.618809 0.178592 0.105388 0.062490 0.075234 0.127150
0.426935
0.285068 0.333333 0.351408 0.999931 0.201852 0.660610 0.189348 0.105893 0.000000 0.071011 0.095363
0.426935
0.285071 0.333333 0.351409 0.999932 0.202926 0.618967 0.178517 0.105751 0.062490 0.075844 0.095362
0.426935
0.285072 0.333333 0.351411 0.999932 0.203999 0.659478 0.189330 0.104787 0.000000 0.071132 0.127150
0.426935
0.285074 0.333333 0.351417 0.999931 0.202389 0.619254 0.178530 0.104364 0.124979 0.074892 0.190725
0.426935
0.285076 0.333333 0.351419 0.999931 0.201852 0.660630 0.189333 0.104492 0.062490 0.070594 0.095363
0.426935
0.285075 0.333333 0.351417 0.999931 0.201852 0.619236 0.178488 0.106405 0.062490 0.075581 0.158938
0.426935
0.285080 0.333333 0.351426 0.999931 0.201852 0.660400 0.189382 0.105335 0.000000 0.070877 0.063575
0.426935
0.285072 0.333333 0.351414 0.999931 0.201852 0.618668 0.178443 0.105511 0.062490 0.075305 0.095363
0.426935
0.285079 0.333333 0.351423 0.999932 0.203999 0.658980 0.189481 0.102404 0.062489 0.071148 0.190725
0.426935
0.285073 0.333333 0.351414 0.999932 0.203463 0.619045 0.178406 0.107677 0.000000 0.075606 0.222512
0.426935
0.285076 0.333333 0.351419 0.999931 0.201852 0.661863 0.189129 0.106410 0.000000 0.070685 0.158938
0.426935
0.285076 0.333333 0.351420 0.999931 0.201852 0.619104 0.178487 0.107580 0.062490 0.075485 0.063575
0.426935
0.285074 0.333333 0.351416 0.999931 0.201852 0.661309 0.188972 0.107478 0.124979 0.070706 0.158938
0.426935
0.285074 0.333333 0.351418 0.999931 0.201852 0.619283 0.178511 0.104666 0.062490 0.075335 0.158938
0.426935
0.285080 0.333333 0.351425 0.999932 0.202926 0.660573 0.189271 0.105222 0.124979 0.070314 0.095362
0.426935
0.285073 0.333333 0.351415 0.999932 0.203999 0.617715 0.178729 0.103144 0.000000 0.075510 0.158937
0.426935
0.285079 0.333333 0.351424 0.999931 0.202389 0.661762 0.189272 0.104774 0.000000 0.071086 0.063575
0.426935
0.285073 0.333333 0.351415 0.999931 0.201852 0.617673 0.178610 0.104547 0.187469 0.075589 0.095363
0.426935
0.285070 0.333333 0.351412 0.999931 0.201852 0.660274 0.189305 0.106242 0.000000 0.070978 0.127150
0.426935
0.285072 0.333333 0.351413 0.999931 0.201852 0.617719 0.178685 0.104786 0.062490 0.075268 0.095363
0.426935
0.285076 0.333333 0.351420 0.999931 0.202389 0.660269 0.189408 0.104984 0.062490 0.071057 0.095363
0.426935
0.285071 0.333333 0.351412 0.999932 0.203999 0.618194 0.178543 0.104071 0.062489 0.074608 0.095362
0.426935
0.285070 0.333333 0.351410 0.999932 0.202926 0.660669 0.189294 0.106450 0.062490 0.070865 0.095362
0.426935
0.285073 0.333333 0.351415 0.999931 0.201852 0.618800 0.178437 0.104754 0.000000 0.075481 0.222513
0.426935
0.285070 0.333333 0.351411 0.999931 0.201852 0.660600 0.189291 0.105988 0.062490 0.070710 0.127150
0.426935
0.285071 0.333333 0.351411 0.999931 0.201852 0.617430 0.178572 0.105851 0.124979 0.075105 0.095363
0.426935
0.285069 0.333333 0.351409 0.999931 0.201852 0.661099 0.189338 0.103816 0.000000 0.070527 0.031788
0.426935
0.285073 0.333333 0.351416 0.999932 0.203463 0.618116 0.178479 0.104277 0.000000 0.075668 0.127150
0.426935
0.285083 0.333333 0.351430 0.999932 0.203999 0.659857 0.189374 0.104625 0.000000 0.070527 0.158937
0.426935
0.285072 0.333333 0.351413 0.999931 0.202389 0.618603 0.178650 0.104281 0.062490 0.075431 0.031788
0.426935
0.285076 0.333333 0.351418 0.999931 0.201852 0.661019 0.189227 0.105848 0.249959 0.071069 0.095363
0.426935
0.285070 0.333333 0.351409 0.999931 0.201852 0.617829 0.178534 0.104256 0.062490 0.075305 0.127150
0.426935
0.285069 0.333333 0.351408 0.999931 0.201852 0.660087 0.189366 0.105077 0.000000 0.070243 0.127150
0.426935
0.285069 0.333333 0.351407 0.999931 0.202389 0.618404 0.178517 0.105032 0.062490 0.075518 0.127150
0.426935
0.285073 0.333333 0.351416 0.999932 0.203999 0.660580 0.189227 0.105113 0.124979 0.071416 0.095362
0.426935
0.285074 0.333333 0.351415 0.999932 0.202926 0.619951 0.178712 0.104301 0.062490 0.075255 0.031787
0.426935
0.285068 0.333333 0.351406 0.999931 0.201852 0.660701 0.189306 0.104976 0.062490 0.070585 0.158938
0.426935
0.285068 0.333333 0.351409 0.999931 0.201852 0.617894 0.178574 0.103557 0.062490 0.075439 0.063575
0.426935
0.285072 0.333333 0.351412 0.999931 0.201852 0.660530 0.189217 0.107561 0.124979 0.071395 0.095363
0.426935
0.285072 0.333333 0.351413 0.999931 0.201852 0.618416 0.178652 0.104406 0.062490 0.075744 0.127150
0.426935
0.285078 0.333333 0.351422 0.999932 0.203463 0.660205 0.189225 0.107316 0.000000 0.070748 0.063575
0.426935
0.285076 0.333333 0.351420 0.999932 0.203999 0.619505 0.178706 0.104872 0.000000 0.075151 0.031787
0.426935
0.285079 0.333333 0.351423 0.999931 0.201852 0.659380 0.189452 0.105509 0.062490 0.070869 0.031788
0.426935
0.285075 0.333333 0.351417 0.999931 0.201852 0.618968 0.178522 0.104477 0.062490 0.076027 0.095363
0.426935
0.285072 0.333333 0.351413 0.999931 0.201852 0.661703 0.189162 0.105364 0.062490 0.070715 0.031788
0.426935
0.285075 0.333333 0.351419 0.999931 0.201852 0.619048 0.178562 0.103737 0.062490 0.075314 0.190725
0.426935
0.285078 0.333333 0.351423 0.999931 0.202389 0.659758 0.189381 0.106030 0.000000 0.071069 0.063575
0.426935
0.285072 0.333333 0.351415 0.999932 0.203999 0.618097 0.178610 0.105383 0.000000 0.075802 0.031787
0.426935
0.285076 0.333333 0.351421 0.999932 0.202926 0.660232 0.189285 0.108072 0.249958 0.070756 0.127150
0.426935
0.285069 0.333333 0.351409 0.999931 0.201852 0.619569 0.178468 0.107277 0.062490 0.076027 0.127150
0.426935
0.285077 0.333333 0.351419 0.999931 0.201852 0.660063 0.189314 0.107232 0.062490 0.070606 0.190725
0.426935
0.285073 0.333333 0.351418 0.999931 0.201852 0.618249 0.178619 0.103539 0.187469 0.075581 0.095363
0.426935
0.285079 0.333333 0.351425 0.999931 0.201852 0.660720 0.189262 0.105862 0.000000 0.071324 0.190725
0.426935
0.285070 0.333333 0.351410 0.999932 0.203463 0.619256 0.178474 0.106802 0.062489 0.075656 0.095362
0.426935
0.285077 0.333333 0.351422 0.999932 0.203999 0.660426 0.189352 0.103178 0.062489 0.071052 0.063575
0.426935
0.285073 0.333333 0.351416 0.999931 0.202389 0.618589 0.178551 0.104901 0.062490 0.076007 0.095363
0.426935
0.285076 0.333333 0.351420 0.999931 0.201852 0.660978 0.189302 0.103028 0.062490 0.070702 0.127150
0.426935
0.285074 0.333333 0.351418 0.999931 0.201852 0.619445 0.178452 0.106344 0.187469 0.076349 0.222513
0.426935
0.285074 0.333333 0.351416 0.999931 0.201852 0.660709 0.189378 0.105941 0.062490 0.071161 0.158938
0.426935
0.285072 0.333333 0.351415 0.999931 0.201852 0.618845 0.178535 0.105527 0.062490 0.075823 0.127150
0.426935
0.285078 0.333333 0.351421 0.999932 0.203999 0.661450 0.189214 0.106393 0.000000 0.071065 0.127150
0.426935
0.285073 0.333333 0.351414 0.999932 0.203463 0.618857 0.178511 0.105576 0.062489 0.075184 0.095362
0.426935
0.285078 0.333333 0.351424 0.999931 0.201852 0.661578 0.189234 0.106755 0.124979 0.070719 0.095363
0.426935
0.285075 0.333333 0.351419 0.999931 0.201852 0.618083 0.178492 0.106627 0.000000 0.075731 0.158938
0.426935
0.285077 0.333333 0.351423 0.999931 0.201852 0.659563 0.189400 0.103261 0.000000 0.070535 0.031788
0.426935
0.285069 0.333333 0.351409 0.999931 0.201852 0.617948 0.178639 0.103335 0.000000 0.075022 0.127150
0.426935
0.285073 0.333333 0.351414 0.999932 0.203463 0.659342 0.189377 0.105104 0.062489 0.070635 0.095362
0.426935
0.285072 0.333333 0.351413 0.999932 0.203999 0.619446 0.178599 0.103478 0.000000 0.074988 0.158937
0.426935
0.285073 0.333333 0.351416 0.999931 0.202389 0.659863 0.189335 0.105173 0.187469 0.071199 0.127150
0.426935
0.285070 0.333333 0.351410 0.999931 0.201852 0.620561 0.178564 0.104465 0.000000 0.074880 0.095363
0.426935
0.285073 0.333333 0.351414 0.999931 0.201852 0.659150 0.189399 0.102835 0.062490 0.071207 0.063575
0.426935
0.285067 0.333333 0.351406 0.999931 0.201852 0.618288 0.178721 0.104151 0.062490 0.075472 0.063575
0.426935
0.285069 0.333333 0.351410 0.999931 0.201852 0.659502 0.189388 0.106064 0.187469 0.071132 0.031788
0.426935
0.285068 0.333333 0.351406 0.999932 0.203999 0.618142 0.178510 0.104550 0.062489 0.075581 0.158937
0.426935
0.285073 0.333333 0.351414 0.999932 0.203463 0.659762 0.189398 0.105155 0.000000 0.070969 0.095362
0.426935
0.285066 0.333333 0.351404 0.999931 0.201852 0.618099 0.178476 0.104412 0.062490 0.074947 0.222513
0.426935
0.285077 0.333333 0.351423 0.999931 0.201852 0.660595 0.189273 0.105175 0.124979 0.070898 0.063575
0.426935
0.285069 0.333333 0.351408 0.999931 0.201852 0.618587 0.178554 0.104952 0.124979 0.075539 0.031788
0.426935
0.285076 0.333333 0.351418 0.999931 0.201852 0.662024 0.189105 0.105454 0.000000 0.070669 0.063575
0.426935
0.285076 0.333333 0.351419 0.999932 0.202926 0.617428 0.178637 0.102424 0.000000 0.075101 0.095362
0.426935
0.285077 0.333333 0.351422 0.999932 0.203999 0.660995 0.189263 0.105657 0.062489 0.071015 0.158937
0.426935
0.285070 0.333333 0.351409 0.999931 0.202389 0.619572 0.178490 0.105323 0.062490 0.075026 0.063575
0.426935
0.285070 0.333333 0.351410 0.999931 0.201852 0.659004 0.189455 0.104068 0.062490 0.070919 0.063575
0.426935
0.285066 0.333333 0.351404 0.999931 0.201852 0.617554 0.178601 0.105553 0.000000 0.075431 0.095363
0.426935
0.285071 0.333333 0.351413 0.999931 0.201852 0.661562 0.189136 0.107002 0.062490 0.070940 0.031788
0.426935
0.285065 0.333333 0.351402 0.999931 0.201852 0.619032 0.178475 0.105658 0.062490 0.075518 0.031788
0.426935
0.285070 0.333333 0.351409 0.999932 0.203999 0.660018 0.189284 0.105021 0.000000 0.071257 0.063575
0.426935
0.285071 0.333333 0.351412 0.999932 0.203463 0.618392 0.178463 0.105895 0.124979 0.075560 0.095362
0.426935
0.285077 0.333333 0.351420 0.999931 0.201852 0.661590 0.189053 0.108446 0.124979 0.070669 0.063575
0.426935
0.285071 0.333333 0.351413 0.999931 0.201852 0.619579 0.178468 0.104990 0.187469 0.075577 0.031788
0.426935
0.285075 0.333333 0.351418 0.999931 0.201852 0.660358 0.189388 0.104604 0.000000 0.071182 0.127150
0.426935
0.285075 0.333333 0.351419 0.999931 0.201852 0.618838 0.178476 0.106114 0.124979 0.075364 0.031788
0.426935
0.285077 0.333333 0.351422 0.999932 0.203463 0.659438 0.189604 0.102335 0.187468 0.070272 0.095362
0.426935
0.285073 0.333333 0.351415 0.999932 0.203999 0.617956 0.178674 0.105195 0.000000 0.075017 0.190725
0.426935
0.285079 0.333333 0.351425 0.999931 0.201852 0.659124 0.189427 0.105974 0.062490 0.070493 0.095363
0.426935
0.285072 0.333333 0.351416 0.999931 0.201852 0.618871 0.178453 0.107104 0.062490 0.075447 0.063575
0.426935
0.285076 0.333333 0.351422 0.999931 0.201852 0.661504 0.189295 0.106698 0.062490 0.071253 0.031788
0.426935
0.285069 0.333333 0.351407 0.999931 0.201852 0.618728 0.178514 0.105340 0.000000 0.075735 0.127150
0.426935
0.285068 0.333333 0.351407 0.999931 0.202389 0.660638 0.189263 0.105493 0.000000 0.070986 0.095363
0.426935
0.326907 1.000000 0.957402 0.510850 0.432694 0.477734 0.589257 0.046635 0.450768 0.103245 0.291835
0.653383
0.333335 1.000000 0.978532 0.510853 0.438062 0.648589 0.798551 0.163034 0.040979 0.358876 0.041691
0.653383
0.326886 1.000000 0.957332 0.510850 0.432694 0.477643 0.589073 0.046221 0.040979 0.101798 0.020845
0.653383
0.333224 1.000000 0.978170 0.510853 0.438062 0.648687 0.798569 0.162403 0.000000 0.357437 0.083381
0.653383
0.326907 1.000000 0.957404 0.510850 0.432694 0.477767 0.589245 0.046691 0.081958 0.103065 0.041691
0.653383
0.333189 1.000000 0.978054 0.510853 0.438062 0.648562 0.798397 0.162390 0.000000 0.358156 0.062536
0.653383
0.326889 1.000000 0.957342 0.510850 0.432157 0.477607 0.589025 0.046393 0.000000 0.102112 0.083382
0.653383
0.333237 1.000000 0.978209 0.510853 0.438062 0.648487 0.798231 0.162375 0.040979 0.357784 0.062536
0.653383
0.326903 1.000000 0.957391 0.510850 0.432157 0.477628 0.589065 0.046427 0.081958 0.102775 0.041691
0.653383
0.333229 1.000000 0.978183 0.510853 0.438062 0.648760 0.798643 0.162142 0.040979 0.357645 0.062536
0.653383
0.326937 1.000000 0.957501 0.510850 0.432157 0.477682 0.589081 0.046612 0.081958 0.102569 0.041691
0.653383
0.333294 1.000000 0.978398 0.510853 0.438062 0.648752 0.798557 0.163042 0.040979 0.359347 0.041691
0.653383
0.326912 1.000000 0.957419 0.510850 0.432157 0.477729 0.589180 0.046469 0.000000 0.103103 0.083382
0.653383
0.333202 1.000000 0.978093 0.510853 0.437525 0.648589 0.798567 0.162558 0.000000 0.360258 0.041691
0.653383
0.326947 1.000000 0.957535 0.510850 0.432157 0.477840 0.589314 0.046520 0.040979 0.103007 0.041691
0.653383
0.333307 1.000000 0.978437 0.510853 0.437525 0.648677 0.798711 0.162916 0.040979 0.360483 0.041691
0.653383
0.326900 1.000000 0.957380 0.510850 0.431620 0.477887 0.589327 0.046407 0.040979 0.102797 0.041691
0.653383
0.333449 1.000000 0.978907 0.510853 0.437525 0.648678 0.798506 0.163739 0.000000 0.361085 0.062536
0.653383
0.326886 1.000000 0.957334 0.510850 0.431620 0.477639 0.589104 0.046420 0.040979 0.102663 0.062536
0.653383
0.333305 1.000000 0.978434 0.510853 0.437525 0.648645 0.798449 0.163175 0.000000 0.359530 0.083381
0.653383
0.326897 1.000000 0.957369 0.510850 0.431620 0.477477 0.588936 0.046608 0.081958 0.102512 0.041691
0.653383
0.333320 1.000000 0.978484 0.510853 0.437525 0.648622 0.798331 0.162497 0.000000 0.359172 0.083381
0.653383
0.326860 1.000000 0.957249 0.510850 0.431620 0.477723 0.589184 0.046207 0.040979 0.102080 0.041691
0.653383
0.333316 1.000000 0.978469 0.510853 0.437525 0.648604 0.798733 0.162854 0.040979 0.360261 0.041691
0.653383
0.326871 1.000000 0.957284 0.510850 0.431620 0.477658 0.589100 0.046535 0.081958 0.102805 0.041691
0.653383
0.333346 1.000000 0.978568 0.510853 0.437525 0.648561 0.798338 0.163253 0.000000 0.361055 0.062536
0.653383
0.326876 1.000000 0.957300 0.510850 0.431620 0.477628 0.589032 0.046270 0.081958 0.102479 0.020845
0.653383
0.333343 1.000000 0.978564 0.510853 0.437525 0.648735 0.798609 0.163404 0.000000 0.361452 0.083381
0.653383
0.326888 1.000000 0.957338 0.510850 0.431620 0.477751 0.589229 0.046604 0.040979 0.103259 0.062536
0.653383
0.333271 1.000000 0.978324 0.510853 0.437525 0.648726 0.798546 0.162932 0.040979 0.359246 0.062536
0.653383
0.326889 1.000000 0.957346 0.510850 0.431620 0.477775 0.589243 0.046412 0.040979 0.102457 0.062536
0.653383
0.333221 1.000000 0.978158 0.510853 0.437525 0.648439 0.798457 0.162720 0.040979 0.359917 0.041691
0.653383
0.326839 1.000000 0.957181 0.510850 0.431620 0.477697 0.589064 0.046125 0.040979 0.102137 0.062536
0.653383
0.333279 1.000000 0.978348 0.510853 0.437525 0.648568 0.798594 0.162187 0.040979 0.357869 0.041691
0.653383
0.326923 1.000000 0.957454 0.510850 0.431620 0.477803 0.589299 0.046414 0.000000 0.102892 0.083382
0.653383
0.333395 1.000000 0.978730 0.510853 0.437525 0.648703 0.798548 0.163707 0.000000 0.361509 0.083381
0.653383
0.326876 1.000000 0.957298 0.510850 0.431620 0.477837 0.589292 0.046483 0.040979 0.103016 0.041691
0.653383
0.333291 1.000000 0.978387 0.510852 0.434841 0.648679 0.798485 0.163220 0.000000 0.360760 0.041691
0.653383
0.326917 1.000000 0.957435 0.510850 0.431620 0.477598 0.588983 0.046524 0.040979 0.102824 0.041691
0.653383
0.333302 1.000000 0.978424 0.510852 0.434841 0.648750 0.798537 0.163291 0.000000 0.360486 0.083381
0.653383
0.326892 1.000000 0.957354 0.510850 0.431620 0.477485 0.588931 0.046279 0.000000 0.102082 0.083382
0.653383
0.333380 1.000000 0.978679 0.510853 0.437525 0.648685 0.798692 0.162812 0.000000 0.359881 0.062536
0.653383
0.326849 1.000000 0.957216 0.510850 0.431620 0.477755 0.589228 0.045917 0.040979 0.102000 0.041691
0.653383
0.333367 1.000000 0.978640 0.510853 0.437525 0.648751 0.798560 0.163576 0.000000 0.361120 0.041691
0.653383
0.326848 1.000000 0.957211 0.510850 0.431620 0.477687 0.589100 0.046289 0.081958 0.102452 0.020845
0.653383
0.333279 1.000000 0.978352 0.510852 0.434841 0.648659 0.798390 0.163106 0.000000 0.359422 0.041691
0.653383
0.326846 1.000000 0.957200 0.510850 0.431620 0.477691 0.589108 0.046240 0.000000 0.102408 0.083382
0.653383
0.333251 1.000000 0.978258 0.510852 0.434841 0.648544 0.798589 0.162725 0.000000 0.359452 0.041691
0.653383
0.326838 1.000000 0.957175 0.510850 0.431620 0.477729 0.589161 0.046074 0.040979 0.102438 0.020845
0.653383
0.333340 1.000000 0.978549 0.510852 0.434841 0.648660 0.798699 0.162746 0.000000 0.359791 0.083381
0.653383
0.326863 1.000000 0.957261 0.510850 0.431620 0.477758 0.589185 0.046261 0.040979 0.102745 0.041691
0.653383
0.333367 1.000000 0.978637 0.510852 0.434841 0.648634 0.798381 0.163466 0.000000 0.360579 0.062536
0.653383
0.326866 1.000000 0.957267 0.510850 0.431620 0.477748 0.589190 0.046324 0.081958 0.102630 0.041691
0.653383
0.333195 1.000000 0.978074 0.510852 0.434841 0.648553 0.798497 0.162260 0.081958 0.358447 0.041691
0.653383
0.326862 1.000000 0.957253 0.510850 0.431620 0.477337 0.588787 0.046002 0.040979 0.101357 0.062536
0.653383
0.333285 1.000000 0.978367 0.510852 0.434841 0.648773 0.798631 0.162951 0.000000 0.360388 0.062536
0.653383
0.326886 1.000000 0.957332 0.510850 0.432694 0.477665 0.589101 0.046546 0.000000 0.102775 0.062536
0.653383
0.333271 1.000000 0.978319 0.510853 0.438062 0.648717 0.798558 0.162339 0.000000 0.358512 0.041691
0.653383
0.326868 1.000000 0.957273 0.510850 0.432694 0.477620 0.589086 0.046293 0.040979 0.102296 0.062536
0.653383
0.333494 1.000000 0.979055 0.510853 0.438062 0.648754 0.798590 0.163350 0.000000 0.361681 0.062536
0.653383
0.326891 1.000000 0.957350 0.510850 0.432694 0.477693 0.589221 0.046702 0.000000 0.103336 0.083381
0.653383
0.333490 1.000000 0.979040 0.510853 0.438062 0.648783 0.798576 0.163726 0.000000 0.362505 0.083381
0.653383
0.326902 1.000000 0.957385 0.510850 0.432694 0.477902 0.589330 0.046182 0.122937 0.101904 0.020845
0.653383
0.333269 1.000000 0.978316 0.510853 0.438062 0.648807 0.798622 0.162614 0.040979 0.359536 0.062536
0.653383
0.326906 1.000000 0.957400 0.510850 0.432694 0.477876 0.589334 0.046339 0.000000 0.102851 0.041691
0.653383
0.333301 1.000000 0.978418 0.510853 0.438062 0.648622 0.798713 0.163002 0.000000 0.360318 0.062536
0.653383
0.326870 1.000000 0.957278 0.510850 0.432694 0.477681 0.589093 0.046163 0.000000 0.102025 0.041691
0.653383
0.333308 1.000000 0.978443 0.510853 0.438062 0.648849 0.798685 0.162815 0.081957 0.359552 0.020845
0.653383
0.326898 1.000000 0.957373 0.510850 0.432694 0.477617 0.589019 0.046328 0.081958 0.102561 0.020845
0.653383
0.333197 1.000000 0.978079 0.510853 0.438062 0.648556 0.798343 0.163352 0.000000 0.361186 0.083381
0.653383
0.326883 1.000000 0.957326 0.510850 0.432694 0.477669 0.589069 0.046352 0.040979 0.102400 0.020845
0.653383
0.333175 1.000000 0.978008 0.510853 0.438062 0.648606 0.798353 0.162577 0.040979 0.358687 0.062536
0.653383
0.326884 1.000000 0.957325 0.510850 0.432694 0.477411 0.588882 0.046389 0.040979 0.102230 0.062536
0.653383
0.333283 1.000000 0.978359 0.510853 0.438062 0.648815 0.798647 0.162913 0.000000 0.358857 0.083381
0.653383
0.326891 1.000000 0.957349 0.510850 0.432694 0.477665 0.589030 0.046325 0.000000 0.102427 0.083381
0.653383
0.333138 1.000000 0.977886 0.510853 0.438062 0.648409 0.798174 0.163107 0.040979 0.359615 0.041691
0.653383
0.326872 1.000000 0.957287 0.510850 0.432694 0.477265 0.588702 0.046144 0.040979 0.101951 0.062536
0.653383
0.333219 1.000000 0.978153 0.510853 0.438062 0.648682 0.798558 0.162179 0.040979 0.357989 0.041691
0.653383
0.326857 1.000000 0.957236 0.510850 0.432694 0.477733 0.589207 0.046144 0.040979 0.102405 0.041691
0.653383
0.333322 1.000000 0.978489 0.510853 0.438062 0.648884 0.798703 0.162684 0.000000 0.359952 0.062536
0.653383
0.326853 1.000000 0.957227 0.510850 0.432157 0.477621 0.588994 0.046109 0.081958 0.101937 0.020845
0.653383
0.333071 1.000000 0.977664 0.510853 0.438062 0.648293 0.798046 0.162600 0.000000 0.359339 0.041691
0.653383
0.326903 1.000000 0.957391 0.510850 0.432694 0.477652 0.589079 0.046567 0.040979 0.102736 0.062536
0.653383
0.333265 1.000000 0.978303 0.510853 0.438062 0.648592 0.798406 0.162975 0.040979 0.359443 0.062536
0.653383
0.326859 1.000000 0.957247 0.510850 0.432157 0.477678 0.589069 0.046226 0.040979 0.101967 0.041691
0.653383
0.333348 1.000000 0.978576 0.510853 0.438062 0.648721 0.798528 0.162868 0.000000 0.359815 0.062536
0.653383
0.326882 1.000000 0.957324 0.510850 0.432157 0.477576 0.588991 0.046273 0.040979 0.102342 0.020845
0.653383
0.333159 1.000000 0.977954 0.510853 0.438062 0.648506 0.798447 0.162561 0.081957 0.359467 0.020845
0.653383
0.326884 1.000000 0.957327 0.510850 0.432157 0.477691 0.589122 0.046447 0.040979 0.102602 0.062536
0.653383
0.333248 1.000000 0.978249 0.510853 0.438062 0.648822 0.798574 0.162539 0.000000 0.359095 0.062536
0.653383
0.326864 1.000000 0.957259 0.510850 0.432157 0.477647 0.589081 0.046390 0.000000 0.102600 0.062536
0.653383
0.333154 1.000000 0.977936 0.510853 0.437525 0.648584 0.798538 0.162478 0.000000 0.360499 0.020845
0.653383
0.326916 1.000000 0.957432 0.510850 0.432157 0.477858 0.589313 0.046216 0.040979 0.102534 0.062536
0.653383
0.333103 1.000000 0.977771 0.510853 0.437525 0.648554 0.798368 0.161968 0.000000 0.360053 0.062536
0.653383
0.326881 1.000000 0.957317 0.510850 0.431620 0.477360 0.588819 0.046173 0.040979 0.101691 0.062536
0.653383
0.333396 1.000000 0.978732 0.510853 0.437525 0.648780 0.798681 0.162642 0.000000 0.358874 0.062536
0.653383
0.326886 1.000000 0.957336 0.510850 0.431620 0.477267 0.588718 0.046313 0.000000 0.101976 0.083382
0.653383
0.333239 1.000000 0.978215 0.510853 0.437525 0.648705 0.798556 0.162456 0.000000 0.358594 0.041691
0.653383
0.326903 1.000000 0.957393 0.510850 0.431620 0.477596 0.588990 0.046582 0.040979 0.102991 0.062536
0.653383
0.333366 1.000000 0.978635 0.510853 0.437525 0.648678 0.798595 0.163436 0.000000 0.360948 0.062536
0.653383
0.326864 1.000000 0.957260 0.510850 0.431620 0.477687 0.589125 0.046111 0.040979 0.101921 0.062536
0.653383
0.333199 1.000000 0.978088 0.510853 0.437525 0.648466 0.798458 0.162055 0.040979 0.358080 0.020845
0.653383
0.326851 1.000000 0.957219 0.510850 0.431620 0.477648 0.589056 0.046111 0.000000 0.102126 0.083382
0.653383
0.333337 1.000000 0.978537 0.510853 0.437525 0.648881 0.798751 0.162802 0.000000 0.359632 0.083381
0.653383
0.326881 1.000000 0.957319 0.510850 0.431620 0.477752 0.589251 0.046495 0.081958 0.102862 0.041691
0.653383
0.333344 1.000000 0.978561 0.510853 0.437525 0.648801 0.798728 0.163296 0.000000 0.360792 0.062536
0.653383
0.326839 1.000000 0.957178 0.510850 0.431620 0.477743 0.589228 0.046173 0.000000 0.102334 0.083382
0.653383
0.333130 1.000000 0.977860 0.510852 0.434841 0.648641 0.798492 0.161795 0.000000 0.357117 0.041691
0.653383
0.326888 1.000000 0.957339 0.510850 0.431620 0.477678 0.589120 0.046395 0.040979 0.102457 0.062536
0.653383
0.333270 1.000000 0.978319 0.510853 0.437525 0.648682 0.798548 0.162554 0.040979 0.359506 0.020845
0.653383
0.326879 1.000000 0.957312 0.510850 0.431620 0.477447 0.588896 0.046329 0.040979 0.102255 0.062536
0.653383
0.333237 1.000000 0.978211 0.510853 0.437525 0.648619 0.798617 0.162662 0.040979 0.358846 0.041691
0.653383
0.326876 1.000000 0.957297 0.510850 0.431620 0.477764 0.589223 0.046287 0.000000 0.102775 0.083382
0.653383
0.333293 1.000000 0.978393 0.510853 0.437525 0.648775 0.798673 0.163041 0.040979 0.359845 0.062536
0.653383
0.326875 1.000000 0.957299 0.510850 0.431620 0.477657 0.589049 0.046472 0.081958 0.102712 0.041691
0.653383
0.333295 1.000000 0.978401 0.510853 0.437525 0.648499 0.798583 0.163193 0.000000 0.360639 0.062536
0.653383
0.326844 1.000000 0.957197 0.510850 0.431620 0.477757 0.589217 0.046236 0.081958 0.102271 0.041691
0.653383
0.333176 1.000000 0.978009 0.510852 0.434841 0.648521 0.798323 0.163246 0.000000 0.360916 0.062536
0.653383
0.326845 1.000000 0.957197 0.510850 0.431620 0.477739 0.589020 0.046236 0.081958 0.102175 0.020845
0.653383
0.333430 1.000000 0.978845 0.510853 0.437525 0.648807 0.798619 0.163003 0.000000 0.360932 0.083381
0.653383
0.326882 1.000000 0.957324 0.510850 0.431620 0.477605 0.589052 0.046351 0.000000 0.102285 0.041691
0.653383
0.333272 1.000000 0.978324 0.510896 0.434841 0.648540 0.798652 0.162753 0.000000 0.359375 0.062535
0.653383
0.326872 1.000000 0.957286 0.510850 0.431620 0.477647 0.589176 0.046404 0.081958 0.102983 0.041691
0.653383
0.333146 1.000000 0.977910 0.510852 0.434841 0.648409 0.798442 0.161932 0.040979 0.358559 0.062536
0.653383
0.326896 1.000000 0.957367 0.510850 0.431620 0.477589 0.588982 0.046411 0.000000 0.102299 0.083382
0.653383
0.333357 1.000000 0.978607 0.510853 0.437525 0.648748 0.798518 0.162478 0.000000 0.359462 0.062536
0.653383
0.326887 1.000000 0.957337 0.510850 0.431620 0.477989 0.589416 0.046145 0.040979 0.102301 0.041691
0.653383
0.333147 1.000000 0.977912 0.510852 0.434841 0.648503 0.798256 0.162930 0.000000 0.358978 0.041691
0.653383
0.326882 1.000000 0.957322 0.510850 0.431620 0.477625 0.589051 0.046642 0.040979 0.102955 0.041691
0.653383
0.333109 1.000000 0.977788 0.510852 0.434841 0.648506 0.798231 0.163059 0.000000 0.360516 0.062536
0.653383
0.326858 1.000000 0.957245 0.510847 0.431620 0.477701 0.589035 0.046252 0.081958 0.102632 0.020845
0.653383
0.333250 1.000000 0.978255 0.510848 0.434841 0.648757 0.798544 0.162420 0.081958 0.358020 0.020845
0.653383
0.326919 1.000000 0.957440 0.510847 0.431620 0.477299 0.588778 0.046447 0.000000 0.102104 0.083382
0.653383
0.333206 1.000000 0.978106 0.510848 0.434841 0.648593 0.798651 0.161915 0.040979 0.358201 0.041691
0.653383
0.326856 1.000000 0.957235 0.510847 0.432694 0.477696 0.588972 0.046395 0.081958 0.102920 0.041691
0.653383
0.333374 1.000000 0.978657 0.510850 0.438062 0.648652 0.798538 0.163714 0.000000 0.361523 0.062536
0.653383
0.326854 1.000000 0.957232 0.510847 0.432694 0.477774 0.589274 0.045909 0.000000 0.101726 0.062536
0.653383
0.333174 1.000000 0.978004 0.510850 0.438062 0.648594 0.798538 0.161702 0.040979 0.357456 0.000000
0.653383
0.326829 1.000000 0.957146 0.510847 0.432694 0.477702 0.589183 0.046199 0.081958 0.102260 0.020845
0.653383
0.333372 1.000000 0.978657 0.510850 0.438062 0.648621 0.798754 0.162366 0.000000 0.359763 0.041691
0.653383
0.326828 1.000000 0.957144 0.510847 0.432694 0.477723 0.589244 0.046031 0.040979 0.101899 0.083382
0.653383
0.333346 1.000000 0.978570 0.510850 0.438062 0.648476 0.798272 0.162834 0.000000 0.359897 0.062536
0.653383
0.326859 1.000000 0.957247 0.510847 0.432694 0.477593 0.589103 0.046204 0.081958 0.102041 0.020845
0.653383
0.333193 1.000000 0.978064 0.510850 0.438062 0.648480 0.798594 0.162387 0.040979 0.358797 0.020845
0.653383
0.326887 1.000000 0.957337 0.510847 0.432694 0.477734 0.589200 0.046390 0.081958 0.103007 0.020845
0.653383
0.333357 1.000000 0.978606 0.510850 0.438062 0.648664 0.798466 0.163008 0.000000 0.360253 0.041691
0.653383
0.326890 1.000000 0.957346 0.510847 0.432694 0.477377 0.588855 0.046504 0.081958 0.102408 0.020845
0.653383
0.333173 1.000000 0.978000 0.510850 0.438062 0.648732 0.798511 0.161984 0.000000 0.357637 0.062536
0.653383
0.326886 1.000000 0.957332 0.510847 0.432694 0.477450 0.588920 0.046196 0.040979 0.101680 0.062536
0.653383
0.333289 1.000000 0.978380 0.510850 0.438062 0.648554 0.798333 0.163009 0.000000 0.360283 0.041691
0.653383
0.163475 1.000000 0.420229 0.088778 0.201047 0.346694 0.425819 0.040999 0.081958 0.090834 0.000000
0.653383
0.649726 0.333333 0.950688 0.510983 0.684203 0.470398 0.561456 0.097984 0.040969 0.113757 0.395965
0.574087
0.660350 0.333333 0.968153 0.510987 0.690646 0.750705 0.888153 0.294316 0.081937 0.439860 0.187561
0.574087
0.650128 0.333333 0.951345 0.510983 0.683667 0.472790 0.562567 0.100177 0.122907 0.114282 0.354285
0.574087
0.660245 0.333333 0.967981 0.510988 0.692793 0.750607 0.888385 0.294332 0.040969 0.440203 0.208401
0.574087
0.649867 0.333333 0.950917 0.510984 0.684740 0.472324 0.562684 0.098421 0.122907 0.113459 0.375125
0.574087
0.660260 0.333333 0.968001 0.510988 0.692256 0.750742 0.888920 0.294599 0.081937 0.440660 0.208401
0.574087
0.649845 0.333333 0.950880 0.510983 0.684203 0.472239 0.562605 0.098837 0.000000 0.114102 0.437646
0.574087
0.660516 0.333333 0.968421 0.510987 0.691182 0.751353 0.888928 0.297070 0.122906 0.444229 0.250081
0.574087
0.650068 0.333333 0.951247 0.510983 0.683130 0.472671 0.562683 0.100015 0.081938 0.114244 0.354285
0.574087
0.660150 0.333333 0.967820 0.510988 0.691719 0.750445 0.888440 0.293287 0.040969 0.439454 0.270921
0.574087
0.650149 0.333333 0.951383 0.510984 0.684740 0.472697 0.562426 0.100176 0.000000 0.113831 0.416805
0.574087
0.660121 0.333333 0.967771 0.510988 0.692256 0.750315 0.888695 0.293555 0.040969 0.441035 0.208401
0.574087
0.650118 0.333333 0.951330 0.510984 0.684740 0.472590 0.562423 0.100247 0.081938 0.114843 0.354284
0.574087
0.660387 0.333333 0.968210 0.510988 0.691719 0.750988 0.888728 0.295607 0.081937 0.442308 0.312602
0.574087
0.650026 0.333333 0.951177 0.510983 0.683130 0.472574 0.562797 0.099539 0.163876 0.113834 0.333445
0.574087
0.660302 0.333333 0.968073 0.510987 0.691182 0.750624 0.888489 0.295173 0.000000 0.443446 0.187561
0.574087
0.650161 0.333333 0.951401 0.510984 0.684740 0.472593 0.562340 0.100667 0.040969 0.115144 0.395965
0.574087
0.660305 0.333333 0.968078 0.510988 0.692793 0.750725 0.888992 0.294804 0.000000 0.442003 0.291761
0.574087
0.650110 0.333333 0.951317 0.510984 0.684740 0.472548 0.562534 0.100183 0.122907 0.114498 0.375125
0.574087
0.660084 0.333333 0.967713 0.510988 0.691719 0.750190 0.888761 0.293391 0.081937 0.440718 0.250081
0.574087
0.649891 0.333333 0.950955 0.510983 0.683667 0.472306 0.562715 0.099077 0.204845 0.113888 0.333444
0.574087
0.660405 0.333333 0.968239 0.510987 0.690646 0.750699 0.888220 0.294352 0.040969 0.441523 0.208401
0.574087
0.649876 0.333333 0.950930 0.510984 0.684740 0.472262 0.562740 0.098904 0.040969 0.113565 0.375125
0.574087
0.660306 0.333333 0.968076 0.510988 0.692256 0.750689 0.888599 0.294764 0.081937 0.441944 0.291761
0.574087
0.649910 0.333333 0.950989 0.510984 0.684740 0.472349 0.562739 0.099224 0.040969 0.114214 0.416805
0.574087
0.660382 0.333333 0.968203 0.510988 0.691719 0.750919 0.888884 0.295525 0.040969 0.441314 0.270921
0.574087
0.650070 0.333333 0.951250 0.510983 0.684203 0.472491 0.562476 0.100069 0.081938 0.114258 0.354285
0.574087
0.660234 0.333333 0.967959 0.510987 0.690646 0.750526 0.888676 0.294472 0.081937 0.441715 0.208401
0.574087
0.649888 0.333333 0.950955 0.510983 0.683667 0.472367 0.562738 0.098833 0.040969 0.113806 0.354285
0.574087
0.660174 0.333333 0.967864 0.510988 0.692793 0.750470 0.888945 0.294014 0.000000 0.441653 0.291761
0.574087
0.649887 0.333333 0.950951 0.510984 0.684740 0.472276 0.562679 0.098838 0.081938 0.113560 0.354284
0.574087
0.660229 0.333333 0.967950 0.510988 0.692256 0.750637 0.888905 0.293942 0.122906 0.440069 0.229241
0.574087
0.650154 0.333333 0.951388 0.510984 0.684740 0.472641 0.562537 0.100429 0.040969 0.114285 0.375125
0.574087
0.660358 0.333333 0.968162 0.510987 0.691182 0.750639 0.888284 0.295031 0.040969 0.441837 0.250081
0.574087
0.649924 0.333333 0.951011 0.510983 0.683130 0.472412 0.562728 0.099209 0.081938 0.114225 0.354285
0.574087
0.660336 0.333333 0.968127 0.510988 0.691719 0.750726 0.888623 0.294907 0.122906 0.441832 0.250081
0.574087
0.649839 0.333333 0.950873 0.510984 0.684740 0.472268 0.562759 0.098509 0.081938 0.113812 0.395965
0.574087
0.660420 0.333333 0.968265 0.510988 0.692793 0.751211 0.889240 0.296240 0.040969 0.443716 0.333441
0.574087
0.650151 0.333333 0.951384 0.510984 0.684740 0.472652 0.562414 0.100480 0.081938 0.114047 0.375125
0.574087
0.660142 0.333333 0.967809 0.510988 0.691719 0.750450 0.888761 0.294482 0.000000 0.443372 0.250081
0.574087
0.649966 0.333333 0.951080 0.510983 0.683130 0.472473 0.562703 0.099247 0.122907 0.113998 0.333445
0.574087
0.660106 0.333333 0.967750 0.510987 0.691182 0.750382 0.888831 0.293146 0.081937 0.440491 0.250082
0.574087
0.650098 0.333333 0.951295 0.510984 0.684740 0.472559 0.562664 0.100020 0.000000 0.114487 0.416805
0.574087
0.660367 0.333333 0.968177 0.510988 0.692256 0.750738 0.888364 0.294794 0.040969 0.440288 0.333442
0.574087
0.650138 0.333333 0.951365 0.510984 0.684740 0.472693 0.562375 0.100318 0.204844 0.114860 0.312604
0.574087
0.659979 0.333333 0.967539 0.510988 0.692256 0.748962 0.886757 0.289783 0.040969 0.432389 0.250081
0.574087
0.650437 0.333333 0.951855 0.510983 0.683667 0.476267 0.562461 0.111807 0.081938 0.119309 0.375125
0.574087
0.661038 0.333333 0.969280 0.510987 0.690646 0.754516 0.888257 0.309359 0.040969 0.445168 0.250082
0.574087
0.650667 0.333333 0.952232 0.510984 0.684740 0.476657 0.562369 0.112720 0.081938 0.118876 0.354284
0.574087
0.661104 0.333333 0.969390 0.510988 0.692793 0.754874 0.888671 0.310424 0.000000 0.447697 0.270921
0.574087
0.650422 0.333333 0.951832 0.510984 0.685277 0.476278 0.562539 0.111139 0.040969 0.118159 0.395965
0.574087
0.661083 0.333333 0.969356 0.510988 0.692793 0.754626 0.888615 0.310135 0.040969 0.447503 0.270921
0.574087
0.650485 0.333333 0.951936 0.510983 0.684203 0.476335 0.562541 0.111909 0.122907 0.119114 0.354285
0.574087
0.661117 0.333333 0.969410 0.510987 0.690646 0.754891 0.889085 0.309974 0.040969 0.445023 0.187561
0.574087
0.650458 0.333333 0.951889 0.510983 0.683667 0.476273 0.562520 0.111633 0.081938 0.118953 0.354285
0.574087
0.660978 0.333333 0.969184 0.510988 0.692793 0.754604 0.889110 0.309331 0.081937 0.444146 0.270921
0.574087
0.650374 0.333333 0.951752 0.510984 0.685277 0.476288 0.562520 0.111104 0.040969 0.118365 0.437645
0.574087
0.661137 0.333333 0.969445 0.510988 0.692793 0.754878 0.888738 0.310063 0.081937 0.444592 0.333441
0.574087
0.650352 0.333333 0.951716 0.510983 0.684203 0.476150 0.562532 0.111022 0.081938 0.118491 0.395965
0.574087
0.661051 0.333333 0.969301 0.510987 0.691182 0.754718 0.888420 0.308698 0.081937 0.445238 0.250082
0.574087
0.650323 0.333333 0.951666 0.510983 0.683130 0.476119 0.562463 0.110846 0.122907 0.118247 0.354285
0.574087
0.661209 0.333333 0.969563 0.510988 0.692256 0.755130 0.889070 0.310783 0.000000 0.445700 0.250081
0.574087
0.650437 0.333333 0.951857 0.510984 0.685277 0.476387 0.562662 0.111483 0.040969 0.118187 0.437645
0.574087
0.661114 0.333333 0.969407 0.510988 0.692793 0.755020 0.889185 0.310806 0.000000 0.445580 0.229241
0.574087
0.650678 0.333333 0.952250 0.510984 0.684740 0.476675 0.562374 0.112994 0.040969 0.119809 0.416805
0.574087
0.661036 0.333333 0.969279 0.510988 0.692256 0.754453 0.888452 0.309185 0.040969 0.444395 0.166721
0.574087
0.650640 0.333333 0.952187 0.510983 0.683667 0.476469 0.562171 0.112859 0.040969 0.119875 0.375125
0.574087
0.661065 0.333333 0.969324 0.510987 0.691182 0.754561 0.888744 0.310289 0.163875 0.448084 0.270922
0.574087
0.650561 0.333333 0.952060 0.510984 0.685277 0.476535 0.562598 0.112143 0.000000 0.118761 0.416805
0.574087
0.660869 0.333333 0.969004 0.510988 0.692793 0.754472 0.888858 0.309187 0.040969 0.446822 0.333441
0.574087
0.650494 0.333333 0.951950 0.510984 0.684740 0.476389 0.562561 0.111815 0.081938 0.119112 0.375125
0.574087
0.661080 0.333333 0.969350 0.510988 0.692793 0.754790 0.888884 0.310837 0.000000 0.448351 0.270921
0.574087
0.650465 0.333333 0.951899 0.510983 0.683130 0.476275 0.562481 0.111716 0.122907 0.118715 0.395966
0.574087
0.661105 0.333333 0.969391 0.510987 0.690646 0.754775 0.888444 0.309037 0.081937 0.443931 0.229242
0.574087
0.650428 0.333333 0.951842 0.510984 0.684740 0.476251 0.562557 0.111658 0.000000 0.119131 0.437645
0.574087
0.661135 0.333333 0.969439 0.510988 0.692793 0.754809 0.888560 0.309397 0.122906 0.443960 0.166721
0.574087
0.650385 0.333333 0.951770 0.510984 0.684740 0.476281 0.562532 0.111339 0.122907 0.118551 0.395965
0.574087
0.661059 0.333333 0.969317 0.510988 0.692793 0.754487 0.888433 0.310068 0.000000 0.446450 0.270921
0.574087
0.650440 0.333333 0.951858 0.510983 0.683667 0.476200 0.562544 0.111687 0.000000 0.118718 0.437646
0.574087
0.660851 0.333333 0.968975 0.510992 0.690646 0.754321 0.888632 0.307858 0.081937 0.444338 0.333442
0.574087
0.650625 0.333333 0.952166 0.510983 0.683667 0.476624 0.562290 0.112961 0.000000 0.119733 0.395965
0.574087
0.661098 0.333333 0.969378 0.510988 0.692793 0.754814 0.888482 0.310281 0.081937 0.445974 0.250081
0.574087
0.650673 0.333333 0.952244 0.510984 0.685277 0.476722 0.562324 0.112930 0.040969 0.119960 0.416805
0.574087
0.661010 0.333333 0.969234 0.510988 0.692793 0.754634 0.888745 0.309064 0.081937 0.445883 0.250081
0.574087
0.650692 0.333333 0.952275 0.510984 0.684740 0.476605 0.562113 0.113318 0.000000 0.120510 0.458486
0.574087
0.661073 0.333333 0.969341 0.510988 0.691719 0.754690 0.888803 0.309703 0.040969 0.444450 0.312602
0.574087
0.650416 0.333333 0.951822 0.510983 0.683130 0.476239 0.562554 0.111435 0.122907 0.118674 0.354285
0.574087
0.661139 0.333333 0.969445 0.510988 0.692256 0.754914 0.889244 0.312647 0.081937 0.450992 0.208401
0.574087
0.650412 0.333333 0.951813 0.510984 0.685277 0.476297 0.562546 0.111693 0.040969 0.118906 0.395965
0.574087
0.661092 0.333333 0.969369 0.510988 0.692793 0.754821 0.888617 0.309877 0.081937 0.445960 0.312601
0.574087
0.650477 0.333333 0.951920 0.510984 0.684740 0.476312 0.562597 0.111760 0.040969 0.119032 0.437645
0.574087
0.661069 0.333333 0.969330 0.510988 0.692256 0.754760 0.889004 0.310451 0.040969 0.445886 0.270921
0.574087
0.650702 0.333333 0.952291 0.510983 0.683130 0.476700 0.562143 0.113087 0.122907 0.119834 0.395966
0.574087
0.660995 0.333333 0.969211 0.510987 0.691182 0.754745 0.889091 0.309795 0.040969 0.446664 0.291762
0.574087
0.650461 0.333333 0.951894 0.510984 0.685277 0.476325 0.562474 0.111773 0.000000 0.119254 0.375124
0.574087
0.660820 0.333333 0.968922 0.510988 0.692793 0.754264 0.888828 0.308555 0.040969 0.445968 0.291761
0.574087
0.650713 0.333333 0.952308 0.510984 0.684740 0.476718 0.562275 0.113186 0.081938 0.119404 0.395965
0.574087
0.661064 0.333333 0.969323 0.511059 0.692793 0.754641 0.888865 0.309966 0.040968 0.445568 0.270917
0.574087
0.650441 0.333333 0.951861 0.510983 0.683130 0.476236 0.562503 0.111793 0.000000 0.118885 0.333445
0.574087
0.661108 0.333333 0.969397 0.510987 0.690646 0.754856 0.888534 0.310113 0.000000 0.447433 0.291762
0.574087
0.650533 0.333333 0.952015 0.510984 0.685277 0.476527 0.562474 0.112113 0.081938 0.119090 0.395965
0.574087
0.661081 0.333333 0.969351 0.510988 0.692793 0.754814 0.888960 0.310631 0.000000 0.447498 0.291761
0.574087
0.650418 0.333333 0.951826 0.510984 0.684740 0.476258 0.562545 0.111091 0.081938 0.118031 0.375125
0.574087
0.660844 0.333333 0.968962 0.510988 0.692256 0.754254 0.888833 0.308228 0.040969 0.445304 0.333442
0.574087
0.650447 0.333333 0.951870 0.510983 0.683667 0.476320 0.562623 0.111646 0.040969 0.118912 0.416806
0.574087
0.661085 0.333333 0.969358 0.510987 0.690646 0.754849 0.888783 0.310238 0.000000 0.446883 0.229242
0.574087
0.650673 0.333333 0.952241 0.510983 0.683667 0.476654 0.562135 0.112523 0.081938 0.119019 0.375125
0.574087
0.661068 0.333333 0.969329 0.510988 0.692793 0.754830 0.889053 0.309663 0.081937 0.445626 0.270921
0.574087
0.650677 0.333333 0.952248 0.510984 0.685277 0.476683 0.562124 0.112689 0.081938 0.119774 0.375124
0.574087
0.661000 0.333333 0.969217 0.510988 0.692793 0.754668 0.888619 0.309300 0.040969 0.446630 0.229241
0.574087
0.650484 0.333333 0.951930 0.510984 0.684740 0.476416 0.562552 0.111970 0.081938 0.119114 0.416805
0.574087
0.660896 0.333333 0.969048 0.510987 0.691182 0.754597 0.888958 0.308615 0.000000 0.444201 0.250082
0.574087
0.650595 0.333333 0.952112 0.510983 0.683130 0.476588 0.562442 0.112499 0.040969 0.119158 0.395966
0.574087
0.661083 0.333333 0.969354 0.510988 0.692256 0.754644 0.888566 0.309854 0.081937 0.446994 0.208401
0.574087
0.650500 0.333333 0.951958 0.510984 0.685277 0.476320 0.562632 0.112230 0.040969 0.119399 0.437645
0.574087
0.661230 0.333333 0.969597 0.510988 0.692793 0.754975 0.889048 0.311725 0.081937 0.448031 0.250081
0.574087
0.650473 0.333333 0.951913 0.510984 0.684740 0.476305 0.562490 0.111733 0.040969 0.118753 0.395965
0.574087
0.661097 0.333333 0.969376 0.510988 0.692256 0.754665 0.888922 0.310216 0.000000 0.445895 0.270921
0.574087
0.650654 0.333333 0.952212 0.510983 0.683130 0.476491 0.562042 0.112716 0.000000 0.119919 0.437646
0.574087
0.660864 0.333333 0.968995 0.510987 0.691182 0.754378 0.888826 0.308373 0.122906 0.444128 0.250082
0.574087
0.650684 0.333333 0.952259 0.510984 0.685277 0.476578 0.562245 0.113070 0.040969 0.119924 0.395965
0.574087
0.660805 0.333333 0.968897 0.510988 0.692793 0.754339 0.888808 0.307844 0.000000 0.444242 0.270921
0.574087
0.650398 0.333333 0.951793 0.510984 0.684740 0.476260 0.562523 0.111209 0.040969 0.118622 0.375125
0.574087
0.660841 0.333333 0.968955 0.510988 0.692256 0.754168 0.888616 0.308782 0.000000 0.446439 0.333442
0.574087
0.650390 0.333333 0.951775 0.510983 0.683130 0.476261 0.562541 0.111354 0.040969 0.118863 0.354285
0.574087
0.660851 0.333333 0.968974 0.510987 0.690646 0.754402 0.888713 0.308142 0.000000 0.445739 0.250082
0.574087
0.650396 0.333333 0.951788 0.510984 0.684740 0.476160 0.562512 0.111364 0.040969 0.118904 0.354284
0.574087
0.660824 0.333333 0.968929 0.510988 0.692793 0.754310 0.888728 0.308240 0.040969 0.445618 0.270921
0.574087
0.650382 0.333333 0.951765 0.510984 0.684740 0.476259 0.562581 0.111027 0.081938 0.118069 0.416805
0.574087
0.661071 0.333333 0.969333 0.510988 0.692793 0.754618 0.888903 0.310065 0.040969 0.446554 0.208401
0.574087
0.650726 0.333333 0.952330 0.510983 0.684203 0.476672 0.562269 0.112739 0.000000 0.119172 0.354285
0.574087
0.661023 0.333333 0.969257 0.510987 0.690646 0.754556 0.888442 0.309584 0.040969 0.446470 0.250082
0.574087
0.650451 0.333333 0.951879 0.510983 0.683667 0.476368 0.562594 0.111463 0.122907 0.118584 0.354285
0.574087
0.660912 0.333333 0.969075 0.510988 0.692793 0.754381 0.888638 0.308448 0.040969 0.444909 0.250081
0.574087
0.650396 0.333333 0.951787 0.510984 0.685277 0.476235 0.562437 0.111126 0.081938 0.118474 0.354284
0.574087
0.661099 0.333333 0.969382 0.510988 0.692793 0.754881 0.889138 0.310773 0.081937 0.447451 0.270921
0.574087
0.650489 0.333333 0.951940 0.510984 0.684740 0.476482 0.562687 0.111860 0.000000 0.118734 0.395965
0.574087
0.661011 0.333333 0.969236 0.510987 0.691182 0.754710 0.888591 0.308836 0.040969 0.445227 0.187561
0.574087
0.650421 0.333333 0.951828 0.510983 0.683130 0.476286 0.562554 0.111496 0.122907 0.119128 0.354285
0.574087
0.661129 0.333333 0.969431 0.510988 0.692256 0.754937 0.889133 0.310579 0.040969 0.446480 0.270921
0.574087
0.650637 0.333333 0.952181 0.510984 0.685277 0.476716 0.562265 0.112553 0.081938 0.119136 0.416805
0.574087
0.661014 0.333333 0.969242 0.510988 0.692793 0.754651 0.888818 0.309513 0.040969 0.445618 0.208401
0.574087
0.650439 0.333333 0.951858 0.510984 0.684740 0.476274 0.562490 0.111615 0.122907 0.118843 0.333444
0.574087
0.661073 0.333333 0.969338 0.510988 0.692256 0.754666 0.888315 0.308873 0.081937 0.443437 0.229241
0.574087
0.650351 0.333333 0.951714 0.510983 0.683130 0.476095 0.562360 0.111042 0.040969 0.118261 0.416806
0.574087
0.660835 0.333333 0.968948 0.510987 0.691182 0.754447 0.888983 0.308691 0.000000 0.445643 0.270922
0.574087
0.650373 0.333333 0.951749 0.510984 0.685277 0.476081 0.562456 0.110705 0.081938 0.118064 0.416805
0.574087
0.660908 0.333333 0.969066 0.510988 0.692793 0.754342 0.888919 0.307860 0.000000 0.443727 0.333441
0.574087
0.650502 0.333333 0.951962 0.510984 0.684740 0.476432 0.562603 0.112089 0.122907 0.119333 0.395965
0.574087
0.661132 0.333333 0.969435 0.511012 0.692793 0.754780 0.888837 0.310049 0.040968 0.445268 0.250080
0.574087
0.325320 0.333333 0.417550 0.088846 0.326265 0.583604 0.698139 0.120751 0.081938 0.133660 0.375125
0.574087
