451 11 1
0.333843 1.000000 0.992503 0.000010 0.409967 0.296836 0.766508 0.094108 0.262840 0.144146 0.164232
0.663419
0.333782 1.000000 0.992216 0.000010 0.409967 0.297228 0.766774 0.093206 0.000000 0.141461 0.054744
0.663419
0.333893 1.000000 0.992740 0.000010 0.409967 0.297341 0.766559 0.092585 0.023895 0.140613 0.036496
0.663419
0.333987 1.000000 0.993184 0.000010 0.409967 0.296884 0.766398 0.093879 0.047789 0.142693 0.072992
0.663419
0.333795 1.000000 0.992273 0.000010 0.409967 0.297198 0.766927 0.092754 0.000000 0.141063 0.036496
0.663419
0.333820 1.000000 0.992391 0.000010 0.409967 0.297177 0.766808 0.094144 0.071684 0.144652 0.018248
0.663419
0.333857 1.000000 0.992573 0.000010 0.409967 0.297234 0.766995 0.094096 0.000000 0.146001 0.018248
0.663419
0.333798 1.000000 0.992289 0.000010 0.409967 0.297371 0.767012 0.094038 0.000000 0.145298 0.054744
0.663419
0.333940 1.000000 0.992968 0.000010 0.409967 0.296934 0.766262 0.095360 0.023895 0.147069 0.054744
0.663419
0.333875 1.000000 0.992656 0.000010 0.409967 0.297054 0.766557 0.094794 0.000000 0.145495 0.036496
0.663419
0.333896 1.000000 0.992754 0.000010 0.409967 0.296766 0.766399 0.093948 0.000000 0.145209 0.072992
0.663419
0.333825 1.000000 0.992418 0.000010 0.409967 0.297677 0.767123 0.093938 0.023895 0.144282 0.036496
0.663419
0.333812 1.000000 0.992356 0.000010 0.409967 0.296766 0.766297 0.094378 0.023895 0.146390 0.036496
0.663419
0.333865 1.000000 0.992611 0.000010 0.409967 0.297234 0.766728 0.095073 0.000000 0.149117 0.036496
0.663419
0.333822 1.000000 0.992407 0.000010 0.409967 0.297157 0.766680 0.094154 0.000000 0.144061 0.054744
0.663419
0.333862 1.000000 0.992592 0.000010 0.409967 0.297221 0.766933 0.094541 0.000000 0.145650 0.036496
0.663419
0.333779 1.000000 0.992200 0.000010 0.409967 0.297583 0.766945 0.092909 0.000000 0.141082 0.072992
0.663419
0.333868 1.000000 0.992621 0.000010 0.409967 0.296775 0.766555 0.095896 0.000000 0.149496 0.054744
0.663419
0.333953 1.000000 0.993025 0.000010 0.409967 0.297168 0.766608 0.094445 0.023895 0.146751 0.018248
0.663419
0.333939 1.000000 0.992957 0.000010 0.409967 0.297529 0.766544 0.094799 0.023895 0.145219 0.054744
0.663419
0.333841 1.000000 0.992493 0.000010 0.409967 0.297361 0.766804 0.093918 0.047789 0.145448 0.054744
0.663419
0.333893 1.000000 0.992744 0.000010 0.409967 0.296940 0.766296 0.095298 0.000000 0.146502 0.036496
0.663419
0.333893 1.000000 0.992739 0.000010 0.409967 0.296809 0.766642 0.094393 0.000000 0.145842 0.072992
0.663419
0.333869 1.000000 0.992625 0.000010 0.409967 0.297306 0.766758 0.093986 0.000000 0.143565 0.036496
0.663419
0.333778 1.000000 0.992193 0.000010 0.409967 0.297235 0.766858 0.093942 0.047789 0.145120 0.036496
0.663419
0.333960 1.000000 0.993058 0.000010 0.409967 0.297350 0.766311 0.094681 0.000000 0.145814 0.036496
0.663419
0.333826 1.000000 0.992425 0.000010 0.409967 0.297446 0.766663 0.093839 0.023895 0.143237 0.036496
0.663419
0.333824 1.000000 0.992417 0.000010 0.409967 0.297079 0.766587 0.094533 0.000000 0.146816 0.036496
0.663419
0.333809 1.000000 0.992342 0.000010 0.409967 0.297207 0.766744 0.093100 0.023895 0.142590 0.036496
0.663419
0.333891 1.000000 0.992733 0.000010 0.409967 0.297226 0.766481 0.094581 0.000000 0.148770 0.036496
0.663419
0.333891 1.000000 0.992732 0.000010 0.409967 0.297232 0.766302 0.095890 0.047789 0.150480 0.072992
0.663419
0.333748 1.000000 0.992054 0.000010 0.409967 0.297389 0.766730 0.093500 0.023895 0.145083 0.036496
0.663419
0.333878 1.000000 0.992668 0.000010 0.409967 0.297253 0.766617 0.094880 0.023895 0.146240 0.018248
0.663419
0.333840 1.000000 0.992492 0.000010 0.409967 0.297235 0.766788 0.093634 0.047789 0.143855 0.054744
0.663419
0.333961 1.000000 0.993066 0.000010 0.409967 0.297132 0.766792 0.094898 0.023895 0.147196 0.054744
0.663419
0.333824 1.000000 0.992415 0.000010 0.409967 0.297560 0.766811 0.092689 0.047789 0.142187 0.054744
0.663419
0.333734 1.000000 0.991984 0.000010 0.409967 0.297730 0.766718 0.093543 0.023895 0.142286 0.018248
0.663419
0.334016 1.000000 0.993325 0.000010 0.409967 0.297390 0.766616 0.094370 0.047789 0.144980 0.054744
0.663419
0.333847 1.000000 0.992522 0.000010 0.409967 0.297718 0.766746 0.093455 0.000000 0.143738 0.036496
0.663419
0.333810 1.000000 0.992346 0.000010 0.409967 0.297471 0.766802 0.093631 0.000000 0.145472 0.072992
0.663419
0.334053 1.000000 0.993498 0.000010 0.409967 0.296978 0.766546 0.094031 0.000000 0.144666 0.072992
0.663419
0.333876 1.000000 0.992659 0.000010 0.409967 0.297042 0.766437 0.094284 0.023895 0.144764 0.054744
0.663419
0.333912 1.000000 0.992832 0.000010 0.409967 0.297485 0.766545 0.094070 0.023895 0.144647 0.036496
0.663419
0.333812 1.000000 0.992359 0.000010 0.409967 0.297252 0.766881 0.093674 0.000000 0.144680 0.054744
0.663419
0.333801 1.000000 0.992301 0.000010 0.409967 0.297585 0.766853 0.093204 0.000000 0.143368 0.036496
0.663419
0.333900 1.000000 0.992776 0.000010 0.409967 0.297327 0.766836 0.094055 0.000000 0.146306 0.018248
0.663419
0.333983 1.000000 0.993167 0.000010 0.409967 0.297233 0.766822 0.092623 0.023895 0.144675 0.036496
0.663419
0.333847 1.000000 0.992520 0.000010 0.409967 0.296932 0.766378 0.093711 0.023895 0.144169 0.018248
0.663419
0.333757 1.000000 0.992090 0.000010 0.409967 0.297318 0.766694 0.093450 0.023895 0.144108 0.018248
0.663419
0.333905 1.000000 0.992797 0.000010 0.409967 0.296831 0.766477 0.094885 0.000000 0.145978 0.036496
0.663419
0.333860 1.000000 0.992583 0.000010 0.409967 0.297070 0.766786 0.092944 0.023895 0.142618 0.000000
0.663419
0.333797 1.000000 0.992284 0.000010 0.409967 0.297450 0.766775 0.094106 0.023895 0.144816 0.018248
0.663419
0.333820 1.000000 0.992393 0.000010 0.409967 0.297492 0.766862 0.094941 0.000000 0.147126 0.072992
0.663419
0.333766 1.000000 0.992141 0.000010 0.409967 0.297152 0.766824 0.092626 0.023895 0.141288 0.036496
0.663419
0.333780 1.000000 0.992205 0.000010 0.409967 0.297152 0.766686 0.093512 0.047789 0.144760 0.018248
0.663419
0.333774 1.000000 0.992177 0.000010 0.409967 0.297214 0.766889 0.093741 0.000000 0.143321 0.091240
0.663419
0.333776 1.000000 0.992183 0.000010 0.409967 0.297344 0.766787 0.094470 0.000000 0.145861 0.054744
0.663419
0.333844 1.000000 0.992510 0.000010 0.409967 0.297283 0.766791 0.094363 0.047789 0.144816 0.036496
0.663419
0.333893 1.000000 0.992742 0.000010 0.409967 0.297365 0.766708 0.094701 0.000000 0.146971 0.109488
0.663419
0.333864 1.000000 0.992606 0.000010 0.409967 0.297139 0.766509 0.094098 0.047789 0.146947 0.036496
0.663419
0.333791 1.000000 0.992254 0.000010 0.409967 0.297191 0.766827 0.094182 0.023895 0.144455 0.018248
0.663419
0.333823 1.000000 0.992409 0.000010 0.409967 0.296940 0.766766 0.092912 0.000000 0.141789 0.054744
0.663419
0.333827 1.000000 0.992430 0.000010 0.409967 0.296636 0.766409 0.094006 0.000000 0.145842 0.054744
0.663419
0.333951 1.000000 0.993015 0.000010 0.409967 0.297166 0.766857 0.094284 0.000000 0.144530 0.036496
0.663419
0.333836 1.000000 0.992471 0.000000 0.409967 0.297370 0.766717 0.094294 0.023895 0.147215 0.072992
0.663419
0.333757 1.000000 0.992094 0.000000 0.409967 0.296997 0.766705 0.093748 0.023895 0.142881 0.072992
0.663419
0.333749 1.000000 0.992059 0.000000 0.409967 0.297345 0.766904 0.092864 0.000000 0.141869 0.072992
0.663419
0.333892 1.000000 0.992737 0.000000 0.409967 0.297186 0.766277 0.094887 0.000000 0.147524 0.036496
0.663419
0.333737 1.000000 0.992004 0.000000 0.409967 0.297502 0.766869 0.092195 0.023895 0.141602 0.000000
0.663419
0.333778 1.000000 0.992197 0.000000 0.409967 0.297375 0.766844 0.093231 0.000000 0.144006 0.018248
0.663419
0.333901 1.000000 0.992779 0.000000 0.409967 0.296960 0.766053 0.094148 0.000000 0.145486 0.036496
0.663419
0.333834 1.000000 0.992462 0.000000 0.409967 0.297150 0.766599 0.094385 0.000000 0.143720 0.018248
0.663419
0.333864 1.000000 0.992604 0.000000 0.409967 0.297011 0.766370 0.094460 0.023895 0.147220 0.018248
0.663419
0.333840 1.000000 0.992486 0.000000 0.409967 0.297206 0.766821 0.093231 0.047789 0.142291 0.018248
0.663419
0.333950 1.000000 0.993011 0.000000 0.409967 0.296930 0.766314 0.094781 0.000000 0.146695 0.036496
0.663419
0.663014 0.333333 0.981419 0.000425 0.692562 0.555658 0.923364 0.333794 0.071666 0.277126 0.109456
1.003317
0.662953 0.333333 0.981271 0.000425 0.692562 0.556051 0.923596 0.334348 0.023889 0.280564 0.091213
1.003317
0.663014 0.333333 0.981417 0.000426 0.693165 0.556253 0.924080 0.334879 0.000000 0.280062 0.091213
1.003317
0.663102 0.333333 0.981626 0.000427 0.693767 0.556234 0.923813 0.336579 0.095555 0.282760 0.091213
1.003317
0.662966 0.333333 0.981306 0.000426 0.693165 0.555922 0.923443 0.334278 0.047777 0.279168 0.127700
1.003317
0.663048 0.333333 0.981494 0.000426 0.693165 0.555420 0.923466 0.334208 0.023889 0.278990 0.091213
1.003317
0.663074 0.333333 0.981557 0.000426 0.693165 0.555785 0.923717 0.335603 0.047777 0.280994 0.164187
1.003317
0.663073 0.333333 0.981558 0.000425 0.692562 0.555779 0.923552 0.335612 0.023889 0.282971 0.072969
1.003317
0.663032 0.333333 0.981459 0.000425 0.692562 0.555669 0.924025 0.334772 0.000000 0.280859 0.182430
1.003317
0.663072 0.333333 0.981553 0.000426 0.693165 0.555725 0.923821 0.334660 0.023889 0.279566 0.145943
1.003317
0.663037 0.333333 0.981472 0.000427 0.693767 0.555412 0.923487 0.332999 0.023889 0.278230 0.109456
1.003317
0.663039 0.333333 0.981478 0.000426 0.693165 0.555932 0.923933 0.334383 0.047777 0.280671 0.182430
1.003317
0.662974 0.333333 0.981323 0.000426 0.693165 0.555815 0.924046 0.335050 0.023889 0.281266 0.109456
1.003317
0.663021 0.333333 0.981434 0.000426 0.693165 0.555625 0.923719 0.334096 0.047777 0.280015 0.109456
1.003317
0.663047 0.333333 0.981497 0.000425 0.692562 0.555959 0.923960 0.334579 0.000000 0.280732 0.145943
1.003317
0.663035 0.333333 0.981466 0.000425 0.692562 0.555870 0.924054 0.333946 0.071666 0.278784 0.091213
1.003317
0.662938 0.333333 0.981236 0.000426 0.693165 0.555487 0.923640 0.334379 0.023889 0.281753 0.109456
1.003317
0.663035 0.333333 0.981466 0.000427 0.693767 0.555615 0.923695 0.334296 0.095555 0.279345 0.127700
1.003317
0.663065 0.333333 0.981539 0.000426 0.693165 0.555893 0.923857 0.335248 0.047777 0.281027 0.145943
1.003317
0.663023 0.333333 0.981438 0.000426 0.693165 0.555996 0.923749 0.335049 0.000000 0.282460 0.145943
1.003317
0.663036 0.333333 0.981470 0.000426 0.693165 0.555614 0.923872 0.334504 0.071666 0.279833 0.127700
1.003317
0.663024 0.333333 0.981440 0.000425 0.692562 0.555540 0.923691 0.334274 0.023889 0.279060 0.182430
1.003317
0.663706 0.333333 0.983057 0.000430 0.695574 0.562224 0.922303 0.347190 0.071666 0.278516 0.109456
1.003317
0.663600 0.333333 0.982806 0.000431 0.696176 0.560478 0.922091 0.352479 0.047777 0.286164 0.109456
1.003317
0.663581 0.333333 0.982765 0.000431 0.696778 0.560515 0.922263 0.353884 0.000000 0.289522 0.145943
1.003317
0.663611 0.333333 0.982834 0.000430 0.695574 0.560915 0.922464 0.353029 0.023889 0.290019 0.145943
1.003317
0.663469 0.333333 0.982496 0.000430 0.695574 0.560570 0.922998 0.354289 0.023889 0.287846 0.072969
1.003317
0.663366 0.333333 0.982252 0.000430 0.695574 0.560205 0.922991 0.353114 0.023889 0.283176 0.145943
1.003317
0.663305 0.333333 0.982106 0.000430 0.695574 0.560217 0.922413 0.353066 0.047777 0.283645 0.164186
1.003317
0.663651 0.333333 0.982927 0.000430 0.695574 0.560495 0.922249 0.352634 0.047777 0.287888 0.091213
1.003317
0.663569 0.333333 0.982734 0.000431 0.696176 0.561078 0.923301 0.353939 0.023889 0.287640 0.109456
1.003317
0.663560 0.333333 0.982712 0.000431 0.696176 0.561059 0.923582 0.353577 0.000000 0.286970 0.091213
1.003317
0.663488 0.333333 0.982541 0.000504 0.695574 0.560137 0.922154 0.352070 0.023889 0.284840 0.109455
1.003317
0.663696 0.333333 0.983034 0.000430 0.695574 0.560540 0.923040 0.354643 0.119443 0.292572 0.109456
1.003317
0.663607 0.333333 0.982825 0.000430 0.695574 0.560841 0.922890 0.353956 0.047777 0.289528 0.182430
1.003317
0.663565 0.333333 0.982723 0.000430 0.695574 0.560392 0.922560 0.354861 0.000000 0.290408 0.127699
1.003317
0.663602 0.333333 0.982813 0.000430 0.695574 0.560387 0.922812 0.352320 0.047777 0.286033 0.109456
1.003317
0.663528 0.333333 0.982636 0.000431 0.696176 0.560277 0.922317 0.352529 0.071666 0.284038 0.054726
1.003317
0.663589 0.333333 0.982780 0.000431 0.696176 0.560147 0.922264 0.353874 0.000000 0.289991 0.145943
1.003317
0.663621 0.333333 0.982859 0.000430 0.695574 0.560775 0.922811 0.352138 0.047777 0.286211 0.182430
1.003317
0.663592 0.333333 0.982789 0.000430 0.695574 0.560484 0.922772 0.354394 0.071666 0.288389 0.127699
1.003317
0.663639 0.333333 0.982900 0.000430 0.695574 0.560538 0.922600 0.352589 0.023889 0.288160 0.127699
1.003317
0.663480 0.333333 0.982523 0.000430 0.695574 0.560564 0.922715 0.353602 0.047777 0.286085 0.182430
1.003317
0.663619 0.333333 0.982852 0.000430 0.695574 0.560490 0.923034 0.356720 0.047777 0.295083 0.072969
1.003317
0.663599 0.333333 0.982804 0.000431 0.696778 0.560621 0.922494 0.353744 0.047777 0.288463 0.145943
1.003317
0.663482 0.333333 0.982526 0.000431 0.696176 0.560385 0.922761 0.354063 0.023889 0.287017 0.109456
1.003317
0.663618 0.333333 0.982852 0.000429 0.694971 0.560433 0.922902 0.353845 0.023889 0.288502 0.164186
1.003317
0.663641 0.333333 0.982905 0.000430 0.695574 0.560684 0.922957 0.353790 0.047777 0.289855 0.164186
1.003317
0.663552 0.333333 0.982695 0.000430 0.695574 0.560355 0.922534 0.353765 0.023889 0.288001 0.127699
1.003317
0.663581 0.333333 0.982760 0.000430 0.695574 0.560388 0.922396 0.353346 0.023889 0.289284 0.164186
1.003317
0.663621 0.333333 0.982857 0.000430 0.695574 0.561021 0.923066 0.354895 0.023889 0.290909 0.182430
1.003317
0.663625 0.333333 0.982866 0.000431 0.696778 0.560215 0.922860 0.353161 0.023889 0.287653 0.127699
1.003317
0.663665 0.333333 0.982959 0.000431 0.696778 0.560936 0.922985 0.353889 0.000000 0.290262 0.127699
1.003317
0.663610 0.333333 0.982830 0.000429 0.694971 0.560407 0.922881 0.353642 0.023889 0.288315 0.145943
1.003317
0.663654 0.333333 0.982933 0.000430 0.695574 0.561053 0.922895 0.353232 0.023889 0.290286 0.164186
1.003317
0.663604 0.333333 0.982819 0.000430 0.695574 0.560768 0.923094 0.353255 0.000000 0.286666 0.127699
1.003317
0.663611 0.333333 0.982833 0.000430 0.695574 0.560550 0.922848 0.353595 0.047777 0.289509 0.091213
1.003317
0.663562 0.333333 0.982715 0.000430 0.695574 0.560541 0.923151 0.355088 0.071666 0.290066 0.072969
1.003317
0.663412 0.333333 0.982361 0.000431 0.696176 0.559919 0.922377 0.353588 0.023889 0.286188 0.127699
1.003317
0.663609 0.333333 0.982828 0.000431 0.696778 0.560400 0.922839 0.353372 0.071666 0.285925 0.145943
1.003317
0.663632 0.333333 0.982881 0.000429 0.694971 0.560972 0.922863 0.352037 0.000000 0.286727 0.164186
1.003317
0.663652 0.333333 0.982930 0.000430 0.695574 0.560528 0.922566 0.353717 0.000000 0.289106 0.200673
1.003317
0.663671 0.333333 0.982976 0.000430 0.695574 0.561068 0.922749 0.352322 0.047777 0.288549 0.072969
1.003317
0.663605 0.333333 0.982819 0.000430 0.695574 0.560553 0.922743 0.353504 0.023889 0.288254 0.127699
1.003317
0.663594 0.333333 0.982794 0.000430 0.695574 0.559994 0.922885 0.354155 0.000000 0.289162 0.091213
1.003317
0.663590 0.333333 0.982785 0.000431 0.696778 0.560378 0.922503 0.353126 0.023889 0.288426 0.109456
1.003317
0.663577 0.333333 0.982753 0.000431 0.696176 0.560310 0.922712 0.352288 0.000000 0.286038 0.200673
1.003317
0.663613 0.333333 0.982836 0.000430 0.695574 0.560825 0.922893 0.354424 0.071666 0.290258 0.127699
1.003317
0.663591 0.333333 0.982786 0.000430 0.695574 0.560806 0.922702 0.352616 0.023889 0.288441 0.109456
1.003317
0.663451 0.333333 0.982455 0.000430 0.695574 0.560797 0.923034 0.354321 0.023889 0.288684 0.127699
1.003317
0.663616 0.333333 0.982844 0.000430 0.695574 0.560699 0.922779 0.354379 0.023889 0.289350 0.127699
1.003317
0.663626 0.333333 0.982869 0.000430 0.695574 0.560371 0.922532 0.352430 0.047777 0.285434 0.127699
1.003317
0.663577 0.333333 0.982752 0.000431 0.696778 0.561022 0.922758 0.353422 0.023889 0.288431 0.127699
1.003317
0.663649 0.333333 0.982924 0.000431 0.696778 0.560468 0.922999 0.351435 0.000000 0.285339 0.145943
1.003317
0.663434 0.333333 0.982413 0.000430 0.695574 0.560240 0.922569 0.353404 0.023889 0.286338 0.091213
1.003317
0.124645 1.000000 0.000006 0.999679 0.000000 0.000000 0.043024 0.000000 1.000000 0.028308 1.000000
0.249359
0.124656 1.000000 0.000067 0.999679 0.000000 0.184226 0.001383 0.191381 0.041667 0.031445 0.268134
0.249359
0.124648 1.000000 0.000021 0.999679 0.000000 0.091623 0.043239 0.006076 0.125000 0.024043 0.395415
0.249359
0.124657 1.000000 0.000068 0.999679 0.000000 0.185547 0.001104 0.192721 0.166667 0.031641 0.204494
0.249359
0.124649 1.000000 0.000019 0.999679 0.000000 0.087398 0.042950 0.006041 0.125000 0.028332 0.459056
0.249359
0.124660 1.000000 0.000076 0.999679 0.000000 0.189987 0.000949 0.191097 0.041667 0.033977 0.427236
0.249359
0.124647 1.000000 0.000016 0.999679 0.000000 0.086234 0.043343 0.006203 0.041667 0.024648 0.490876
0.249359
0.124662 1.000000 0.000087 0.999679 0.000000 0.193850 0.001450 0.188030 0.125000 0.029533 0.363595
0.249359
0.124650 1.000000 0.000031 0.999679 0.000000 0.081002 0.043240 0.003524 0.083333 0.027017 0.395415
0.249359
0.124657 1.000000 0.000063 0.999679 0.000000 0.189099 0.000851 0.189006 0.000000 0.032490 0.331775
0.249359
0.124648 1.000000 0.000023 0.999679 0.000000 0.080702 0.043057 0.005476 0.083333 0.026094 0.522696
0.249359
0.124656 1.000000 0.000057 0.999679 0.000000 0.190691 0.000979 0.189038 0.041667 0.032041 0.395415
0.249359
0.124646 1.000000 0.000015 0.999679 0.000000 0.089179 0.042994 0.006099 0.166667 0.026584 0.395415
0.249359
0.124657 1.000000 0.000065 0.999679 0.000000 0.190509 0.000348 0.190697 0.041667 0.032711 0.427236
0.249359
0.124651 1.000000 0.000038 0.999679 0.000000 0.093737 0.042995 0.008607 0.041667 0.026984 0.395415
0.249359
0.124662 1.000000 0.000085 0.999679 0.000000 0.188668 0.000369 0.193112 0.000000 0.034190 0.427236
0.249359
0.124648 1.000000 0.000022 0.999679 0.000000 0.089059 0.043062 0.005363 0.166667 0.026682 0.459056
0.249359
0.124653 1.000000 0.000047 0.999679 0.000000 0.190175 0.001649 0.189151 0.125000 0.032229 0.363595
0.249359
0.124649 1.000000 0.000028 0.999679 0.000000 0.084203 0.043090 0.005664 0.000000 0.025906 0.459056
0.249359
0.124655 1.000000 0.000056 0.999679 0.000000 0.192684 0.001510 0.191117 0.125000 0.033414 0.236314
0.249359
0.124650 1.000000 0.000028 0.999679 0.000000 0.084029 0.043611 0.005320 0.125000 0.025971 0.363595
0.249359
0.124653 1.000000 0.000048 0.999679 0.000000 0.190782 0.001799 0.189979 0.125000 0.031682 0.268134
0.249359
0.124647 1.000000 0.000017 0.999679 0.000000 0.087004 0.043079 0.007860 0.166667 0.025195 0.554517
0.249359
0.124656 1.000000 0.000059 0.999679 0.000000 0.191304 0.000000 0.195093 0.125000 0.035497 0.363595
0.249359
0.124646 1.000000 0.000009 0.999679 0.000000 0.080358 0.043055 0.002922 0.000000 0.026331 0.427236
0.249359
0.124658 1.000000 0.000073 0.999679 0.000000 0.188279 0.001956 0.187109 0.041667 0.032597 0.299955
0.249359
0.124649 1.000000 0.000023 0.999679 0.000000 0.080831 0.043410 0.005271 0.125000 0.026290 0.331775
0.249359
0.124657 1.000000 0.000062 0.999679 0.000000 0.191647 0.001321 0.191323 0.041667 0.030187 0.427236
0.249359
0.124647 1.000000 0.000021 0.999679 0.000000 0.085024 0.043126 0.004648 0.041667 0.027719 0.395415
0.249359
0.124656 1.000000 0.000060 0.999679 0.000000 0.186947 0.001167 0.188954 0.125000 0.031657 0.395415
0.249359
0.124650 1.000000 0.000032 0.999679 0.000000 0.088362 0.043109 0.008085 0.000000 0.025023 0.459056
0.249359
0.124655 1.000000 0.000057 0.999679 0.000000 0.189915 0.000295 0.193521 0.083333 0.033136 0.331775
0.249359
0.124647 1.000000 0.000021 0.999679 0.000000 0.086162 0.043080 0.005786 0.041667 0.025072 0.331775
0.249359
0.124652 1.000000 0.000046 0.999679 0.000000 0.187547 0.000265 0.194323 0.125000 0.033250 0.268134
0.249359
0.124646 1.000000 0.000013 0.999679 0.000000 0.083770 0.043019 0.005407 0.250000 0.026535 0.427236
0.249359
0.124654 1.000000 0.000054 0.999679 0.000000 0.192757 0.001552 0.184952 0.083333 0.030285 0.363595
0.249359
0.124648 1.000000 0.000025 0.999679 0.000000 0.087080 0.043157 0.007596 0.000000 0.027752 0.395415
0.249359
0.124662 1.000000 0.000087 0.999679 0.000000 0.187293 0.001072 0.191140 0.041667 0.030816 0.331775
0.249359
0.124649 1.000000 0.000023 0.999679 0.000000 0.081390 0.043275 0.004975 0.083333 0.026265 0.427236
0.249359
0.124652 1.000000 0.000046 0.999679 0.000000 0.186903 0.001020 0.190825 0.041667 0.032752 0.299955
0.249359
0.124648 1.000000 0.000021 0.999679 0.000000 0.079086 0.043638 0.004883 0.000000 0.025317 0.427236
0.249359
0.124654 1.000000 0.000051 0.999679 0.000000 0.188850 0.000540 0.192168 0.125000 0.031829 0.363595
0.249359
0.124645 1.000000 0.000009 0.999679 0.000000 0.091273 0.043175 0.004958 0.000000 0.023863 0.459056
0.249359
0.124652 1.000000 0.000043 0.999679 0.000000 0.187947 0.001431 0.188039 0.041667 0.032785 0.331775
0.249359
0.124651 1.000000 0.000030 0.999679 0.000000 0.081758 0.043166 0.003860 0.000000 0.025881 0.522696
0.249359
0.124653 1.000000 0.000043 0.999679 0.000000 0.188552 0.001404 0.190891 0.083333 0.030889 0.395415
0.249359
0.124648 1.000000 0.000021 0.999679 0.000000 0.084351 0.043073 0.006791 0.083333 0.026788 0.363595
0.249359
0.124659 1.000000 0.000072 0.999679 0.000000 0.188804 0.000443 0.193272 0.041667 0.034631 0.459056
0.249359
0.124649 1.000000 0.000024 0.999679 0.000000 0.083535 0.043113 0.007315 0.125000 0.026878 0.363595
0.249359
0.124657 1.000000 0.000063 0.999679 0.000000 0.189879 0.000620 0.191360 0.041667 0.032466 0.331775
0.249359
0.124646 1.000000 0.000011 0.999679 0.000000 0.085683 0.043076 0.004106 0.125000 0.027335 0.363595
0.249359
0.124655 1.000000 0.000053 0.999679 0.000000 0.191140 0.001479 0.190040 0.125000 0.033209 0.268134
0.249359
0.124649 1.000000 0.000024 0.999679 0.000000 0.084021 0.043027 0.006635 0.083333 0.027009 0.459056
0.249359
0.124654 1.000000 0.000050 0.999679 0.000000 0.185175 0.000781 0.191172 0.041667 0.031796 0.299955
0.249359
0.124646 1.000000 0.000011 0.999679 0.000000 0.077370 0.044056 0.001816 0.000000 0.022711 0.395415
0.249359
0.124656 1.000000 0.000061 0.999679 0.000000 0.187059 0.001136 0.188902 0.125000 0.031044 0.363595
0.249359
0.124646 1.000000 0.000010 0.999679 0.000000 0.082546 0.043022 0.005447 0.125000 0.025563 0.459056
0.249359
0.124655 1.000000 0.000054 0.999679 0.000000 0.184477 0.001105 0.193289 0.041667 0.033054 0.299955
0.249359
0.124646 1.000000 0.000013 0.999679 0.000000 0.081573 0.043274 0.003976 0.166667 0.024901 0.459056
0.249359
0.124655 1.000000 0.000057 0.999679 0.000000 0.184310 0.001451 0.190932 0.041667 0.031584 0.427236
0.249359
0.124650 1.000000 0.000031 0.999679 0.000000 0.086910 0.043075 0.006362 0.041667 0.028038 0.395415
0.249359
0.124651 1.000000 0.000038 0.999679 0.000000 0.183961 0.001633 0.188154 0.083333 0.031036 0.299955
0.249359
0.124647 1.000000 0.000017 0.999679 0.000000 0.089776 0.043054 0.004567 0.125000 0.025146 0.554517
0.249359
0.124655 1.000000 0.000057 0.999679 0.000000 0.190838 0.001206 0.192742 0.083333 0.031886 0.363595
0.249359
0.124643 1.000000 0.000000 0.999679 0.000000 0.090393 0.043059 0.007538 0.083333 0.026363 0.395415
0.249359
0.124657 1.000000 0.000065 0.999679 0.000000 0.189007 0.000561 0.192052 0.166667 0.032049 0.331775
0.249359
0.124645 1.000000 0.000006 0.999679 0.000000 0.080398 0.043206 0.005111 0.166667 0.025154 0.299955
0.249359
0.124656 1.000000 0.000059 0.999679 0.000000 0.188083 0.000863 0.189762 0.041667 0.034271 0.427236
0.249359
0.124646 1.000000 0.000016 0.999679 0.000000 0.080069 0.043357 0.006038 0.083333 0.026535 0.395415
0.249359
0.124658 1.000000 0.000068 0.999679 0.000000 0.188777 0.000999 0.190080 0.166667 0.032760 0.268134
0.249359
0.124646 1.000000 0.000010 0.999679 0.000000 0.080170 0.043279 0.005181 0.041667 0.025326 0.554517
0.249359
0.124655 1.000000 0.000055 0.999679 0.000000 0.194644 0.000953 0.194140 0.083333 0.033765 0.236314
0.249359
0.124646 1.000000 0.000008 0.999679 0.000000 0.081666 0.043825 0.006414 0.083333 0.025407 0.490876
0.249359
0.124659 1.000000 0.000072 0.999679 0.000000 0.190070 0.001106 0.193240 0.083333 0.035137 0.331775
0.249359
0.124644 1.000000 0.000004 0.999679 0.000000 0.085604 0.043045 0.007712 0.250000 0.025391 0.331775
0.249359
0.124652 1.000000 0.000040 0.999679 0.000000 0.186795 0.000879 0.193051 0.041667 0.032417 0.331775
0.249359
0.124645 1.000000 0.000011 0.999679 0.000000 0.075180 0.044303 0.003018 0.125000 0.023708 0.490876
0.249359
0.124654 1.000000 0.000052 0.999679 0.000000 0.190549 0.000861 0.191352 0.041667 0.030546 0.490876
0.249359
0.124647 1.000000 0.000016 0.999679 0.000000 0.080245 0.043213 0.005378 0.000000 0.026045 0.427236
0.249359
0.124656 1.000000 0.000055 0.999679 0.000000 0.193211 0.001091 0.192999 0.041667 0.032458 0.427236
0.249359
0.124647 1.000000 0.000012 0.999679 0.000000 0.083316 0.043355 0.004034 0.083333 0.025211 0.395415
0.249359
0.124651 1.000000 0.000038 0.999679 0.000000 0.192847 0.001059 0.190538 0.166667 0.031428 0.236314
0.249359
0.124646 1.000000 0.000010 0.999679 0.000000 0.078658 0.043204 0.004468 0.125000 0.026780 0.427236
0.249359
0.124655 1.000000 0.000054 0.999679 0.000000 0.192136 0.001412 0.190037 0.083333 0.031739 0.299955
0.249359
0.124643 1.000000 0.000002 0.999679 0.000000 0.081240 0.043330 0.005887 0.083333 0.024468 0.395415
0.249359
0.124651 1.000000 0.000037 0.999679 0.000000 0.190642 0.001039 0.193718 0.208333 0.033969 0.363595
0.249359
0.124647 1.000000 0.000018 0.999679 0.000000 0.083916 0.043432 0.005430 0.125000 0.025064 0.363595
0.249359
0.124655 1.000000 0.000052 0.999679 0.000000 0.190724 0.000728 0.192924 0.083333 0.032098 0.459056
0.249359
0.124646 1.000000 0.000011 0.999679 0.000000 0.082126 0.043033 0.006417 0.041667 0.027221 0.459056
0.249359
0.124655 1.000000 0.000054 0.999679 0.000000 0.188791 0.000996 0.193576 0.166667 0.033471 0.363595
0.249359
0.124650 1.000000 0.000028 0.999679 0.000000 0.078315 0.043241 0.005129 0.083333 0.026412 0.459056
0.249359
0.124655 1.000000 0.000055 0.999679 0.000000 0.187638 0.000256 0.193984 0.166667 0.032458 0.363595
0.249359
0.124645 1.000000 0.000010 0.999679 0.000000 0.091808 0.043033 0.007544 0.125000 0.026633 0.554517
0.249359
0.124657 1.000000 0.000064 0.999679 0.000000 0.195331 0.000121 0.194783 0.083333 0.033046 0.331775
0.249359
0.124645 1.000000 0.000007 0.999679 0.000000 0.077494 0.043961 0.006134 0.125000 0.023226 0.395415
0.249359
0.124656 1.000000 0.000065 0.999679 0.000000 0.188572 0.001410 0.192490 0.041667 0.029541 0.427236
0.249359
0.124645 1.000000 0.000012 0.999679 0.000000 0.079261 0.044122 0.005363 0.041667 0.024656 0.522696
0.249359
0.124654 1.000000 0.000048 0.999679 0.000000 0.190098 0.001351 0.193274 0.166667 0.031053 0.427236
0.249359
0.124648 1.000000 0.000024 0.999679 0.000000 0.079974 0.043442 0.007718 0.083333 0.028103 0.459056
0.249359
0.124657 1.000000 0.000065 0.999679 0.000000 0.192013 0.001290 0.189594 0.083333 0.034909 0.331775
0.249359
0.124648 1.000000 0.000023 0.999679 0.000000 0.084469 0.043141 0.004355 0.000000 0.024623 0.427236
0.249359
0.124653 1.000000 0.000049 0.999679 0.000000 0.190262 0.000795 0.189379 0.041667 0.030987 0.363595
0.249359
0.124643 1.000000 0.000000 0.999679 0.000000 0.084857 0.043327 0.004926 0.041667 0.024688 0.363595
0.249359
0.124654 1.000000 0.000047 0.999679 0.000000 0.188380 0.001013 0.192892 0.166667 0.033463 0.331775
0.249359
0.124648 1.000000 0.000016 0.999679 0.000000 0.085883 0.043147 0.008010 0.083333 0.027197 0.395415
0.249359
0.124656 1.000000 0.000060 0.999679 0.000000 0.189499 0.000990 0.191091 0.291667 0.032874 0.268134
0.249359
0.124646 1.000000 0.000015 0.999679 0.000000 0.084001 0.043173 0.006403 0.083333 0.025195 0.554517
0.249359
0.124655 1.000000 0.000053 0.999679 0.000000 0.188673 0.001062 0.188647 0.125000 0.032033 0.331775
0.249359
0.124647 1.000000 0.000013 0.999679 0.000000 0.085753 0.043101 0.006336 0.250000 0.026404 0.299955
0.249359
0.124657 1.000000 0.000064 0.999679 0.000000 0.190214 0.001304 0.190790 0.083333 0.032605 0.331775
0.249359
0.124645 1.000000 0.000010 0.999679 0.000000 0.078990 0.043727 0.004964 0.208333 0.025636 0.522696
0.249359
0.124656 1.000000 0.000054 0.999679 0.000000 0.191425 0.000765 0.192950 0.125000 0.031837 0.395415
0.249359
0.124647 1.000000 0.000013 0.999679 0.000000 0.087766 0.043129 0.004500 0.041667 0.026478 0.331775
0.249359
0.124658 1.000000 0.000073 0.999679 0.000000 0.193014 0.000980 0.192449 0.083333 0.032360 0.459056
0.249359
0.124646 1.000000 0.000018 0.999679 0.000000 0.083746 0.043251 0.008210 0.083333 0.026723 0.490876
0.249359
0.124657 1.000000 0.000064 0.999679 0.000000 0.193341 0.000488 0.191676 0.083333 0.034124 0.268134
0.249359
0.124647 1.000000 0.000014 0.999679 0.000000 0.083663 0.043172 0.006206 0.208333 0.024917 0.459056
0.249359
0.124656 1.000000 0.000060 0.999679 0.000000 0.187355 0.000880 0.192643 0.125000 0.032605 0.236314
0.249359
0.124647 1.000000 0.000021 0.999679 0.000000 0.079465 0.042891 0.004298 0.041667 0.025187 0.363595
0.249359
0.124654 1.000000 0.000054 0.999679 0.000000 0.186210 0.001543 0.189029 0.083333 0.033667 0.331775
0.249359
0.124647 1.000000 0.000017 0.999679 0.000000 0.083197 0.043282 0.004445 0.166667 0.024974 0.363595
0.249359
0.124653 1.000000 0.000046 0.999679 0.000000 0.186207 0.000620 0.188421 0.041667 0.032744 0.363595
0.249359
0.124648 1.000000 0.000020 0.999679 0.000000 0.081840 0.043151 0.004683 0.041667 0.027679 0.331775
0.249359
0.124658 1.000000 0.000070 0.999758 0.000000 0.193171 0.000422 0.192005 0.083333 0.033851 0.363592
0.249359
0.124647 1.000000 0.000018 0.999679 0.000000 0.072561 0.043390 0.002638 0.083333 0.024166 0.459056
0.249359
0.124657 1.000000 0.000066 0.999679 0.000000 0.191616 0.001819 0.188737 0.041667 0.030603 0.490876
0.249359
0.124644 1.000000 0.000004 0.999679 0.000000 0.094155 0.042999 0.005827 0.083333 0.025579 0.427236
0.249359
0.124653 1.000000 0.000043 0.999679 0.000000 0.193659 0.000957 0.192385 0.125000 0.031657 0.236314
0.249359
0.124646 1.000000 0.000007 0.999679 0.000000 0.083381 0.043176 0.007089 0.083333 0.027074 0.490876
0.249359
0.124655 1.000000 0.000053 0.999679 0.000000 0.185856 0.001245 0.189794 0.041667 0.031526 0.363595
0.249359
0.124647 1.000000 0.000018 0.999675 0.000000 0.086112 0.042865 0.005262 0.125000 0.026445 0.395415
0.249359
0.124658 1.000000 0.000068 0.999675 0.000000 0.191969 0.001096 0.187830 0.083333 0.030947 0.268134
0.249359
0.124645 1.000000 0.000011 0.999675 0.000000 0.076251 0.043847 0.006542 0.208333 0.024811 0.331775
0.249359
0.124656 1.000000 0.000060 0.999675 0.000000 0.195431 0.000488 0.195936 0.000000 0.034247 0.395415
0.249359
0.124645 1.000000 0.000010 0.999675 0.000000 0.084393 0.042758 0.006258 0.125000 0.027229 0.427236
0.249359
0.124657 1.000000 0.000064 0.999675 0.000000 0.190586 0.001474 0.191601 0.125000 0.032107 0.299955
0.249359
0.124649 1.000000 0.000026 0.999675 0.000000 0.088000 0.043181 0.005007 0.041667 0.024043 0.427236
0.249359
0.124654 1.000000 0.000046 0.999675 0.000000 0.187712 0.000794 0.194766 0.083333 0.031576 0.459056
0.249359
0.124647 1.000000 0.000020 0.999675 0.000000 0.084849 0.043155 0.006021 0.083333 0.024615 0.331775
0.249359
0.124654 1.000000 0.000050 0.999675 0.000000 0.189862 0.000584 0.194091 0.041667 0.033790 0.236314
0.249359
0.124648 1.000000 0.000022 0.999675 0.000000 0.089534 0.043220 0.007648 0.125000 0.024999 0.490876
0.249359
0.124656 1.000000 0.000061 0.999675 0.000000 0.190361 0.001999 0.186267 0.041667 0.031322 0.331775
0.249359
0.124645 1.000000 0.000007 0.999675 0.000000 0.085611 0.043122 0.005937 0.125000 0.024550 0.427236
0.249359
0.124658 1.000000 0.000067 0.999675 0.000000 0.187282 0.000626 0.190466 0.083333 0.032515 0.331775
0.249359
0.124648 1.000000 0.000023 0.999675 0.000000 0.085815 0.043129 0.008992 0.083333 0.027001 0.490876
0.249359
0.124657 1.000000 0.000067 0.999675 0.000000 0.181049 0.001815 0.190515 0.125000 0.030718 0.268134
0.249359
0.124648 1.000000 0.000020 0.999675 0.000000 0.077342 0.043817 0.006687 0.083333 0.025865 0.490876
0.249359
0.124657 1.000000 0.000063 0.999675 0.000000 0.191672 0.001139 0.190747 0.125000 0.031919 0.236314
0.249359
0.124652 1.000000 0.000041 0.999675 0.000000 0.079309 0.043756 0.004978 0.083333 0.024231 0.459056
0.249359
0.124659 1.000000 0.000073 0.999675 0.000000 0.191815 0.001744 0.188065 0.041667 0.031902 0.363595
0.249359
0.186999 1.000000 0.000075 0.999753 0.052394 0.355546 0.044085 0.048247 0.249980 0.036008 0.331747
0.249359
0.249359 0.333333 0.000162 0.999832 0.104788 0.647995 0.047358 0.230173 0.083320 0.043895 0.236273
0.374012
0.249360 0.333333 0.000162 0.999832 0.104788 0.738657 0.060418 0.236178 0.083320 0.037924 0.268088
0.374012
0.249358 0.333333 0.000160 0.999832 0.104788 0.648445 0.047078 0.234180 0.083320 0.042646 0.395349
0.374012
0.249358 0.333333 0.000159 0.999832 0.104788 0.736455 0.061083 0.231198 0.083320 0.035939 0.458979
0.374012
0.249358 0.333333 0.000161 0.999832 0.104788 0.645276 0.046699 0.235987 0.124980 0.041804 0.395349
0.374012
0.249371 0.333333 0.000192 0.999831 0.103583 0.737561 0.061342 0.228144 0.000000 0.038897 0.299904
0.374012
0.249355 0.333333 0.000155 0.999831 0.103583 0.647780 0.046722 0.239442 0.083320 0.040809 0.395349
0.374012
0.249356 0.333333 0.000153 0.999831 0.103583 0.738230 0.060343 0.231182 0.124980 0.038350 0.363534
0.374012
0.249355 0.333333 0.000155 0.999831 0.103583 0.648805 0.047319 0.235339 0.208300 0.041070 0.268089
0.374012
0.249360 0.333333 0.000162 0.999832 0.104788 0.737197 0.060707 0.235101 0.166640 0.035719 0.236273
0.374012
0.249354 0.333333 0.000152 0.999832 0.104788 0.648545 0.047317 0.232727 0.083320 0.042115 0.299903
0.374012
0.249358 0.333333 0.000157 0.999832 0.104788 0.738085 0.060710 0.233242 0.041660 0.039150 0.331718
0.374012
0.249351 0.333333 0.000144 0.999832 0.104788 0.648641 0.046842 0.234907 0.083320 0.040162 0.299903
0.374012
0.249354 0.333333 0.000152 0.999832 0.104788 0.737431 0.060599 0.233572 0.083320 0.037671 0.268088
0.374012
0.249359 0.333333 0.000163 0.999832 0.104788 0.648529 0.047305 0.229235 0.000000 0.040073 0.395349
0.374012
0.249355 0.333333 0.000152 0.999832 0.104788 0.736785 0.060808 0.231021 0.041660 0.038357 0.363533
0.374012
0.249360 0.333333 0.000166 0.999832 0.104788 0.649479 0.046817 0.236899 0.124980 0.043454 0.458979
0.374012
0.249362 0.333333 0.000170 0.999832 0.104788 0.738483 0.060620 0.233225 0.083320 0.038447 0.236273
0.374012
0.249355 0.333333 0.000154 0.999832 0.104788 0.650392 0.047256 0.233477 0.041660 0.041453 0.427164
0.374012
0.249356 0.333333 0.000156 0.999831 0.103583 0.737693 0.061048 0.229824 0.083320 0.035581 0.268089
0.374012
0.249361 0.333333 0.000165 0.999831 0.103583 0.649650 0.047031 0.234230 0.124980 0.043276 0.331719
0.374012
0.249360 0.333333 0.000162 0.999831 0.103583 0.738268 0.060920 0.231648 0.083320 0.037509 0.268089
0.374012
0.249357 0.333333 0.000157 0.999831 0.103583 0.648964 0.046974 0.238081 0.083320 0.042442 0.204458
0.374012
0.249361 0.333333 0.000166 0.999831 0.104185 0.737827 0.060879 0.231285 0.124980 0.038472 0.204458
0.374012
0.249361 0.333333 0.000166 0.999832 0.104788 0.648210 0.046622 0.237597 0.083320 0.042221 0.458979
0.374012
0.249365 0.333333 0.000176 0.999832 0.104788 0.736712 0.060777 0.232223 0.124980 0.036617 0.268088
0.374012
0.249361 0.333333 0.000167 0.999832 0.104788 0.648814 0.047260 0.232382 0.000000 0.043552 0.458979
0.374012
0.249360 0.333333 0.000163 0.999832 0.104788 0.737280 0.060896 0.235538 0.208300 0.036846 0.268088
0.374012
0.249359 0.333333 0.000162 0.999832 0.104788 0.646580 0.047011 0.233480 0.124980 0.041510 0.299903
0.374012
0.249362 0.333333 0.000169 0.999832 0.104788 0.737250 0.061095 0.229339 0.041660 0.036740 0.331718
0.374012
0.249356 0.333333 0.000155 0.999832 0.104788 0.649925 0.046738 0.234594 0.041660 0.039199 0.331718
0.374012
0.249360 0.333333 0.000165 0.999832 0.104788 0.737973 0.060556 0.233010 0.041660 0.037402 0.268088
0.374012
0.249357 0.333333 0.000157 0.999832 0.104788 0.649006 0.047199 0.233729 0.083320 0.043070 0.363533
0.374012
0.249365 0.333333 0.000176 0.999831 0.103583 0.737403 0.060910 0.234662 0.083320 0.038710 0.236274
0.374012
0.249358 0.333333 0.000159 0.999831 0.103583 0.649994 0.047046 0.236350 0.041660 0.042181 0.331719
0.374012
0.249367 0.333333 0.000181 0.999831 0.103583 0.738872 0.060945 0.231804 0.124980 0.037672 0.331719
0.374012
0.249360 0.333333 0.000163 0.999831 0.103583 0.648547 0.046816 0.237305 0.124980 0.041854 0.395349
0.374012
0.249358 0.333333 0.000159 0.999832 0.104788 0.738136 0.060707 0.226490 0.041660 0.036936 0.299903
0.374012
0.249358 0.333333 0.000157 0.999832 0.104788 0.649125 0.047014 0.235900 0.041660 0.044418 0.395349
0.374012
0.249367 0.333333 0.000179 0.999832 0.104788 0.736768 0.060999 0.231899 0.208300 0.037826 0.172643
0.374012
0.249362 0.333333 0.000171 0.999832 0.104788 0.648663 0.047029 0.232095 0.000000 0.040546 0.331718
0.374012
0.249358 0.333333 0.000162 0.999832 0.104788 0.737388 0.060486 0.231624 0.041660 0.038954 0.204458
0.374012
0.249358 0.333333 0.000159 0.999832 0.104788 0.651745 0.047101 0.232527 0.124980 0.040783 0.204458
0.374012
0.249359 0.333333 0.000162 0.999832 0.104788 0.725873 0.063031 0.228575 0.166640 0.038472 0.172643
0.374012
0.249359 0.333333 0.000161 0.999832 0.104788 0.632937 0.050030 0.232391 0.041660 0.041339 0.299903
0.374012
0.249360 0.333333 0.000164 0.999832 0.104788 0.720504 0.063093 0.241138 0.041660 0.039052 0.268088
0.374012
0.249353 0.333333 0.000148 0.999832 0.104788 0.639171 0.047354 0.229061 0.083320 0.044214 0.363533
0.374012
0.249354 0.333333 0.000147 0.999831 0.103583 0.726836 0.061417 0.240059 0.000000 0.035891 0.331719
0.374012
0.249363 0.333333 0.000173 0.999831 0.103583 0.640699 0.047174 0.231960 0.083320 0.043562 0.299904
0.374012
0.249360 0.333333 0.000164 0.999831 0.103583 0.726016 0.061612 0.240134 0.166640 0.037672 0.331719
0.374012
0.249362 0.333333 0.000169 0.999831 0.103583 0.639102 0.047339 0.234685 0.041660 0.044256 0.522610
0.374012
0.249360 0.333333 0.000162 0.999832 0.104788 0.726920 0.061558 0.237545 0.041660 0.040040 0.268088
0.374012
0.249357 0.333333 0.000157 0.999832 0.104788 0.639701 0.046930 0.233051 0.083320 0.040669 0.427164
0.374012
0.249364 0.333333 0.000172 0.999832 0.104788 0.725845 0.061868 0.232124 0.083320 0.037442 0.331718
0.374012
0.249361 0.333333 0.000167 0.999832 0.104788 0.640349 0.047278 0.231901 0.166640 0.042466 0.522609
0.374012
0.249356 0.333333 0.000152 0.999832 0.104788 0.727454 0.061758 0.233161 0.041660 0.037369 0.331718
0.374012
0.249356 0.333333 0.000155 0.999832 0.104788 0.640049 0.047321 0.236366 0.124980 0.044737 0.363533
0.374012
0.249355 0.333333 0.000152 0.999832 0.104788 0.727380 0.061718 0.234206 0.083320 0.037508 0.299903
0.374012
0.249353 0.333333 0.000145 0.999832 0.104788 0.639706 0.047069 0.231522 0.041660 0.039909 0.331718
0.374012
0.249356 0.333333 0.000155 0.999831 0.104185 0.725295 0.061871 0.228025 0.041660 0.038586 0.395349
0.374012
0.249361 0.333333 0.000171 0.999831 0.103583 0.638879 0.046721 0.238768 0.124980 0.041601 0.395349
0.374012
0.249358 0.333333 0.000160 0.999831 0.103583 0.727937 0.061283 0.239668 0.041660 0.036153 0.299904
0.374012
0.249356 0.333333 0.000153 0.999831 0.103583 0.639301 0.046512 0.239567 0.124980 0.043031 0.268089
0.374012
0.249353 0.333333 0.000147 0.999861 0.103583 0.727882 0.060949 0.241207 0.166640 0.039272 0.268088
0.374012
0.249361 0.333333 0.000167 0.999835 0.103583 0.640755 0.047161 0.232450 0.124980 0.044174 0.458980
0.374012
0.249360 0.333333 0.000165 0.999832 0.104788 0.727371 0.061437 0.236071 0.083320 0.039452 0.363533
0.374012
0.249360 0.333333 0.000163 0.999832 0.104788 0.637290 0.047498 0.227961 0.041660 0.041657 0.427164
0.374012
0.249359 0.333333 0.000162 0.999832 0.104788 0.729120 0.061353 0.235628 0.041660 0.038496 0.109013
0.374012
0.249362 0.333333 0.000168 0.999832 0.104788 0.638278 0.047369 0.231015 0.166640 0.043871 0.204458
0.374012
0.249364 0.333333 0.000176 0.999832 0.104788 0.726960 0.061651 0.236190 0.041660 0.037957 0.331718
0.374012
0.249359 0.333333 0.000161 0.999832 0.104788 0.637665 0.047378 0.232061 0.083320 0.043422 0.331718
0.374012
0.249359 0.333333 0.000161 0.999832 0.104788 0.727063 0.061842 0.234006 0.083320 0.038333 0.268088
0.374012
0.249364 0.333333 0.000172 0.999832 0.104788 0.638893 0.046875 0.229736 0.041660 0.039966 0.299903
0.374012
0.249357 0.333333 0.000158 0.999831 0.104185 0.728014 0.061549 0.237195 0.083320 0.038627 0.299904
0.374012
0.249358 0.333333 0.000159 0.999831 0.104185 0.640272 0.047136 0.230929 0.083320 0.041347 0.490794
0.374012
0.249362 0.333333 0.000168 0.999831 0.103583 0.727463 0.061699 0.235982 0.083320 0.036855 0.363534
0.374012
0.249357 0.333333 0.000159 0.999831 0.103583 0.637636 0.047242 0.232777 0.083320 0.040507 0.299904
0.374012
0.249361 0.333333 0.000166 0.999869 0.103583 0.728533 0.061602 0.232546 0.083320 0.036478 0.140827
0.374012
0.249355 0.333333 0.000154 0.999831 0.103583 0.639316 0.047231 0.230281 0.083320 0.043602 0.427165
0.374012
0.249355 0.333333 0.000151 0.999832 0.104788 0.726603 0.061709 0.233859 0.041660 0.037753 0.363533
0.374012
0.249356 0.333333 0.000156 0.999832 0.104788 0.639486 0.046743 0.230321 0.083320 0.042327 0.299903
0.374012
0.249358 0.333333 0.000159 0.999832 0.104788 0.728942 0.061303 0.236077 0.208300 0.040007 0.331718
0.374012
0.249356 0.333333 0.000152 0.999832 0.104788 0.638368 0.047225 0.229736 0.041660 0.042597 0.363533
0.374012
0.249359 0.333333 0.000162 0.999832 0.104788 0.726788 0.061606 0.235425 0.041660 0.038758 0.236273
0.374012
0.249359 0.333333 0.000163 0.999832 0.104788 0.639770 0.047109 0.231765 0.041660 0.042425 0.427164
0.374012
0.249365 0.333333 0.000173 0.999832 0.104788 0.727649 0.061588 0.234157 0.124980 0.038357 0.204458
0.374012
0.249361 0.333333 0.000165 0.999832 0.104788 0.641266 0.047250 0.232984 0.041660 0.044737 0.268088
0.374012
0.249362 0.333333 0.000170 0.999831 0.104185 0.727465 0.061532 0.235420 0.124980 0.038676 0.395349
0.374012
0.249359 0.333333 0.000163 0.999831 0.103583 0.638478 0.047409 0.228295 0.083320 0.041756 0.331719
0.374012
0.249356 0.333333 0.000157 0.999831 0.103583 0.727754 0.061404 0.238962 0.083320 0.039093 0.140828
0.374012
0.249357 0.333333 0.000157 0.999831 0.103583 0.638522 0.047285 0.232276 0.124980 0.044338 0.331719
0.374012
0.249357 0.333333 0.000158 0.999831 0.103583 0.726583 0.061494 0.239561 0.041660 0.038840 0.204458
0.374012
0.249356 0.333333 0.000155 0.999831 0.103583 0.641627 0.047178 0.232377 0.083320 0.043284 0.236274
0.374012
0.249356 0.333333 0.000156 0.999832 0.104788 0.725989 0.061809 0.234864 0.041660 0.039076 0.268088
0.374012
0.249358 0.333333 0.000161 0.999832 0.104788 0.639897 0.047308 0.231343 0.041660 0.043977 0.299903
0.374012
0.249350 0.333333 0.000144 0.999832 0.104788 0.728628 0.061206 0.236670 0.041660 0.037001 0.236273
0.374012
0.249354 0.333333 0.000149 0.999832 0.104788 0.640724 0.047240 0.229380 0.083320 0.041935 0.395349
0.374012
0.249359 0.333333 0.000162 0.999832 0.104788 0.726289 0.061786 0.235307 0.041660 0.037973 0.268088
0.374012
0.249364 0.333333 0.000175 0.999832 0.104788 0.637684 0.047242 0.233963 0.083320 0.044132 0.268088
0.374012
0.249357 0.333333 0.000158 0.999832 0.104788 0.726867 0.061415 0.239991 0.166640 0.038251 0.299903
0.374012
0.249357 0.333333 0.000155 0.999832 0.104788 0.640756 0.047040 0.236751 0.166640 0.042548 0.363533
0.374012
0.249357 0.333333 0.000159 0.999831 0.104185 0.726991 0.061770 0.236853 0.041660 0.034502 0.331719
0.374012
0.249359 0.333333 0.000161 0.999831 0.103583 0.639059 0.047413 0.228321 0.333280 0.041781 0.268089
0.374012
0.249362 0.333333 0.000170 0.999831 0.103583 0.726947 0.061415 0.236915 0.083320 0.038317 0.458980
0.374012
0.249353 0.333333 0.000146 0.999831 0.103583 0.640246 0.046969 0.236671 0.083320 0.043553 0.331719
0.374012
0.249358 0.333333 0.000161 0.999831 0.104185 0.727257 0.061635 0.230304 0.041660 0.036544 0.299904
0.374012
0.249354 0.333333 0.000151 0.999831 0.104185 0.640316 0.047001 0.230402 0.083320 0.042687 0.395349
0.374012
0.249354 0.333333 0.000151 0.999832 0.104788 0.727820 0.061474 0.231209 0.041660 0.038921 0.299903
0.374012
0.249354 0.333333 0.000151 0.999832 0.104788 0.640007 0.047006 0.235726 0.166640 0.043201 0.522609
0.374012
0.249353 0.333333 0.000149 0.999832 0.104788 0.727808 0.061576 0.236187 0.208300 0.038635 0.236273
0.374012
0.249357 0.333333 0.000157 0.999832 0.104788 0.639759 0.047193 0.233164 0.166640 0.041894 0.299903
0.374012
0.249353 0.333333 0.000148 0.999832 0.104788 0.728024 0.061366 0.237247 0.000000 0.036626 0.363533
0.374012
0.249356 0.333333 0.000157 0.999832 0.104788 0.639531 0.047063 0.234012 0.208300 0.043152 0.268088
0.374012
0.249354 0.333333 0.000150 0.999832 0.104788 0.728412 0.061348 0.239366 0.166640 0.037884 0.268088
0.374012
0.249357 0.333333 0.000158 0.999832 0.104788 0.637985 0.046746 0.236256 0.124980 0.044851 0.363533
0.374012
0.249356 0.333333 0.000154 0.999831 0.104185 0.726788 0.061841 0.230333 0.000000 0.036969 0.172643
0.374012
0.249360 0.333333 0.000164 0.999831 0.103583 0.638762 0.047406 0.228298 0.041660 0.043031 0.331719
0.374012
0.249361 0.333333 0.000166 0.999831 0.103583 0.726093 0.061837 0.233460 0.083320 0.038701 0.236274
0.374012
0.249358 0.333333 0.000157 0.999831 0.103583 0.641002 0.047368 0.229398 0.124980 0.042304 0.395349
0.374012
0.249360 0.333333 0.000166 0.999831 0.103583 0.726706 0.061534 0.234471 0.166640 0.039886 0.299904
0.374012
0.249357 0.333333 0.000157 0.999831 0.103583 0.642790 0.047264 0.232652 0.041660 0.042982 0.331719
0.374012
0.249358 0.333333 0.000160 0.999832 0.104788 0.725509 0.061770 0.229501 0.083320 0.038423 0.299903
0.374012
0.249363 0.333333 0.000171 0.999832 0.104788 0.638932 0.047503 0.230193 0.041660 0.044443 0.299903
0.374012
0.249359 0.333333 0.000164 0.999832 0.104788 0.726250 0.061782 0.235929 0.208300 0.039583 0.140828
0.374012
0.249358 0.333333 0.000161 0.999832 0.104788 0.639149 0.047261 0.230645 0.166640 0.043577 0.331718
0.374012
0.249362 0.333333 0.000169 0.999832 0.104788 0.726950 0.061814 0.233720 0.000000 0.038643 0.268088
0.374012
0.249360 0.333333 0.000162 0.999832 0.104788 0.638684 0.047268 0.230439 0.124980 0.041657 0.458979
0.374012
0.249362 0.333333 0.000170 0.999832 0.104788 0.726687 0.061515 0.235176 0.083320 0.037540 0.299903
0.374012
0.249362 0.333333 0.000170 0.999832 0.104788 0.639708 0.047186 0.231644 0.041660 0.042025 0.299903
0.374012
0.249358 0.333333 0.000159 0.999831 0.104185 0.729616 0.061266 0.235388 0.041660 0.036038 0.299904
0.374012
0.249358 0.333333 0.000159 0.999831 0.103583 0.638672 0.047037 0.225142 0.166640 0.043325 0.363534
0.374012
0.249360 0.333333 0.000164 0.999831 0.103583 0.727300 0.061467 0.236561 0.041660 0.037901 0.395349
0.374012
0.249364 0.333333 0.000172 0.999831 0.103583 0.640672 0.047257 0.234404 0.124980 0.043774 0.363534
0.374012
0.249359 0.333333 0.000161 0.999831 0.104185 0.725056 0.062029 0.231216 0.083320 0.036160 0.363534
0.374012
0.249356 0.333333 0.000153 0.999831 0.103583 0.637708 0.047256 0.232458 0.000000 0.042295 0.299904
0.374012
0.249364 0.333333 0.000173 0.999832 0.104788 0.728216 0.061226 0.239763 0.166640 0.037557 0.172643
0.374012
0.249362 0.333333 0.000166 0.999832 0.104788 0.638843 0.046924 0.235223 0.124980 0.042727 0.331718
0.374012
0.249359 0.333333 0.000161 0.999832 0.104788 0.726661 0.061545 0.233894 0.000000 0.039329 0.236273
0.374012
0.249363 0.333333 0.000171 0.999832 0.104788 0.638318 0.047035 0.234342 0.083320 0.042009 0.363533
0.374012
0.249364 0.333333 0.000175 0.999832 0.104788 0.727446 0.061152 0.243666 0.083320 0.037369 0.331718
0.374012
0.249356 0.333333 0.000156 0.999832 0.104788 0.641535 0.047283 0.231922 0.166640 0.041861 0.331718
0.374012
0.249363 0.333333 0.000172 0.999832 0.104788 0.726941 0.061831 0.233349 0.083320 0.038104 0.236273
0.374012
0.249359 0.333333 0.000165 0.999832 0.104788 0.639956 0.047076 0.233925 0.166640 0.041453 0.268088
0.374012
0.249357 0.333333 0.000157 0.999831 0.104185 0.726652 0.062166 0.227504 0.124980 0.035164 0.363534
0.374012
0.249363 0.333333 0.000171 0.999831 0.103583 0.638015 0.047370 0.232702 0.083320 0.041454 0.458980
0.374012
0.249356 0.333333 0.000155 0.999831 0.103583 0.725074 0.061933 0.234688 0.083320 0.035736 0.331719
0.374012
0.249359 0.333333 0.000164 0.999831 0.103583 0.639222 0.047083 0.237349 0.083320 0.042467 0.299904
0.374012
0.249360 0.333333 0.000163 0.999831 0.104185 0.728464 0.061402 0.238926 0.124980 0.039052 0.172643
0.374012
0.249359 0.333333 0.000162 0.999832 0.104788 0.639756 0.047208 0.233346 0.041660 0.044230 0.331718
0.374012
0.249357 0.333333 0.000156 0.999832 0.104788 0.727319 0.061605 0.235315 0.083320 0.038570 0.236273
0.374012
