604 16 1
0.3293 0.3336 0.5398 0.3723 0.5568 0.5375 0.6128 0.5314 0.6597 0.6535 0.5921 0.4892 0.4690 0.4512 0.5070 0.6636 
0.2489
0.1684 0.6669 0.5464 0.4344 0.5568 0.5891 0.6127 0.5797 0.6604 0.6823 0.6115 0.5080 0.4764 0.8261 0.5141 0.6631 
0.2489
0.0852 0.6669 0.1423 0.8197 0.0845 0.6518 0.5959 0.7701 0.3408 0.3989 0.2963 0.4094 0.4805 0.4512 0.3245 0.5823 
0.1147
0.3293 0.3336 0.5398 0.3832 0.5568 0.5398 0.6128 0.5418 0.6596 0.6543 0.5921 0.4894 0.4694 1.0000 0.4986 0.6633 
0.2489
0.1436 0.3336 0.0921 0.7782 0.0846 0.6189 0.5960 0.7416 0.3450 0.3791 0.3006 0.4141 0.4989 0.4512 0.4095 0.5604 
0.1147
0.3289 0.3336 0.5395 0.3883 0.5568 0.5406 0.6128 0.5415 0.6602 0.6555 0.5918 0.4891 0.4686 0.4512 0.5013 0.6648 
0.2489
0.1436 0.3336 0.0921 0.7782 0.0846 0.6184 0.5960 0.7412 0.3446 0.3739 0.3005 0.4140 0.4990 0.4512 0.4103 0.5606 
0.1147
0.3292 0.3336 0.5398 0.3916 0.5568 0.5379 0.6128 0.5317 0.6596 0.6533 0.5921 0.4892 0.4695 1.0000 0.5080 0.6627 
0.2489
0.3289 0.3336 0.5395 0.3847 0.5569 0.5431 0.6128 0.5433 0.6605 0.6555 0.5917 0.4890 0.4690 0.4512 0.5030 0.6640 
0.2489
0.3292 0.3336 0.5398 0.3940 0.5568 0.5400 0.6128 0.5427 0.6597 0.6531 0.5921 0.4893 0.4693 0.8261 0.5050 0.6634 
0.2489
0.3293 0.3336 0.5399 0.3897 0.5568 0.5364 0.6128 0.5276 0.6602 0.6548 0.5922 0.4893 0.4690 0.8261 0.5102 0.6636 
0.2489
0.0852 0.6669 0.1423 0.8197 0.0845 0.6511 0.5959 0.7696 0.3409 0.3998 0.2962 0.4094 0.4806 0.4512 0.3225 0.5825 
0.1147
0.0854 0.6669 0.1431 0.8197 0.0845 0.6524 0.5959 0.7707 0.3409 0.3981 0.2962 0.4094 0.4809 0.4512 0.3254 0.5816 
0.1147
0.0853 0.6669 0.1426 0.8197 0.0845 0.6518 0.5959 0.7701 0.3419 0.4015 0.2962 0.4094 0.4808 0.4512 0.3215 0.5820 
0.1147
0.1434 0.3336 0.0916 0.7782 0.0846 0.6187 0.5960 0.7415 0.3452 0.3786 0.3006 0.4140 0.4985 0.4512 0.4060 0.5610 
0.1147
0.1444 0.3336 0.0936 0.7868 0.0846 0.6220 0.5960 0.7443 0.3450 0.3815 0.3010 0.4145 0.5014 0.4512 0.4168 0.5578 
0.1147
0.1437 0.3336 0.0922 0.7782 0.0846 0.6191 0.5960 0.7418 0.3453 0.3790 0.3004 0.4140 0.4992 0.4512 0.4130 0.5605 
0.1147
0.0853 0.6669 0.1426 0.8197 0.0845 0.6521 0.5959 0.7704 0.3406 0.4006 0.2962 0.4094 0.4807 0.6575 0.3260 0.5821 
0.1147
0.3289 0.3336 0.5395 0.3891 0.5568 0.5372 0.6128 0.5292 0.6604 0.6552 0.5918 0.4891 0.4688 0.4512 0.5018 0.6638 
0.2489
0.3292 0.3336 0.5398 0.3869 0.5568 0.5398 0.6128 0.5358 0.6596 0.6534 0.5922 0.4893 0.4690 0.4512 0.5110 0.6638 
0.2489
0.3293 0.3336 0.5399 0.3917 0.5568 0.5424 0.6128 0.5422 0.6600 0.6544 0.5921 0.4893 0.4688 0.8261 0.5017 0.6637 
0.2489
0.1681 0.6669 0.5460 0.4311 0.5568 0.5894 0.6127 0.5811 0.6602 0.6830 0.6109 0.5077 0.4778 0.8261 0.5087 0.6626 
0.2489
0.3292 0.3336 0.5397 0.3893 0.5568 0.5374 0.6128 0.5391 0.6596 0.6531 0.5922 0.4892 0.4686 0.4512 0.5106 0.6640 
0.2489
0.0856 0.6669 0.1437 0.8197 0.0845 0.6525 0.5959 0.7707 0.3413 0.3970 0.2960 0.4094 0.4813 0.4512 0.3256 0.5811 
0.1147
0.0852 0.6669 0.1423 0.8197 0.0845 0.6512 0.5959 0.7696 0.3407 0.3964 0.2963 0.4095 0.4806 0.4512 0.3240 0.5824 
0.1147
0.1442 0.3336 0.0932 0.7868 0.0846 0.6224 0.5960 0.7447 0.3457 0.3791 0.3012 0.4146 0.5009 0.4512 0.4143 0.5583 
0.1147
0.3293 0.3336 0.5398 0.3851 0.5568 0.5388 0.6128 0.5326 0.6601 0.6545 0.5921 0.4893 0.4690 0.8261 0.5019 0.6636 
0.2489
0.0852 0.6669 0.1423 0.8197 0.0845 0.6527 0.5959 0.7709 0.3420 0.3967 0.2962 0.4094 0.4806 0.4512 0.3249 0.5821 
0.1147
0.1436 0.3336 0.0920 0.7782 0.0846 0.6184 0.5960 0.7412 0.3448 0.3784 0.3006 0.4140 0.4987 0.4512 0.4075 0.5606 
0.1147
0.0852 0.6669 0.1423 0.8197 0.0845 0.6515 0.5959 0.7699 0.3426 0.3947 0.2962 0.4095 0.4808 0.4512 0.3226 0.5820 
0.1147
0.1682 0.6669 0.5461 0.4377 0.5568 0.5931 0.6127 0.5861 0.6603 0.6820 0.6112 0.5079 0.4769 1.0000 0.5010 0.6632 
0.2489
0.3290 0.3336 0.5396 0.3884 0.5569 0.5375 0.6128 0.5289 0.6607 0.6565 0.5918 0.4892 0.4691 0.4512 0.5015 0.6638 
0.2489
0.0852 0.6669 0.1424 0.8197 0.0845 0.6516 0.5959 0.7700 0.3410 0.3972 0.2963 0.4094 0.4806 0.4512 0.3249 0.5822 
0.1147
0.0853 0.6669 0.1428 0.8197 0.0845 0.6521 0.5959 0.7704 0.3426 0.3974 0.2961 0.4094 0.4810 0.4512 0.3228 0.5817 
0.1147
0.1446 0.3336 0.0940 0.7868 0.0846 0.6222 0.5960 0.7445 0.3470 0.3771 0.3008 0.4146 0.5020 0.4512 0.4177 0.5576 
0.1147
0.3292 0.3336 0.5397 0.3868 0.5568 0.5424 0.6128 0.5426 0.6598 0.6535 0.5921 0.4892 0.4687 0.8261 0.5059 0.6640 
0.2489
0.1682 0.6669 0.5461 0.4413 0.5568 0.5906 0.6127 0.5839 0.6598 0.6828 0.6111 0.5077 0.4776 0.8261 0.5044 0.6625 
0.2489
0.3293 0.3336 0.5399 0.3872 0.5568 0.5383 0.6128 0.5387 0.6595 0.6541 0.5921 0.4893 0.4693 0.8261 0.5044 0.6629 
0.2489
0.1433 0.3336 0.0915 0.7782 0.0846 0.6187 0.5960 0.7414 0.3454 0.3792 0.3007 0.4140 0.4983 0.4512 0.4092 0.5612 
0.1147
0.1435 0.3336 0.0919 0.7782 0.0846 0.6187 0.5960 0.7414 0.3449 0.3756 0.3006 0.4140 0.4988 0.4512 0.4093 0.5606 
0.1147
0.1682 0.6669 0.5461 0.4219 0.5568 0.5914 0.6127 0.5850 0.6602 0.6823 0.6112 0.5079 0.4773 1.0000 0.5011 0.6628 
0.2489
0.1437 0.3336 0.0921 0.7782 0.0846 0.6185 0.5960 0.7413 0.3448 0.3733 0.3005 0.4140 0.4990 0.4512 0.4079 0.5601 
0.1147
0.3293 0.3336 0.5399 0.3868 0.5568 0.5373 0.6128 0.5348 0.6604 0.6553 0.5922 0.4894 0.4688 1.0000 0.5066 0.6642 
0.2489
0.3293 0.3336 0.5399 0.3923 0.5568 0.5391 0.6128 0.5401 0.6601 0.6544 0.5921 0.4893 0.4687 0.4512 0.5061 0.6637 
0.2489
0.1433 0.3336 0.0915 0.7782 0.0846 0.6186 0.5960 0.7414 0.3446 0.3746 0.3007 0.4140 0.4984 0.4512 0.4075 0.5609 
0.1147
0.3288 0.3336 0.5394 0.3895 0.5569 0.5369 0.6128 0.5340 0.6605 0.6556 0.5917 0.4890 0.4689 0.4512 0.5005 0.6639 
0.2489
0.1438 0.3336 0.0923 0.7782 0.0846 0.6188 0.5960 0.7415 0.3449 0.3772 0.3005 0.4141 0.4992 0.6575 0.4102 0.5601 
0.1147
0.0854 0.6669 0.1431 0.8197 0.0845 0.6523 0.5959 0.7706 0.3410 0.3994 0.2961 0.4094 0.4809 0.4512 0.3248 0.5819 
0.1147
0.1441 0.3336 0.0931 0.7868 0.0846 0.6215 0.5960 0.7439 0.3455 0.3805 0.3011 0.4145 0.5008 0.4512 0.4148 0.5584 
0.1147
0.0852 0.6669 0.1424 0.8124 0.0845 0.6516 0.5959 0.7700 0.3412 0.3983 0.2962 0.4094 0.4808 0.4512 0.3297 0.5813 
0.1147
0.1682 0.6669 0.5461 0.4474 0.5568 0.5882 0.6127 0.5804 0.6602 0.6849 0.6113 0.5078 0.4763 0.8261 0.5120 0.6637 
0.2489
0.1683 0.6669 0.5463 0.4305 0.5568 0.5887 0.6127 0.5819 0.6599 0.6819 0.6114 0.5079 0.4767 0.4512 0.5143 0.6633 
0.2489
0.0852 0.6669 0.1423 0.8197 0.0845 0.6515 0.5959 0.7699 0.3408 0.3982 0.2962 0.4094 0.4806 0.4512 0.3226 0.5824 
0.1147
0.3293 0.3336 0.5399 0.3902 0.5568 0.5379 0.6128 0.5358 0.6597 0.6549 0.5922 0.4894 0.4689 1.0000 0.5097 0.6642 
0.2489
0.3292 0.3336 0.5398 0.3799 0.5568 0.5404 0.6128 0.5383 0.6596 0.6534 0.5920 0.4893 0.4692 1.0000 0.5006 0.6633 
0.2489
0.0852 0.6669 0.1424 0.8197 0.0845 0.6512 0.5959 0.7696 0.3404 0.3994 0.2962 0.4095 0.4807 0.4512 0.3234 0.5822 
0.1147
0.1680 0.6669 0.5458 0.4394 0.5568 0.5895 0.6127 0.5811 0.6602 0.6816 0.6109 0.5076 0.4770 1.0000 0.5057 0.6632 
0.2489
0.0854 0.6669 0.1431 0.8197 0.0845 0.6521 0.5959 0.7704 0.3407 0.3998 0.2961 0.4094 0.4811 0.4512 0.3267 0.5815 
0.1147
0.3289 0.3336 0.5395 0.3860 0.5569 0.5381 0.6128 0.5300 0.6607 0.6562 0.5917 0.4890 0.4691 0.8261 0.5051 0.6640 
0.2489
0.3291 0.3336 0.5397 0.3901 0.5568 0.5405 0.6128 0.5377 0.6596 0.6530 0.5922 0.4892 0.4690 0.4512 0.5135 0.6639 
0.2489
0.0853 0.6669 0.1426 0.8197 0.0845 0.6509 0.5959 0.7693 0.3405 0.3994 0.2961 0.4094 0.4809 0.4512 0.3253 0.5819 
0.1147
0.3294 0.3336 0.5400 0.3810 0.5568 0.5374 0.6128 0.5368 0.6599 0.6541 0.5922 0.4895 0.4691 0.8261 0.4995 0.6639 
0.2489
0.0853 0.6669 0.1426 0.8197 0.0845 0.6525 0.5959 0.7707 0.3419 0.3973 0.2962 0.4094 0.4808 0.4512 0.3246 0.5820 
0.1147
0.3291 0.3336 0.5397 0.3920 0.5568 0.5349 0.6128 0.5302 0.6595 0.6529 0.5921 0.4892 0.4688 0.4512 0.5053 0.6640 
0.2489
0.1681 0.6669 0.5460 0.4361 0.5568 0.5931 0.6127 0.5842 0.6606 0.6852 0.6113 0.5084 0.4755 1.0000 0.4994 0.6636 
0.2489
0.3290 0.3336 0.5396 0.3923 0.5569 0.5389 0.6128 0.5315 0.6607 0.6564 0.5915 0.4888 0.4689 0.4512 0.4969 0.6635 
0.2489
0.0851 0.6669 0.1419 0.8197 0.0845 0.6510 0.5959 0.7694 0.3422 0.3967 0.2963 0.4094 0.4804 0.6575 0.3242 0.5827 
0.1147
0.3292 0.3336 0.5398 0.3897 0.5568 0.5365 0.6128 0.5300 0.6590 0.6528 0.5921 0.4892 0.4695 1.0000 0.5124 0.6632 
0.2489
0.1438 0.3336 0.0924 0.7782 0.0846 0.6181 0.5960 0.7410 0.3448 0.3731 0.3005 0.4140 0.4991 0.4512 0.4080 0.5602 
0.1147
0.1438 0.3336 0.0925 0.7782 0.0846 0.6183 0.5960 0.7411 0.3451 0.3764 0.3004 0.4140 0.4992 0.4512 0.4110 0.5599 
0.1147
0.0850 0.6669 0.1417 0.8197 0.0845 0.6519 0.5959 0.7702 0.3419 0.4016 0.2963 0.4094 0.4803 0.4512 0.3242 0.5825 
0.1147
0.0852 0.6669 0.1423 0.8197 0.0845 0.6517 0.5959 0.7700 0.3421 0.3983 0.2962 0.4095 0.4807 0.4512 0.3239 0.5821 
0.1147
0.3290 0.3336 0.5396 0.3765 0.5568 0.5411 0.6128 0.5409 0.6595 0.6530 0.5921 0.4892 0.4685 1.0000 0.5014 0.6642 
0.2489
0.3289 0.3336 0.5395 0.3899 0.5569 0.5419 0.6128 0.5425 0.6606 0.6564 0.5916 0.4889 0.4694 1.0000 0.5079 0.6637 
0.2489
0.3289 0.3336 0.5395 0.3774 0.5569 0.5398 0.6128 0.5390 0.6607 0.6564 0.5916 0.4890 0.4694 1.0000 0.5006 0.6634 
0.2489
0.0852 0.6669 0.1423 0.8197 0.0845 0.6521 0.5959 0.7704 0.3426 0.3968 0.2962 0.4094 0.4807 0.4512 0.3237 0.5820 
0.1147
0.1436 0.3336 0.0920 0.7782 0.0846 0.6184 0.5960 0.7412 0.3445 0.3743 0.3005 0.4140 0.4989 0.4512 0.4078 0.5606 
0.1147
0.3293 0.3336 0.5398 0.3861 0.5568 0.5404 0.6128 0.5431 0.6601 0.6540 0.5920 0.4893 0.4694 0.8261 0.5061 0.6635 
0.2489
0.3293 0.3336 0.5398 0.4006 0.5568 0.5413 0.6128 0.5393 0.6595 0.6535 0.5920 0.4893 0.4697 0.4512 0.5053 0.6631 
0.2489
0.0852 0.6669 0.1422 0.8197 0.0845 0.6513 0.5959 0.7697 0.3428 0.3944 0.2963 0.4094 0.4805 0.4512 0.3244 0.5826 
0.1147
0.1681 0.6669 0.5459 0.4364 0.5568 0.5879 0.6127 0.5775 0.6601 0.6844 0.6111 0.5077 0.4768 0.8261 0.5023 0.6637 
0.2489
0.1682 0.6669 0.5461 0.4367 0.5568 0.5910 0.6127 0.5838 0.6601 0.6823 0.6111 0.5078 0.4773 0.8261 0.4995 0.6628 
0.2489
0.1681 0.6669 0.5460 0.4510 0.5568 0.5893 0.6127 0.5817 0.6602 0.6820 0.6111 0.5078 0.4773 0.4512 0.5056 0.6633 
0.2489
0.0853 0.6669 0.1426 0.8197 0.0845 0.6523 0.5959 0.7706 0.3406 0.4012 0.2961 0.4094 0.4809 0.4512 0.3256 0.5814 
0.1147
0.1437 0.3336 0.0922 0.7782 0.0846 0.6183 0.5960 0.7411 0.3443 0.3733 0.3006 0.4141 0.4990 0.4512 0.4091 0.5607 
0.1147
0.0853 0.6669 0.1429 0.8197 0.0845 0.6520 0.5959 0.7703 0.3419 0.4018 0.2960 0.4094 0.4811 0.4512 0.3236 0.5813 
0.1147
0.1681 0.6669 0.5459 0.4447 0.5568 0.5935 0.6127 0.5905 0.6602 0.6845 0.6110 0.5077 0.4767 0.4512 0.5036 0.6639 
0.2489
0.1680 0.6669 0.5458 0.4382 0.5568 0.5898 0.6127 0.5818 0.6601 0.6824 0.6108 0.5075 0.4774 1.0000 0.5024 0.6633 
0.2489
0.3292 0.3336 0.5398 0.3872 0.5568 0.5378 0.6128 0.5313 0.6596 0.6531 0.5922 0.4892 0.4689 1.0000 0.5155 0.6639 
0.2489
0.0851 0.6669 0.1421 0.8197 0.0845 0.6521 0.5959 0.7704 0.3422 0.3984 0.2962 0.4094 0.4806 0.4512 0.3252 0.5823 
0.1147
0.3289 0.3336 0.5395 0.4009 0.5569 0.5439 0.6128 0.5441 0.6606 0.6557 0.5918 0.4891 0.4691 0.4512 0.5048 0.6639 
0.2489
0.3293 0.3336 0.5398 0.3905 0.5568 0.5423 0.6128 0.5412 0.6600 0.6540 0.5921 0.4892 0.4688 0.4512 0.5058 0.6642 
0.2489
0.1443 0.3336 0.0934 0.7868 0.0846 0.6224 0.5960 0.7447 0.3459 0.3783 0.3009 0.4145 0.5013 0.4512 0.4171 0.5576 
0.1147
0.3289 0.3336 0.5395 0.3858 0.5568 0.5412 0.6128 0.5377 0.6604 0.6553 0.5916 0.4890 0.4694 0.8261 0.5025 0.6634 
0.2489
0.1682 0.6669 0.5461 0.4316 0.5568 0.5920 0.6127 0.5853 0.6601 0.6825 0.6110 0.5077 0.4775 0.4512 0.5030 0.6631 
0.2489
0.0853 0.6669 0.1428 0.8197 0.0845 0.6524 0.5959 0.7707 0.3408 0.3971 0.2962 0.4095 0.4808 0.4512 0.3217 0.5818 
0.1147
0.1681 0.6669 0.5460 0.4431 0.5568 0.5906 0.6127 0.5832 0.6602 0.6829 0.6109 0.5076 0.4777 0.4512 0.5074 0.6633 
0.2489
0.1683 0.6669 0.5462 0.4349 0.5568 0.5887 0.6127 0.5797 0.6601 0.6815 0.6113 0.5079 0.4767 1.0000 0.5096 0.6629 
0.2489
0.1681 0.6669 0.5460 0.4297 0.5568 0.5911 0.6127 0.5839 0.6601 0.6829 0.6110 0.5078 0.4773 0.8261 0.4992 0.6631 
0.2489
0.0851 0.6669 0.1420 0.8197 0.0845 0.6522 0.5959 0.7705 0.3420 0.4010 0.2962 0.4094 0.4805 0.4512 0.3237 0.5823 
0.1147
0.0852 0.6669 0.1422 0.8197 0.0845 0.6517 0.5959 0.7701 0.3422 0.3964 0.2963 0.4094 0.4806 0.4512 0.3257 0.5822 
0.1147
0.0852 0.6669 0.1423 0.8197 0.0845 0.6506 0.5959 0.7691 0.3424 0.3954 0.2963 0.4095 0.4806 0.4512 0.3231 0.5824 
0.1147
0.1681 0.6669 0.5459 0.4438 0.5568 0.5882 0.6127 0.5774 0.6601 0.6840 0.6109 0.5076 0.4775 0.8261 0.5038 0.6632 
0.2489
0.1436 0.3336 0.0920 0.7782 0.0846 0.6183 0.5960 0.7411 0.3451 0.3739 0.3006 0.4140 0.4989 0.6575 0.4103 0.5605 
0.1147
0.1681 0.6669 0.5459 0.4484 0.5568 0.5895 0.6127 0.5780 0.6602 0.6839 0.6109 0.5076 0.4772 0.8261 0.5030 0.6631 
0.2489
0.1682 0.6669 0.5462 0.4376 0.5568 0.5943 0.6127 0.5877 0.6601 0.6817 0.6111 0.5078 0.4773 0.8261 0.5044 0.6629 
0.2489
0.3293 0.3336 0.5398 0.3956 0.5568 0.5409 0.6128 0.5415 0.6601 0.6543 0.5922 0.4893 0.4688 1.0000 0.5099 0.6641 
0.2489
0.1440 0.3336 0.0928 0.7782 0.0846 0.6192 0.5960 0.7419 0.3457 0.3747 0.3002 0.4140 0.4996 0.4512 0.4094 0.5595 
0.1147
0.1682 0.6669 0.5461 0.4268 0.5568 0.5881 0.6127 0.5804 0.6602 0.6834 0.6113 0.5078 0.4764 0.8261 0.5097 0.6639 
0.2489
0.0855 0.6669 0.1433 0.8197 0.0845 0.6528 0.5959 0.7710 0.3417 0.3973 0.2961 0.4094 0.4808 0.4512 0.3258 0.5820 
0.1147
0.3290 0.3336 0.5395 0.3860 0.5568 0.5332 0.6128 0.5292 0.6594 0.6525 0.5921 0.4892 0.4689 0.4512 0.5025 0.6643 
0.2489
0.1682 0.6669 0.5461 0.4327 0.5568 0.5885 0.6127 0.5802 0.6601 0.6817 0.6112 0.5079 0.4771 0.8261 0.5015 0.6637 
0.2489
0.3293 0.3336 0.5399 0.3892 0.5568 0.5396 0.6128 0.5391 0.6603 0.6551 0.5923 0.4894 0.4686 0.8261 0.5065 0.6639 
0.2489
0.0854 0.6669 0.1430 0.8197 0.0845 0.6507 0.5959 0.7692 0.3426 0.3966 0.2960 0.4094 0.4812 0.4512 0.3243 0.5815 
0.1147
0.1682 0.6669 0.5462 0.4434 0.5568 0.5892 0.6127 0.5817 0.6601 0.6825 0.6112 0.5079 0.4776 0.8261 0.5027 0.6630 
0.2489
0.0854 0.6669 0.1429 0.8197 0.0845 0.6511 0.5959 0.7695 0.3430 0.3952 0.2961 0.4094 0.4810 0.4512 0.3227 0.5816 
0.1147
0.0853 0.6669 0.1427 0.8197 0.0845 0.6526 0.5959 0.7708 0.3423 0.4010 0.2961 0.4094 0.4809 0.4512 0.3235 0.5814 
0.1147
0.1680 0.6669 0.5458 0.4385 0.5568 0.5899 0.6127 0.5835 0.6600 0.6818 0.6109 0.5076 0.4773 0.4512 0.5020 0.6628 
0.2489
0.3294 0.3336 0.5399 0.3787 0.5568 0.5412 0.6128 0.5424 0.6600 0.6544 0.5922 0.4894 0.4690 0.8261 0.5076 0.6640 
0.2489
0.0853 0.6669 0.1428 0.8197 0.0845 0.6510 0.5959 0.7694 0.3426 0.4005 0.2961 0.4094 0.4810 0.4512 0.3247 0.5817 
0.1147
0.1444 0.3336 0.0936 0.7868 0.0846 0.6212 0.5960 0.7437 0.3455 0.3780 0.3011 0.4145 0.5012 0.4512 0.4151 0.5578 
0.1147
0.3294 0.3336 0.5400 0.3898 0.5568 0.5388 0.6128 0.5363 0.6604 0.6557 0.5923 0.4895 0.4687 0.8261 0.5030 0.6636 
0.2489
0.1438 0.3336 0.0924 0.7782 0.0846 0.6183 0.5960 0.7411 0.3451 0.3747 0.3004 0.4140 0.4991 0.4512 0.4064 0.5602 
0.1147
0.1681 0.6669 0.5459 0.4363 0.5568 0.5902 0.6127 0.5864 0.6601 0.6853 0.6109 0.5076 0.4773 0.8261 0.5035 0.6628 
0.2489
0.1682 0.6669 0.5460 0.4203 0.5568 0.5911 0.6127 0.5848 0.6601 0.6826 0.6110 0.5078 0.4776 1.0000 0.4987 0.6634 
0.2489
0.0853 0.6669 0.1426 0.8124 0.0845 0.6505 0.5959 0.7690 0.3411 0.3989 0.2961 0.4094 0.4810 0.4512 0.3258 0.5818 
0.1147
0.0853 0.6669 0.1428 0.8197 0.0845 0.6516 0.5959 0.7699 0.3423 0.3966 0.2961 0.4094 0.4811 0.4512 0.3250 0.5817 
0.1147
0.0854 0.6669 0.1430 0.8197 0.0845 0.6513 0.5959 0.7697 0.3406 0.3970 0.2961 0.4094 0.4811 0.4512 0.3252 0.5817 
0.1147
0.1441 0.3336 0.0930 0.7868 0.0846 0.6222 0.5960 0.7445 0.3448 0.3803 0.3013 0.4146 0.5007 0.4512 0.4159 0.5586 
0.1147
0.1682 0.6669 0.5461 0.4455 0.5568 0.5915 0.6127 0.5888 0.6601 0.6840 0.6112 0.5078 0.4772 0.4512 0.5086 0.6630 
0.2489
0.3293 0.3336 0.5398 0.3922 0.5568 0.5410 0.6128 0.5419 0.6600 0.6541 0.5921 0.4894 0.4688 1.0000 0.5053 0.6634 
0.2489
0.3294 0.3336 0.5399 0.3914 0.5568 0.5365 0.6128 0.5282 0.6601 0.6543 0.5922 0.4894 0.4689 1.0000 0.5016 0.6640 
0.2489
0.1445 0.3336 0.0938 0.7868 0.0846 0.6224 0.5960 0.7446 0.3462 0.3821 0.3010 0.4146 0.5014 0.4512 0.4153 0.5577 
0.1147
0.1682 0.6669 0.5461 0.4382 0.5568 0.5897 0.6127 0.5781 0.6603 0.6841 0.6111 0.5078 0.4775 0.4512 0.5062 0.6630 
0.2489
0.3290 0.3336 0.5396 0.3759 0.5569 0.5396 0.6128 0.5324 0.6607 0.6565 0.5917 0.4891 0.4691 0.8261 0.5062 0.6636 
0.2489
0.1682 0.6669 0.5461 0.4411 0.5568 0.5892 0.6127 0.5786 0.6601 0.6833 0.6111 0.5077 0.4772 1.0000 0.5117 0.6636 
0.2489
0.1437 0.3336 0.0922 0.7782 0.0846 0.6187 0.5960 0.7415 0.3454 0.3753 0.3005 0.4140 0.4990 0.4512 0.4089 0.5602 
0.1147
0.0854 0.6669 0.1430 0.8197 0.0845 0.6512 0.5959 0.7696 0.3401 0.3966 0.2960 0.4094 0.4811 0.4512 0.3248 0.5817 
0.1147
0.0854 0.6669 0.1429 0.8197 0.0845 0.6519 0.5959 0.7702 0.3417 0.3989 0.2962 0.4094 0.4808 0.4512 0.3246 0.5820 
0.1147
0.1438 0.3336 0.0925 0.7782 0.0846 0.6183 0.5960 0.7411 0.3445 0.3768 0.3004 0.4141 0.4992 0.4512 0.4103 0.5601 
0.1147
0.0853 0.6669 0.1428 0.8197 0.0845 0.6522 0.5959 0.7705 0.3417 0.3985 0.2961 0.4094 0.4810 0.4512 0.3232 0.5816 
0.1147
0.3293 0.3336 0.5398 0.3776 0.5568 0.5417 0.6128 0.5391 0.6600 0.6541 0.5921 0.4893 0.4691 0.4512 0.5059 0.6637 
0.2489
0.0851 0.6669 0.1419 0.8197 0.0845 0.6527 0.5959 0.7709 0.3420 0.3973 0.2963 0.4094 0.4803 0.4512 0.3229 0.5826 
0.1147
0.1435 0.3336 0.0918 0.7782 0.0846 0.6188 0.5960 0.7416 0.3449 0.3773 0.3007 0.4140 0.4986 0.4512 0.4086 0.5608 
0.1147
0.3292 0.3336 0.5397 0.3887 0.5568 0.5351 0.6128 0.5277 0.6593 0.6538 0.5921 0.4892 0.4689 0.8261 0.5074 0.6634 
0.2489
0.3293 0.3336 0.5399 0.3969 0.5568 0.5403 0.6128 0.5414 0.6597 0.6543 0.5922 0.4894 0.4689 0.4512 0.5043 0.6641 
0.2489
0.0851 0.6669 0.1419 0.8197 0.0845 0.6523 0.5959 0.7706 0.3423 0.4009 0.2963 0.4094 0.4804 0.4512 0.3219 0.5824 
0.1147
0.1682 0.6669 0.5461 0.4352 0.5568 0.5930 0.6127 0.5833 0.6606 0.6850 0.6113 0.5085 0.4759 0.4512 0.5016 0.6638 
0.2489
0.3292 0.3336 0.5397 0.3911 0.5568 0.5388 0.6128 0.5414 0.6595 0.6529 0.5921 0.4892 0.4689 0.4512 0.5053 0.6638 
0.2489
0.3289 0.3336 0.5395 0.3891 0.5568 0.5414 0.6128 0.5384 0.6603 0.6549 0.5918 0.4892 0.4693 0.8261 0.5010 0.6638 
0.2489
0.1446 0.3336 0.0940 0.7868 0.0846 0.6220 0.5960 0.7443 0.3458 0.3809 0.3010 0.4146 0.5016 0.4512 0.4130 0.5575 
0.1147
0.0853 0.6669 0.1426 0.8197 0.0845 0.6515 0.5959 0.7699 0.3425 0.3980 0.2961 0.4095 0.4809 0.4512 0.3222 0.5820 
0.1147
0.3292 0.3336 0.5398 0.3944 0.5568 0.5420 0.6128 0.5400 0.6595 0.6540 0.5922 0.4893 0.4688 0.8261 0.5147 0.6642 
0.2489
0.3294 0.3336 0.5399 0.3804 0.5568 0.5366 0.6128 0.5364 0.6601 0.6544 0.5922 0.4894 0.4685 0.8261 0.5027 0.6640 
0.2489
0.3289 0.3336 0.5395 0.3800 0.5569 0.5395 0.6128 0.5397 0.6605 0.6555 0.5918 0.4891 0.4691 0.4512 0.5051 0.6637 
0.2489
0.0853 0.6669 0.1426 0.8197 0.0845 0.6521 0.5959 0.7704 0.3418 0.3989 0.2962 0.4094 0.4809 0.4512 0.3248 0.5819 
0.1147
0.0853 0.6669 0.1425 0.8197 0.0845 0.6518 0.5959 0.7701 0.3407 0.4010 0.2961 0.4094 0.4807 0.6575 0.3252 0.5824 
0.1147
0.3293 0.3336 0.5398 0.3810 0.5568 0.5388 0.6128 0.5370 0.6601 0.6546 0.5922 0.4894 0.4692 1.0000 0.5084 0.6630 
0.2489
0.3292 0.3336 0.5398 0.3847 0.5568 0.5378 0.6128 0.5327 0.6598 0.6540 0.5920 0.4892 0.4694 0.8261 0.5084 0.6633 
0.2489
0.1682 0.6669 0.5462 0.4344 0.5568 0.5891 0.6127 0.5804 0.6602 0.6823 0.6112 0.5078 0.4772 0.4512 0.5121 0.6626 
0.2489
0.1682 0.6669 0.5460 0.4205 0.5568 0.5900 0.6127 0.5788 0.6601 0.6832 0.6110 0.5077 0.4774 0.4512 0.5039 0.6633 
0.2489
0.1681 0.6669 0.5459 0.4345 0.5568 0.5887 0.6127 0.5805 0.6602 0.6830 0.6111 0.5077 0.4768 0.8261 0.5161 0.6627 
0.2489
0.1443 0.3336 0.0935 0.7868 0.0846 0.6215 0.5960 0.7439 0.3451 0.3808 0.3011 0.4145 0.5012 0.4512 0.4168 0.5580 
0.1147
0.1818 0.2781 0.0958 0.7692 0.0847 0.6143 0.5960 0.7376 0.3474 0.3700 0.2999 0.4182 0.5219 0.4512 0.4599 0.5352 
0.1147
0.1436 0.3336 0.0920 0.7782 0.0846 0.6188 0.5960 0.7416 0.3448 0.3781 0.3004 0.4140 0.4989 0.8261 0.4110 0.5604 
0.1147
0.1682 0.6669 0.5461 0.4357 0.5568 0.5901 0.6127 0.5853 0.6599 0.6833 0.6112 0.5078 0.4772 0.4512 0.5126 0.6628 
0.2489
0.3290 0.3336 0.5396 0.3926 0.5568 0.5391 0.6128 0.5377 0.6604 0.6552 0.5918 0.4891 0.4694 1.0000 0.5027 0.6638 
0.2489
0.1680 0.6669 0.5458 0.4328 0.5568 0.5893 0.6127 0.5809 0.6601 0.6818 0.6108 0.5075 0.4773 0.4512 0.5017 0.6632 
0.2489
0.1681 0.6669 0.5459 0.4320 0.5568 0.5919 0.6127 0.5891 0.6601 0.6843 0.6110 0.5078 0.4773 0.8261 0.5023 0.6624 
0.2489
0.1436 0.3336 0.0920 0.7782 0.0846 0.6185 0.5960 0.7413 0.3445 0.3746 0.3006 0.4140 0.4988 0.4512 0.4117 0.5605 
0.1147
0.1682 0.6669 0.5461 0.4400 0.5568 0.5911 0.6127 0.5825 0.6604 0.6833 0.6109 0.5076 0.4775 0.4512 0.5046 0.6630 
0.2489
0.3292 0.3336 0.5398 0.3868 0.5568 0.5387 0.6128 0.5342 0.6594 0.6538 0.5920 0.4893 0.4692 0.4512 0.5035 0.6634 
0.2489
0.1436 0.3336 0.0921 0.7782 0.0846 0.6182 0.5960 0.7410 0.3454 0.3742 0.3005 0.4140 0.4989 0.6575 0.4079 0.5605 
0.1147
0.0852 0.6669 0.1424 0.8197 0.0845 0.6522 0.5959 0.7705 0.3422 0.3967 0.2962 0.4094 0.4808 0.4512 0.3255 0.5818 
0.1147
0.1681 0.6669 0.5460 0.4323 0.5568 0.5897 0.6127 0.5813 0.6602 0.6817 0.6109 0.5077 0.4777 0.4512 0.5048 0.6628 
0.2489
0.3292 0.3336 0.5397 0.3998 0.5568 0.5383 0.6128 0.5397 0.6598 0.6536 0.5921 0.4892 0.4688 1.0000 0.5046 0.6647 
0.2489
0.1681 0.6669 0.5460 0.4480 0.5568 0.5915 0.6127 0.5836 0.6601 0.6832 0.6111 0.5077 0.4772 0.8261 0.5017 0.6634 
0.2489
0.3292 0.3336 0.5398 0.3831 0.5568 0.5394 0.6128 0.5417 0.6595 0.6543 0.5921 0.4893 0.4689 1.0000 0.5057 0.6634 
0.2489
0.1445 0.3336 0.0938 0.7868 0.0846 0.6219 0.5960 0.7443 0.3459 0.3796 0.3010 0.4145 0.5015 0.4512 0.4156 0.5576 
0.1147
0.1682 0.6669 0.5461 0.4371 0.5568 0.5907 0.6127 0.5801 0.6607 0.6854 0.6112 0.5084 0.4753 0.4512 0.5068 0.6637 
0.2489
0.3289 0.3336 0.5395 0.3903 0.5568 0.5395 0.6128 0.5389 0.6604 0.6555 0.5917 0.4891 0.4691 0.8261 0.5012 0.6638 
0.2489
0.1682 0.6669 0.5461 0.4369 0.5568 0.5920 0.6127 0.5860 0.6601 0.6820 0.6110 0.5078 0.4775 1.0000 0.5039 0.6628 
0.2489
0.1682 0.6669 0.5462 0.4430 0.5568 0.5889 0.6127 0.5818 0.6598 0.6820 0.6113 0.5079 0.4771 1.0000 0.5079 0.6625 
0.2489
0.1437 0.3336 0.0923 0.7782 0.0846 0.6183 0.5960 0.7411 0.3448 0.3769 0.3004 0.4140 0.4990 0.4512 0.4117 0.5600 
0.1147
0.3292 0.3336 0.5398 0.3818 0.5568 0.5358 0.6128 0.5292 0.6597 0.6533 0.5921 0.4892 0.4689 0.8261 0.5061 0.6639 
0.2489
0.0852 0.6669 0.1424 0.8197 0.0845 0.6520 0.5959 0.7703 0.3420 0.3997 0.2962 0.4094 0.4808 0.4512 0.3239 0.5820 
0.1147
0.1681 0.6669 0.5460 0.4181 0.5568 0.5919 0.6127 0.5853 0.6601 0.6821 0.6110 0.5077 0.4773 0.8261 0.5032 0.6635 
0.2489
0.1682 0.6669 0.5462 0.4318 0.5568 0.5922 0.6127 0.5860 0.6602 0.6819 0.6114 0.5080 0.4766 0.4512 0.5062 0.6630 
0.2489
0.3293 0.3336 0.5399 0.3747 0.5568 0.5385 0.6128 0.5321 0.6600 0.6542 0.5921 0.4894 0.4690 0.8261 0.5033 0.6637 
0.2489
0.3289 0.3336 0.5395 0.3822 0.5568 0.5417 0.6128 0.5424 0.6603 0.6550 0.5918 0.4892 0.4692 0.8261 0.5019 0.6635 
0.2489
0.1684 0.6669 0.5465 0.4340 0.5568 0.5918 0.6127 0.5877 0.6602 0.6846 0.6116 0.5080 0.4760 1.0000 0.5210 0.6630 
0.2489
0.1435 0.3336 0.0919 0.7782 0.0846 0.6181 0.5960 0.7409 0.3444 0.3769 0.3005 0.4140 0.4987 0.4512 0.4080 0.5606 
0.1147
0.1436 0.3336 0.0920 0.7782 0.0846 0.6189 0.5960 0.7416 0.3447 0.3763 0.3006 0.4140 0.4989 0.4512 0.4113 0.5602 
0.1147
0.3293 0.3336 0.5398 0.3860 0.5568 0.5420 0.6128 0.5413 0.6593 0.6538 0.5922 0.4893 0.4691 1.0000 0.5104 0.6637 
0.2489
0.0852 0.6669 0.1425 0.8197 0.0845 0.6511 0.5959 0.7695 0.3408 0.3970 0.2962 0.4094 0.4807 0.4512 0.3254 0.5820 
0.1147
0.0840 0.6669 0.1381 0.8197 0.0845 0.6440 0.5959 0.7634 0.3491 0.3904 0.2971 0.4094 0.4780 1.0000 0.3216 0.5865 
0.1147
0.1682 0.6669 0.5461 0.4300 0.5568 0.5936 0.6127 0.5863 0.6607 0.6832 0.6109 0.5077 0.4776 0.4512 0.4996 0.6627 
0.2489
0.1681 0.6669 0.5459 0.4331 0.5568 0.5901 0.6127 0.5842 0.6602 0.6813 0.6110 0.5076 0.4767 0.8261 0.5114 0.6638 
0.2489
0.1682 0.6669 0.5462 0.4478 0.5568 0.5916 0.6127 0.5877 0.6598 0.6837 0.6113 0.5079 0.4772 0.4512 0.5069 0.6626 
0.2489
0.1681 0.6669 0.5459 0.4384 0.5568 0.5882 0.6127 0.5790 0.6602 0.6817 0.6112 0.5078 0.4770 0.8261 0.5099 0.6633 
0.2489
0.1682 0.6669 0.5462 0.4458 0.5568 0.5902 0.6127 0.5832 0.6602 0.6827 0.6112 0.5077 0.4771 1.0000 0.5242 0.6627 
0.2489
0.0852 0.6669 0.1422 0.8197 0.0845 0.6512 0.5959 0.7696 0.3424 0.3952 0.2963 0.4095 0.4806 0.4512 0.3247 0.5822 
0.1147
0.1681 0.6669 0.5460 0.4292 0.5568 0.5910 0.6127 0.5831 0.6602 0.6821 0.6110 0.5077 0.4769 0.4512 0.5027 0.6636 
0.2489
0.1682 0.6669 0.5460 0.4440 0.5568 0.5926 0.6127 0.5865 0.6603 0.6840 0.6111 0.5078 0.4768 0.4512 0.5049 0.6635 
0.2489
0.0852 0.6669 0.1423 0.8197 0.0845 0.6517 0.5959 0.7700 0.3425 0.3952 0.2962 0.4094 0.4807 0.4512 0.3245 0.5819 
0.1147
0.1437 0.3336 0.0922 0.7782 0.0846 0.6185 0.5960 0.7413 0.3447 0.3763 0.3003 0.4139 0.4988 0.4512 0.4085 0.5608 
0.1147
0.1444 0.3336 0.0937 0.7868 0.0846 0.6213 0.5960 0.7437 0.3452 0.3765 0.3009 0.4145 0.5015 0.4512 0.4156 0.5577 
0.1147
0.1681 0.6669 0.5459 0.4414 0.5568 0.5892 0.6127 0.5781 0.6603 0.6843 0.6108 0.5075 0.4775 0.4512 0.5073 0.6630 
0.2489
0.3289 0.3336 0.5395 0.3844 0.5568 0.5379 0.6128 0.5301 0.6603 0.6551 0.5918 0.4891 0.4686 1.0000 0.4992 0.6644 
0.2489
0.1434 0.3336 0.0917 0.7782 0.0846 0.6188 0.5960 0.7415 0.3450 0.3772 0.3007 0.4140 0.4985 0.4512 0.4104 0.5606 
0.1147
0.1441 0.3336 0.0931 0.7868 0.0846 0.6224 0.5960 0.7447 0.3455 0.3806 0.3012 0.4145 0.5008 0.4512 0.4160 0.5584 
0.1147
0.1683 0.6669 0.5463 0.4354 0.5568 0.5887 0.6127 0.5804 0.6599 0.6811 0.6114 0.5078 0.4764 0.4512 0.5224 0.6642 
0.2489
0.1433 0.3336 0.0915 0.7782 0.0846 0.6184 0.5960 0.7412 0.3450 0.3677 0.3008 0.4140 0.4984 0.4512 0.4101 0.5613 
0.1147
0.1681 0.6669 0.5459 0.4330 0.5568 0.5898 0.6127 0.5812 0.6601 0.6822 0.6109 0.5077 0.4772 1.0000 0.5022 0.6631 
0.2489
0.0852 0.6669 0.1423 0.8197 0.0845 0.6512 0.5959 0.7696 0.3422 0.3957 0.2961 0.4094 0.4808 0.4512 0.3235 0.5821 
0.1147
0.3290 0.3336 0.5395 0.3923 0.5569 0.5421 0.6128 0.5422 0.6607 0.6564 0.5916 0.4891 0.4692 0.8261 0.5012 0.6639 
0.2489
0.0850 0.6669 0.1417 0.8197 0.0845 0.6513 0.5959 0.7697 0.3433 0.3947 0.2964 0.4095 0.4802 0.4512 0.3236 0.5827 
0.1147
0.1681 0.6669 0.5460 0.4366 0.5568 0.5942 0.6127 0.5874 0.6602 0.6821 0.6108 0.5075 0.4779 1.0000 0.5051 0.6628 
0.2489
0.1681 0.6669 0.5459 0.4364 0.5568 0.5898 0.6127 0.5812 0.6602 0.6822 0.6110 0.5077 0.4771 0.8261 0.5027 0.6630 
0.2489
0.1436 0.3336 0.0919 0.7782 0.0846 0.6189 0.5960 0.7417 0.3451 0.3781 0.3006 0.4140 0.4988 0.4512 0.4112 0.5605 
0.1147
0.1681 0.6669 0.5460 0.4456 0.5568 0.5914 0.6127 0.5823 0.6602 0.6820 0.6109 0.5076 0.4775 1.0000 0.5063 0.6631 
0.2489
0.0853 0.6669 0.1425 0.8197 0.0845 0.6525 0.5959 0.7708 0.3421 0.3981 0.2961 0.4094 0.4808 0.4512 0.3257 0.5819 
0.1147
0.3292 0.3336 0.5397 0.3842 0.5568 0.5426 0.6128 0.5430 0.6596 0.6531 0.5922 0.4892 0.4688 0.8261 0.5114 0.6642 
0.2489
0.3292 0.3336 0.5398 0.3858 0.5568 0.5387 0.6128 0.5397 0.6597 0.6533 0.5922 0.4893 0.4687 0.4512 0.5083 0.6645 
0.2489
0.1434 0.3336 0.0916 0.7782 0.0846 0.6185 0.5960 0.7413 0.3452 0.3752 0.3008 0.4140 0.4983 0.4512 0.4104 0.5611 
0.1147
0.3290 0.3336 0.5395 0.3880 0.5568 0.5381 0.6128 0.5291 0.6604 0.6552 0.5918 0.4891 0.4689 0.8261 0.5060 0.6639 
0.2489
0.3292 0.3336 0.5398 0.3719 0.5568 0.5366 0.6128 0.5292 0.6596 0.6539 0.5922 0.4892 0.4692 0.8261 0.5085 0.6632 
0.2489
0.1681 0.6669 0.5459 0.4357 0.5568 0.5913 0.6127 0.5868 0.6601 0.6833 0.6109 0.5077 0.4774 0.4512 0.5025 0.6628 
0.2489
0.0853 0.6669 0.1428 0.8197 0.0845 0.6522 0.5959 0.7704 0.3421 0.3974 0.2961 0.4095 0.4811 0.4512 0.3261 0.5818 
0.1147
0.1441 0.3336 0.0930 0.7884 0.0846 0.6220 0.5960 0.7444 0.3448 0.3805 0.3013 0.4145 0.5008 0.4512 0.4140 0.5587 
0.1147
0.3292 0.3336 0.5398 0.3982 0.5568 0.5371 0.6128 0.5301 0.6598 0.6537 0.5922 0.4893 0.4689 0.4512 0.5086 0.6640 
0.2489
0.3293 0.3336 0.5398 0.4002 0.5568 0.5407 0.6128 0.5419 0.6600 0.6540 0.5921 0.4893 0.4690 1.0000 0.5030 0.6634 
0.2489
0.3294 0.3336 0.5399 0.4008 0.5568 0.5392 0.6128 0.5392 0.6600 0.6544 0.5922 0.4894 0.4691 0.4512 0.5079 0.6636 
0.2489
0.1682 0.6669 0.5461 0.4318 0.5568 0.5876 0.6127 0.5762 0.6601 0.6838 0.6111 0.5078 0.4774 1.0000 0.5042 0.6635 
0.2489
0.3290 0.3336 0.5395 0.3945 0.5569 0.5403 0.6128 0.5429 0.6606 0.6557 0.5918 0.4891 0.4691 0.8261 0.5002 0.6639 
0.2489
0.0855 0.6669 0.1434 0.8197 0.0845 0.6522 0.5959 0.7704 0.3404 0.4014 0.2960 0.4095 0.4813 0.4512 0.3219 0.5812 
0.1147
0.0851 0.6669 0.1422 0.8197 0.0845 0.6510 0.5959 0.7694 0.3408 0.4008 0.2963 0.4094 0.4805 0.4512 0.3240 0.5822 
0.1147
0.3293 0.3336 0.5398 0.3954 0.5568 0.5416 0.6128 0.5406 0.6600 0.6545 0.5921 0.4894 0.4689 0.8261 0.4995 0.6636 
0.2489
0.1443 0.3336 0.0935 0.7868 0.0846 0.6220 0.5960 0.7443 0.3460 0.3812 0.3010 0.4146 0.5012 0.4512 0.4170 0.5579 
0.1147
0.1681 0.6669 0.5460 0.4419 0.5568 0.5887 0.6127 0.5800 0.6601 0.6820 0.6110 0.5077 0.4775 1.0000 0.5040 0.6627 
0.2489
0.1682 0.6669 0.5461 0.4352 0.5568 0.5928 0.6127 0.5863 0.6601 0.6820 0.6111 0.5078 0.4776 0.4512 0.5011 0.6632 
0.2489
0.1681 0.6669 0.5460 0.4380 0.5568 0.5888 0.6127 0.5775 0.6601 0.6838 0.6110 0.5077 0.4770 0.8261 0.5004 0.6635 
0.2489
0.1682 0.6669 0.5461 0.4427 0.5568 0.5950 0.6127 0.5873 0.6607 0.6834 0.6110 0.5078 0.4773 0.8261 0.4994 0.6632 
0.2489
0.1436 0.3336 0.0921 0.7782 0.0846 0.6188 0.5960 0.7416 0.3450 0.3747 0.3005 0.4140 0.4989 0.4512 0.4105 0.5604 
0.1147
0.0852 0.6669 0.1424 0.8197 0.0845 0.6505 0.5959 0.7690 0.3425 0.3947 0.2962 0.4094 0.4807 0.4512 0.3237 0.5822 
0.1147
0.1682 0.6669 0.5461 0.4353 0.5568 0.5927 0.6127 0.5856 0.6604 0.6824 0.6111 0.5078 0.4772 1.0000 0.5064 0.6634 
0.2489
0.3293 0.3336 0.5398 0.4016 0.5568 0.5376 0.6128 0.5377 0.6600 0.6541 0.5922 0.4894 0.4689 1.0000 0.5099 0.6636 
0.2489
0.1444 0.3336 0.0936 0.7868 0.0846 0.6212 0.5960 0.7437 0.3450 0.3816 0.3010 0.4145 0.5014 0.4512 0.4151 0.5577 
0.1147
0.3290 0.3336 0.5395 0.3835 0.5569 0.5364 0.6128 0.5278 0.6608 0.6564 0.5918 0.4891 0.4688 0.8261 0.5013 0.6642 
0.2489
0.3293 0.3336 0.5398 0.3877 0.5568 0.5368 0.6128 0.5298 0.6594 0.6536 0.5921 0.4892 0.4695 0.8261 0.5091 0.6634 
0.2489
0.1444 0.3336 0.0937 0.7868 0.0846 0.6222 0.5960 0.7445 0.3454 0.3791 0.3010 0.4145 0.5013 0.4512 0.4158 0.5580 
0.1147
0.1444 0.3336 0.0936 0.7868 0.0846 0.6222 0.5960 0.7445 0.3467 0.3778 0.3010 0.4145 0.5014 0.4512 0.4145 0.5578 
0.1147
0.0852 0.6669 0.1425 0.8197 0.0845 0.6518 0.5959 0.7701 0.3424 0.4010 0.2962 0.4095 0.4808 0.4512 0.3225 0.5819 
0.1147
0.1443 0.3336 0.0934 0.7868 0.0846 0.6223 0.5960 0.7446 0.3456 0.3813 0.3011 0.4146 0.5011 0.4512 0.4170 0.5584 
0.1147
0.1682 0.6669 0.5461 0.4330 0.5568 0.5901 0.6127 0.5828 0.6602 0.6823 0.6111 0.5078 0.4773 0.8261 0.4998 0.6627 
0.2489
0.1444 0.3336 0.0937 0.7884 0.0846 0.6215 0.5960 0.7439 0.3449 0.3797 0.3010 0.4145 0.5014 0.4512 0.4167 0.5578 
0.1147
0.1683 0.6669 0.5463 0.4425 0.5568 0.5897 0.6127 0.5851 0.6602 0.6831 0.6113 0.5078 0.4767 0.4512 0.5193 0.6634 
0.2489
0.0855 0.6669 0.1434 0.8197 0.0845 0.6520 0.5959 0.7703 0.3410 0.3970 0.2961 0.4095 0.4812 0.4512 0.3260 0.5813 
0.1147
0.3290 0.3336 0.5396 0.3739 0.5569 0.5391 0.6128 0.5301 0.6607 0.6564 0.5916 0.4890 0.4695 0.8261 0.5030 0.6635 
0.2489
0.0854 0.6669 0.1430 0.8197 0.0845 0.6512 0.5959 0.7696 0.3426 0.3941 0.2961 0.4094 0.4810 0.4512 0.3225 0.5816 
0.1147
0.0854 0.6669 0.1430 0.8197 0.0845 0.6520 0.5959 0.7703 0.3407 0.3996 0.2961 0.4094 0.4811 0.6575 0.3261 0.5810 
0.1147
0.3289 0.3336 0.5395 0.3980 0.5569 0.5422 0.6128 0.5411 0.6607 0.6563 0.5917 0.4890 0.4689 0.8261 0.5029 0.6641 
0.2489
0.1683 0.6669 0.5462 0.4372 0.5568 0.5914 0.6127 0.5885 0.6601 0.6838 0.6113 0.5080 0.4772 0.4512 0.5099 0.6629 
0.2489
0.0854 0.6669 0.1430 0.8197 0.0845 0.6511 0.5959 0.7696 0.3422 0.4000 0.2960 0.4094 0.4812 0.4512 0.3234 0.5814 
0.1147
0.0852 0.6669 0.1425 0.8197 0.0845 0.6517 0.5959 0.7701 0.3410 0.3992 0.2962 0.4094 0.4808 0.4512 0.3264 0.5818 
0.1147
0.1683 0.6669 0.5462 0.4459 0.5568 0.5881 0.6127 0.5776 0.6602 0.6841 0.6114 0.5079 0.4760 0.8261 0.5136 0.6641 
0.2489
0.1682 0.6669 0.5461 0.4403 0.5568 0.5924 0.6127 0.5872 0.6604 0.6849 0.6110 0.5077 0.4774 0.4512 0.5050 0.6632 
0.2489
0.1436 0.3336 0.0920 0.7782 0.0846 0.6186 0.5960 0.7414 0.3449 0.3730 0.3006 0.4140 0.4988 0.4512 0.4099 0.5606 
0.1147
0.3292 0.3336 0.5398 0.3916 0.5568 0.5346 0.6128 0.5287 0.6590 0.6528 0.5920 0.4892 0.4696 0.4512 0.5085 0.6634 
0.2489
0.1443 0.3336 0.0936 0.7868 0.0846 0.6213 0.5960 0.7437 0.3452 0.3791 0.3010 0.4145 0.5013 0.6575 0.4148 0.5575 
0.1147
0.3293 0.3336 0.5399 0.3905 0.5568 0.5412 0.6128 0.5387 0.6602 0.6549 0.5923 0.4894 0.4690 1.0000 0.5088 0.6642 
0.2489
0.3294 0.3336 0.5399 0.3919 0.5568 0.5425 0.6128 0.5432 0.6600 0.6547 0.5923 0.4894 0.4685 0.8261 0.5131 0.6644 
0.2489
0.3292 0.3336 0.5397 0.3794 0.5568 0.5438 0.6128 0.5463 0.6591 0.6531 0.5921 0.4892 0.4690 0.8261 0.5032 0.6634 
0.2489
0.1435 0.3336 0.0918 0.7782 0.0846 0.6190 0.5960 0.7417 0.3453 0.3775 0.3005 0.4140 0.4986 0.4512 0.4083 0.5607 
0.1147
0.1681 0.6669 0.5459 0.4334 0.5568 0.5896 0.6127 0.5814 0.6601 0.6821 0.6108 0.5076 0.4775 0.4512 0.5007 0.6630 
0.2489
0.3293 0.3336 0.5398 0.3699 0.5568 0.5377 0.6128 0.5311 0.6600 0.6541 0.5921 0.4893 0.4690 1.0000 0.5062 0.6637 
0.2489
0.1436 0.3336 0.0920 0.7782 0.0846 0.6185 0.5960 0.7413 0.3454 0.3761 0.3005 0.4140 0.4987 0.4512 0.4084 0.5606 
0.1147
0.1435 0.3336 0.0918 0.7782 0.0846 0.6187 0.5960 0.7415 0.3450 0.3772 0.3006 0.4140 0.4986 0.4512 0.4106 0.5610 
0.1147
0.0853 0.6669 0.1428 0.8197 0.0845 0.6524 0.5959 0.7707 0.3406 0.3976 0.2962 0.4094 0.4806 0.4512 0.3226 0.5822 
0.1147
0.0854 0.6669 0.1431 0.8197 0.0845 0.6511 0.5959 0.7696 0.3423 0.3955 0.2960 0.4095 0.4813 0.4512 0.3246 0.5815 
0.1147
0.3292 0.3336 0.5398 0.3761 0.5568 0.5374 0.6128 0.5378 0.6598 0.6535 0.5922 0.4893 0.4686 0.4512 0.5082 0.6639 
0.2489
0.0855 0.6669 0.1433 0.8197 0.0845 0.6518 0.5959 0.7701 0.3410 0.3970 0.2961 0.4095 0.4811 0.6575 0.3235 0.5814 
0.1147
0.1436 0.3336 0.0921 0.7782 0.0846 0.6186 0.5960 0.7413 0.3457 0.3765 0.3005 0.4141 0.4990 0.4512 0.4087 0.5605 
0.1147
0.1680 0.6669 0.5458 0.4315 0.5568 0.5916 0.6127 0.5885 0.6601 0.6837 0.6108 0.5076 0.4776 0.8261 0.5025 0.6628 
0.2489
0.1681 0.6669 0.5459 0.4400 0.5568 0.5892 0.6127 0.5807 0.6601 0.6826 0.6110 0.5077 0.4776 0.4512 0.5047 0.6629 
0.2489
0.0852 0.6669 0.1424 0.8197 0.0845 0.6523 0.5959 0.7706 0.3419 0.3994 0.2962 0.4094 0.4808 0.4512 0.3275 0.5820 
0.1147
0.1435 0.3336 0.0918 0.7782 0.0846 0.6189 0.5960 0.7416 0.3450 0.3772 0.3006 0.4140 0.4987 0.4512 0.4084 0.5605 
0.1147
0.0854 0.6669 0.1430 0.8197 0.0845 0.6521 0.5959 0.7704 0.3415 0.3985 0.2960 0.4095 0.4813 0.4512 0.3246 0.5813 
0.1147
0.0854 0.6669 0.1429 0.8197 0.0845 0.6518 0.5959 0.7701 0.3421 0.3979 0.2961 0.4095 0.4811 0.4512 0.3212 0.5816 
0.1147
0.1436 0.3336 0.0920 0.7782 0.0846 0.6185 0.5960 0.7413 0.3445 0.3795 0.3006 0.4140 0.4989 0.4512 0.4104 0.5604 
0.1147
0.1442 0.3336 0.0932 0.7868 0.0846 0.6224 0.5960 0.7447 0.3449 0.3793 0.3012 0.4146 0.5009 0.4512 0.4142 0.5584 
0.1147
0.1682 0.6669 0.5461 0.4390 0.5568 0.5919 0.6127 0.5848 0.6601 0.6829 0.6109 0.5077 0.4778 0.8261 0.5018 0.6633 
0.2489
0.1681 0.6669 0.5459 0.4319 0.5568 0.5916 0.6127 0.5827 0.6602 0.6816 0.6110 0.5077 0.4769 0.4512 0.5011 0.6632 
0.2489
0.1436 0.3336 0.0921 0.7782 0.0846 0.6186 0.5960 0.7414 0.3444 0.3781 0.3005 0.4140 0.4988 0.4512 0.4072 0.5602 
0.1147
0.0854 0.6669 0.1432 0.8197 0.0845 0.6512 0.5959 0.7696 0.3408 0.4011 0.2960 0.4094 0.4813 0.6575 0.3271 0.5815 
0.1147
0.1681 0.6669 0.5460 0.4322 0.5568 0.5915 0.6127 0.5850 0.6602 0.6828 0.6110 0.5078 0.4778 1.0000 0.5019 0.6623 
0.2489
0.3289 0.3336 0.5395 0.3812 0.5569 0.5402 0.6128 0.5355 0.6605 0.6557 0.5917 0.4890 0.4688 1.0000 0.5008 0.6638 
0.2489
0.1436 0.3336 0.0920 0.7782 0.0846 0.6183 0.5960 0.7412 0.3448 0.3724 0.3006 0.4140 0.4987 0.6575 0.4105 0.5606 
0.1147
0.1682 0.6669 0.5461 0.4403 0.5568 0.5909 0.6127 0.5853 0.6602 0.6834 0.6111 0.5078 0.4774 1.0000 0.5009 0.6627 
0.2489
0.3292 0.3336 0.5398 0.3793 0.5568 0.5381 0.6128 0.5383 0.6599 0.6539 0.5921 0.4893 0.4693 0.8261 0.5070 0.6638 
0.2489
0.1444 0.3336 0.0938 0.7868 0.0846 0.6221 0.5960 0.7444 0.3451 0.3812 0.3010 0.4146 0.5015 0.4512 0.4180 0.5576 
0.1147
0.0852 0.6669 0.1423 0.8197 0.0845 0.6510 0.5959 0.7694 0.3408 0.3997 0.2963 0.4094 0.4806 0.4512 0.3248 0.5825 
0.1147
0.0851 0.6669 0.1421 0.8124 0.0845 0.6510 0.5959 0.7694 0.3423 0.3994 0.2962 0.4094 0.4807 0.4512 0.3262 0.5818 
0.1147
0.0852 0.6669 0.1425 0.8197 0.0845 0.6510 0.5959 0.7694 0.3428 0.3955 0.2962 0.4094 0.4807 0.4512 0.3248 0.5821 
0.1147
0.0851 0.6669 0.1419 0.8197 0.0845 0.6511 0.5959 0.7695 0.3427 0.3951 0.2963 0.4094 0.4804 0.4512 0.3248 0.5829 
0.1147
0.1435 0.3336 0.0918 0.7782 0.0846 0.6189 0.5960 0.7417 0.3443 0.3792 0.3006 0.4140 0.4987 0.4512 0.4088 0.5605 
0.1147
0.0854 0.6669 0.1429 0.8197 0.0845 0.6519 0.5959 0.7702 0.3403 0.4035 0.2961 0.4095 0.4811 0.4512 0.3228 0.5815 
0.1147
0.0854 0.6669 0.1430 0.8197 0.0845 0.6512 0.5959 0.7696 0.3408 0.4002 0.2961 0.4094 0.4812 0.4512 0.3258 0.5816 
0.1147
0.1682 0.6669 0.5461 0.4371 0.5568 0.5892 0.6127 0.5812 0.6602 0.6821 0.6111 0.5079 0.4771 1.0000 0.5006 0.6635 
0.2489
0.1683 0.6669 0.5464 0.4387 0.5568 0.5892 0.6127 0.5801 0.6607 0.6853 0.6114 0.5080 0.4759 1.0000 0.5137 0.6635 
0.2489
0.1682 0.6669 0.5462 0.4303 0.5568 0.5945 0.6127 0.5874 0.6606 0.6834 0.6111 0.5078 0.4775 0.8261 0.5054 0.6629 
0.2489
0.1437 0.3336 0.0921 0.7782 0.0846 0.6184 0.5960 0.7412 0.3452 0.3748 0.3005 0.4140 0.4989 0.4512 0.4110 0.5604 
0.1147
0.3292 0.3336 0.5397 0.3854 0.5568 0.5383 0.6128 0.5323 0.6595 0.6534 0.5923 0.4892 0.4687 0.8261 0.5135 0.6640 
0.2489
0.3289 0.3336 0.5395 0.3848 0.5569 0.5369 0.6128 0.5323 0.6606 0.6560 0.5916 0.4889 0.4689 0.8261 0.5088 0.6638 
0.2489
0.1435 0.3336 0.0918 0.7782 0.0846 0.6190 0.5960 0.7417 0.3449 0.3781 0.3006 0.4140 0.4987 0.4512 0.4101 0.5607 
0.1147
0.3290 0.3336 0.5396 0.3836 0.5568 0.5379 0.6128 0.5350 0.6597 0.6548 0.5921 0.4892 0.4690 0.4512 0.5103 0.6635 
0.2489
0.0849 0.6669 0.1414 0.8197 0.0845 0.6518 0.5959 0.7701 0.3423 0.3987 0.2964 0.4094 0.4801 0.4512 0.3233 0.5830 
0.1147
0.1442 0.3336 0.0933 0.7868 0.0846 0.6211 0.5960 0.7436 0.3457 0.3785 0.3011 0.4145 0.5010 0.4512 0.4154 0.5583 
0.1147
0.1682 0.6669 0.5461 0.4393 0.5568 0.5915 0.6127 0.5884 0.6602 0.6843 0.6112 0.5079 0.4772 0.4512 0.5008 0.6633 
0.2489
0.0853 0.6669 0.1426 0.8197 0.0845 0.6517 0.5959 0.7700 0.3423 0.3955 0.2962 0.4095 0.4809 0.4512 0.3248 0.5819 
0.1147
0.1683 0.6669 0.5464 0.4349 0.5568 0.5908 0.6127 0.5852 0.6603 0.6851 0.6114 0.5080 0.4764 0.8261 0.5128 0.6624 
0.2489
0.1435 0.3336 0.0917 0.7782 0.0846 0.6188 0.5960 0.7416 0.3450 0.3776 0.3006 0.4140 0.4986 0.4512 0.4116 0.5607 
0.1147
0.3289 0.3336 0.5395 0.3842 0.5568 0.5375 0.6128 0.5339 0.6603 0.6553 0.5917 0.4890 0.4692 0.4512 0.5001 0.6639 
0.2489
0.1682 0.6669 0.5461 0.4244 0.5568 0.5892 0.6127 0.5779 0.6601 0.6838 0.6111 0.5078 0.4772 1.0000 0.5027 0.6634 
0.2489
0.1436 0.3336 0.0921 0.7782 0.0846 0.6187 0.5960 0.7415 0.3451 0.3751 0.3005 0.4140 0.4990 0.4512 0.4122 0.5604 
0.1147
0.3290 0.3336 0.5396 0.3849 0.5568 0.5349 0.6128 0.5288 0.6595 0.6529 0.5921 0.4892 0.4688 0.4512 0.5030 0.6648 
0.2489
0.3288 0.3336 0.5394 0.3943 0.5569 0.5413 0.6128 0.5425 0.6605 0.6557 0.5917 0.4889 0.4690 1.0000 0.5028 0.6637 
0.2489
0.1436 0.3336 0.0920 0.7782 0.0846 0.6186 0.5960 0.7413 0.3450 0.3770 0.3006 0.4140 0.4988 0.4512 0.4065 0.5605 
0.1147
0.1682 0.6669 0.5461 0.4312 0.5568 0.5893 0.6127 0.5815 0.6602 0.6821 0.6111 0.5078 0.4772 0.4512 0.5057 0.6631 
0.2489
0.1434 0.3336 0.0916 0.7782 0.0846 0.6182 0.5960 0.7411 0.3443 0.3761 0.3006 0.4140 0.4986 0.4512 0.4111 0.5611 
0.1147
0.1681 0.6669 0.5460 0.4372 0.5568 0.5907 0.6127 0.5792 0.6603 0.6842 0.6109 0.5076 0.4774 0.8261 0.5050 0.6632 
0.2489
0.1682 0.6669 0.5461 0.4415 0.5568 0.5937 0.6127 0.5865 0.6603 0.6827 0.6112 0.5079 0.4771 0.8261 0.5032 0.6630 
0.2489
0.1680 0.6669 0.5458 0.4299 0.5568 0.5926 0.6127 0.5874 0.6597 0.6832 0.6108 0.5075 0.4775 0.8261 0.5017 0.6635 
0.2489
0.1446 0.3336 0.0940 0.7868 0.0846 0.6209 0.5960 0.7433 0.3448 0.3788 0.3008 0.4145 0.5016 0.4512 0.4159 0.5572 
0.1147
0.1444 0.3336 0.0936 0.7884 0.0846 0.6216 0.5960 0.7440 0.3451 0.3803 0.3011 0.4146 0.5012 0.4512 0.4153 0.5578 
0.1147
0.0852 0.6669 0.1423 0.8197 0.0845 0.6525 0.5959 0.7708 0.3423 0.3967 0.2962 0.4094 0.4806 0.4512 0.3232 0.5823 
0.1147
0.3292 0.3336 0.5397 0.3778 0.5568 0.5424 0.6128 0.5430 0.6597 0.6533 0.5921 0.4892 0.4690 0.4512 0.5021 0.6638 
0.2489
0.1436 0.3336 0.0920 0.7782 0.0846 0.6183 0.5960 0.7411 0.3452 0.3740 0.3006 0.4140 0.4988 0.4512 0.4081 0.5602 
0.1147
0.3293 0.3336 0.5399 0.3821 0.5568 0.5396 0.6128 0.5337 0.6600 0.6543 0.5921 0.4894 0.4690 1.0000 0.5014 0.6641 
0.2489
0.1436 0.3336 0.0921 0.7782 0.0846 0.6183 0.5960 0.7411 0.3448 0.3727 0.3005 0.4140 0.4990 0.4512 0.4071 0.5605 
0.1147
0.0852 0.6669 0.1424 0.8197 0.0845 0.6527 0.5959 0.7709 0.3417 0.3994 0.2962 0.4094 0.4808 0.4512 0.3247 0.5817 
0.1147
0.0853 0.6669 0.1427 0.8197 0.0845 0.6517 0.5959 0.7700 0.3423 0.3959 0.2961 0.4094 0.4810 0.4512 0.3242 0.5817 
0.1147
0.0852 0.6669 0.1423 0.8197 0.0845 0.6511 0.5959 0.7695 0.3405 0.3974 0.2962 0.4094 0.4806 0.4512 0.3257 0.5824 
0.1147
0.1435 0.3336 0.0918 0.7782 0.0846 0.6183 0.5960 0.7411 0.3445 0.3784 0.3005 0.4140 0.4987 0.4512 0.4075 0.5610 
0.1147
0.1435 0.3336 0.0918 0.7782 0.0846 0.6184 0.5960 0.7412 0.3447 0.3743 0.3006 0.4140 0.4987 0.4512 0.4103 0.5608 
0.1147
0.3289 0.3336 0.5395 0.3858 0.5569 0.5400 0.6128 0.5406 0.6605 0.6556 0.5917 0.4890 0.4693 0.4512 0.5057 0.6631 
0.2489
0.1681 0.6669 0.5459 0.4408 0.5568 0.5903 0.6127 0.5795 0.6603 0.6842 0.6109 0.5076 0.4773 1.0000 0.5022 0.6628 
0.2489
0.1436 0.3336 0.0920 0.7782 0.0846 0.6185 0.5960 0.7413 0.3454 0.3788 0.3004 0.4140 0.4989 0.4512 0.4094 0.5604 
0.1147
0.3289 0.3336 0.5395 0.3779 0.5569 0.5394 0.6128 0.5388 0.6607 0.6564 0.5916 0.4890 0.4690 0.4512 0.4947 0.6640 
0.2489
0.1680 0.6669 0.5459 0.4400 0.5568 0.5896 0.6127 0.5784 0.6602 0.6840 0.6108 0.5075 0.4774 0.8261 0.5026 0.6632 
0.2489
0.3289 0.3336 0.5395 0.3902 0.5569 0.5382 0.6128 0.5305 0.6604 0.6556 0.5918 0.4890 0.4688 0.8261 0.5030 0.6639 
0.2489
0.1681 0.6669 0.5460 0.4421 0.5568 0.5888 0.6127 0.5816 0.6597 0.6823 0.6110 0.5078 0.4776 1.0000 0.5085 0.6634 
0.2489
0.1444 0.3336 0.0936 0.7868 0.0846 0.6214 0.5960 0.7438 0.3463 0.3761 0.3010 0.4145 0.5014 0.4512 0.4167 0.5577 
0.1147
0.0853 0.6669 0.1426 0.8197 0.0845 0.6513 0.5959 0.7697 0.3419 0.3967 0.2961 0.4094 0.4809 0.6575 0.3247 0.5822 
0.1147
0.1681 0.6669 0.5460 0.4371 0.5568 0.5908 0.6127 0.5827 0.6598 0.6810 0.6110 0.5077 0.4772 0.4512 0.5027 0.6632 
0.2489
0.1681 0.6669 0.5460 0.4412 0.5568 0.5889 0.6127 0.5773 0.6602 0.6842 0.6109 0.5076 0.4774 1.0000 0.5048 0.6634 
0.2489
0.0853 0.6669 0.1426 0.8197 0.0845 0.6526 0.5959 0.7708 0.3407 0.4004 0.2962 0.4094 0.4808 0.4512 0.3228 0.5821 
0.1147
0.1681 0.6669 0.5460 0.4369 0.5568 0.5912 0.6127 0.5806 0.6605 0.6845 0.6109 0.5076 0.4771 1.0000 0.5046 0.6635 
0.2489
0.1437 0.3336 0.0922 0.7782 0.0846 0.6180 0.5960 0.7409 0.3450 0.3738 0.3004 0.4140 0.4990 0.4512 0.4092 0.5608 
0.1147
0.1681 0.6669 0.5460 0.4468 0.5568 0.5888 0.6127 0.5779 0.6601 0.6835 0.6110 0.5077 0.4774 0.4512 0.5025 0.6625 
0.2489
0.0854 0.6669 0.1431 0.8197 0.0845 0.6521 0.5959 0.7704 0.3407 0.3971 0.2961 0.4095 0.4811 0.4512 0.3234 0.5816 
0.1147
0.3293 0.3336 0.5399 0.3781 0.5568 0.5412 0.6128 0.5369 0.6601 0.6546 0.5923 0.4894 0.4687 0.4512 0.5104 0.6641 
0.2489
0.0851 0.6669 0.1419 0.8197 0.0845 0.6509 0.5959 0.7694 0.3422 0.3964 0.2963 0.4094 0.4804 0.4512 0.3245 0.5825 
0.1147
0.1682 0.6669 0.5461 0.4242 0.5568 0.5920 0.6127 0.5890 0.6601 0.6842 0.6112 0.5079 0.4773 0.4512 0.5053 0.6625 
0.2489
0.1437 0.3336 0.0923 0.7782 0.0846 0.6184 0.5960 0.7412 0.3445 0.3787 0.3005 0.4140 0.4991 0.4512 0.4098 0.5603 
0.1147
0.3290 0.3336 0.5396 0.3865 0.5569 0.5435 0.6128 0.5428 0.6607 0.6564 0.5917 0.4890 0.4688 0.8261 0.4978 0.6640 
0.2489
0.1682 0.6669 0.5460 0.4328 0.5568 0.5907 0.6127 0.5837 0.6601 0.6821 0.6111 0.5079 0.4773 1.0000 0.5004 0.6634 
0.2489
0.1436 0.3336 0.0920 0.7782 0.0846 0.6182 0.5960 0.7411 0.3453 0.3787 0.3005 0.4140 0.4989 0.4512 0.4078 0.5607 
0.1147
0.0854 0.6669 0.1430 0.8197 0.0845 0.6522 0.5959 0.7705 0.3411 0.4015 0.2961 0.4094 0.4810 0.4512 0.3232 0.5815 
0.1147
0.1437 0.3336 0.0922 0.7782 0.0846 0.6196 0.5960 0.7422 0.3454 0.3745 0.3006 0.4140 0.4989 0.4512 0.4081 0.5602 
0.1147
0.1446 0.3336 0.0940 0.7868 0.0846 0.6212 0.5960 0.7436 0.3457 0.3778 0.3008 0.4145 0.5017 0.4512 0.4166 0.5575 
0.1147
0.0855 0.6669 0.1433 0.8197 0.0845 0.6510 0.5959 0.7695 0.3433 0.3961 0.2960 0.4094 0.4813 0.4512 0.3230 0.5811 
0.1147
0.3294 0.3336 0.5400 0.3808 0.5568 0.5365 0.6128 0.5311 0.6604 0.6555 0.5923 0.4895 0.4686 1.0000 0.5076 0.6641 
0.2489
0.3292 0.3336 0.5398 0.3913 0.5568 0.5413 0.6128 0.5411 0.6596 0.6531 0.5921 0.4893 0.4695 1.0000 0.5074 0.6632 
0.2489
0.1436 0.3336 0.0920 0.7782 0.0846 0.6185 0.5960 0.7413 0.3451 0.3811 0.3005 0.4140 0.4987 0.4512 0.4094 0.5604 
0.1147
0.3291 0.3336 0.5397 0.3793 0.5568 0.5383 0.6128 0.5401 0.6595 0.6527 0.5921 0.4892 0.4689 0.4512 0.4994 0.6638 
0.2489
0.1435 0.3336 0.0919 0.7782 0.0846 0.6185 0.5960 0.7413 0.3448 0.3769 0.3006 0.4140 0.4986 0.6575 0.4093 0.5606 
0.1147
0.1436 0.3336 0.0921 0.7782 0.0846 0.6181 0.5960 0.7409 0.3443 0.3764 0.3006 0.4140 0.4989 0.4512 0.4098 0.5607 
0.1147
0.1438 0.3336 0.0925 0.7782 0.0846 0.6183 0.5960 0.7411 0.3447 0.3747 0.3003 0.4140 0.4991 0.4512 0.4105 0.5601 
0.1147
0.1682 0.6669 0.5460 0.4376 0.5568 0.5910 0.6127 0.5827 0.6601 0.6822 0.6109 0.5076 0.4780 0.8261 0.5073 0.6628 
0.2489
0.0852 0.6669 0.1424 0.8197 0.0845 0.6519 0.5959 0.7702 0.3422 0.4012 0.2961 0.4094 0.4808 0.4512 0.3256 0.5816 
0.1147
0.3289 0.3336 0.5395 0.3927 0.5569 0.5385 0.6128 0.5371 0.6606 0.6561 0.5917 0.4890 0.4687 1.0000 0.5018 0.6648 
0.2489
0.1682 0.6669 0.5461 0.4334 0.5568 0.5889 0.6127 0.5802 0.6601 0.6831 0.6112 0.5079 0.4770 0.8261 0.5125 0.6631 
0.2489
0.0851 0.6669 0.1421 0.8124 0.0845 0.6513 0.5959 0.7697 0.3423 0.3982 0.2963 0.4094 0.4807 0.6575 0.3295 0.5819 
0.1147
0.1438 0.3336 0.0925 0.7782 0.0846 0.6183 0.5960 0.7411 0.3446 0.3781 0.3004 0.4140 0.4993 0.4512 0.4092 0.5598 
0.1147
0.3292 0.3336 0.5398 0.3844 0.5568 0.5357 0.6128 0.5290 0.6597 0.6549 0.5919 0.4892 0.4688 0.8261 0.5030 0.6640 
0.2489
0.1433 0.3336 0.0915 0.7782 0.0846 0.6186 0.5960 0.7414 0.3450 0.3788 0.3006 0.4140 0.4984 0.4512 0.4084 0.5615 
0.1147
0.1681 0.6669 0.5460 0.4259 0.5568 0.5905 0.6127 0.5829 0.6601 0.6830 0.6110 0.5078 0.4775 0.8261 0.5004 0.6626 
0.2489
0.1445 0.3336 0.0938 0.7868 0.0846 0.6224 0.5960 0.7446 0.3461 0.3803 0.3009 0.4145 0.5015 0.6575 0.4181 0.5573 
0.1147
0.0850 0.6669 0.1417 0.8197 0.0845 0.6507 0.5959 0.7692 0.3402 0.3977 0.2964 0.4094 0.4800 0.4512 0.3257 0.5835 
0.1147
0.1445 0.3336 0.0939 0.7868 0.0846 0.6213 0.5960 0.7437 0.3443 0.3794 0.3009 0.4145 0.5016 0.6575 0.4161 0.5572 
0.1147
0.1682 0.6669 0.5462 0.4420 0.5568 0.5921 0.6127 0.5877 0.6600 0.6830 0.6111 0.5078 0.4776 1.0000 0.4994 0.6626 
0.2489
0.1682 0.6669 0.5461 0.4323 0.5568 0.5924 0.6127 0.5865 0.6601 0.6815 0.6111 0.5079 0.4772 0.4512 0.4980 0.6636 
0.2489
0.0853 0.6669 0.1426 0.8197 0.0845 0.6517 0.5959 0.7700 0.3421 0.3994 0.2961 0.4094 0.4809 0.4512 0.3242 0.5821 
0.1147
0.1443 0.3336 0.0935 0.7868 0.0846 0.6222 0.5960 0.7445 0.3454 0.3806 0.3011 0.4146 0.5012 0.4512 0.4149 0.5579 
0.1147
0.3294 0.3336 0.5399 0.3776 0.5568 0.5393 0.6128 0.5346 0.6600 0.6544 0.5921 0.4894 0.4687 0.8261 0.4978 0.6646 
0.2489
0.0853 0.6669 0.1426 0.8197 0.0845 0.6521 0.5959 0.7704 0.3408 0.3958 0.2962 0.4094 0.4806 0.4512 0.3245 0.5825 
0.1147
0.1435 0.3336 0.0918 0.7782 0.0846 0.6188 0.5960 0.7415 0.3452 0.3750 0.3006 0.4140 0.4986 0.4512 0.4063 0.5610 
0.1147
0.0854 0.6669 0.1429 0.8197 0.0845 0.6507 0.5959 0.7692 0.3422 0.3983 0.2961 0.4094 0.4811 0.4512 0.3257 0.5815 
0.1147
0.0856 0.6669 0.1438 0.8197 0.0845 0.6517 0.5959 0.7700 0.3406 0.3996 0.2959 0.4095 0.4816 0.4512 0.3229 0.5809 
0.1147
0.1437 0.3336 0.0922 0.7782 0.0846 0.6184 0.5960 0.7412 0.3453 0.3767 0.3005 0.4140 0.4989 0.4512 0.4084 0.5606 
0.1147
0.1437 0.3336 0.0922 0.7782 0.0846 0.6186 0.5960 0.7414 0.3444 0.3769 0.3005 0.4140 0.4989 0.4512 0.4115 0.5603 
0.1147
0.0850 0.6669 0.1417 0.8197 0.0845 0.6510 0.5959 0.7695 0.3417 0.3948 0.2964 0.4094 0.4801 0.4512 0.3237 0.5831 
0.1147
0.3292 0.3336 0.5398 0.3907 0.5568 0.5379 0.6128 0.5393 0.6596 0.6530 0.5921 0.4892 0.4689 0.4512 0.5035 0.6635 
0.2489
0.1681 0.6669 0.5459 0.4457 0.5568 0.5911 0.6127 0.5854 0.6601 0.6846 0.6108 0.5075 0.4772 0.8261 0.5007 0.6634 
0.2489
0.0852 0.6669 0.1423 0.8124 0.0845 0.6497 0.5959 0.7683 0.3419 0.3955 0.2962 0.4094 0.4807 0.4512 0.3248 0.5820 
0.1147
0.3292 0.3336 0.5398 0.3858 0.5568 0.5421 0.6128 0.5419 0.6592 0.6531 0.5921 0.4892 0.4691 1.0000 0.5055 0.6635 
0.2489
0.1681 0.6669 0.5459 0.4216 0.5568 0.5886 0.6127 0.5784 0.6602 0.6842 0.6110 0.5077 0.4774 1.0000 0.5043 0.6631 
0.2489
0.3291 0.3336 0.5397 0.3871 0.5568 0.5350 0.6128 0.5274 0.6596 0.6534 0.5923 0.4892 0.4685 0.8261 0.5101 0.6636 
0.2489
0.0853 0.6669 0.1428 0.8197 0.0845 0.6512 0.5959 0.7697 0.3423 0.3959 0.2960 0.4094 0.4811 0.4512 0.3251 0.5819 
0.1147
0.0854 0.6669 0.1429 0.8197 0.0845 0.6525 0.5959 0.7708 0.3422 0.3966 0.2961 0.4094 0.4811 0.4512 0.3241 0.5814 
0.1147
0.1436 0.3336 0.0920 0.7782 0.0846 0.6192 0.5960 0.7419 0.3459 0.3735 0.3006 0.4140 0.4988 0.6575 0.4080 0.5606 
0.1147
0.1443 0.3336 0.0935 0.7868 0.0846 0.6223 0.5960 0.7445 0.3461 0.3806 0.3010 0.4146 0.5013 0.4512 0.4177 0.5580 
0.1147
0.1434 0.3336 0.0917 0.7782 0.0846 0.6190 0.5960 0.7417 0.3452 0.3783 0.3007 0.4140 0.4984 0.4512 0.4111 0.5611 
0.1147
0.0853 0.6669 0.1425 0.8197 0.0845 0.6518 0.5959 0.7702 0.3416 0.4007 0.2961 0.4094 0.4809 0.4512 0.3229 0.5817 
0.1147
0.1434 0.3336 0.0917 0.7782 0.0846 0.6184 0.5960 0.7412 0.3448 0.3704 0.3007 0.4140 0.4986 0.4512 0.4078 0.5609 
0.1147
0.1436 0.3336 0.0921 0.7782 0.0846 0.6187 0.5960 0.7414 0.3449 0.3777 0.3005 0.4140 0.4989 0.4512 0.4084 0.5605 
0.1147
0.0855 0.6669 0.1433 0.8197 0.0845 0.6533 0.5959 0.7714 0.3427 0.3980 0.2961 0.4094 0.4809 0.4512 0.3261 0.5816 
0.1147
0.1680 0.6669 0.5458 0.4433 0.5568 0.5982 0.6127 0.5872 0.6606 0.6828 0.6117 0.5083 0.4767 0.8261 0.5020 0.6633 
0.2489
0.1681 0.6669 0.5460 0.4387 0.5568 0.5918 0.6127 0.5856 0.6601 0.6824 0.6109 0.5077 0.4778 0.4512 0.5031 0.6625 
0.2489
0.0850 0.6669 0.1418 0.8197 0.0845 0.6513 0.5959 0.7697 0.3420 0.3964 0.2964 0.4095 0.4802 0.4512 0.3237 0.5829 
0.1147
0.1438 0.3336 0.0924 0.7782 0.0846 0.6181 0.5960 0.7410 0.3447 0.3737 0.3004 0.4140 0.4992 0.4512 0.4096 0.5598 
0.1147
0.1682 0.6669 0.5461 0.4286 0.5568 0.5922 0.6127 0.5856 0.6602 0.6819 0.6111 0.5078 0.4774 0.4512 0.5009 0.6632 
0.2489
0.1435 0.3336 0.0919 0.7782 0.0846 0.6185 0.5960 0.7413 0.3448 0.3726 0.3006 0.4140 0.4986 0.4512 0.4096 0.5606 
0.1147
0.3289 0.3336 0.5395 0.3839 0.5569 0.5393 0.6128 0.5383 0.6605 0.6556 0.5917 0.4890 0.4689 1.0000 0.5010 0.6639 
0.2489
0.4112 0.2781 0.5402 0.3839 0.5569 0.5322 0.6128 0.5403 0.6600 0.6468 0.5866 0.4854 0.4802 0.4512 0.5238 0.6271 
0.2489
0.0852 0.6669 0.1424 0.8197 0.0845 0.6521 0.5959 0.7704 0.3404 0.4003 0.2962 0.4094 0.4807 0.4512 0.3256 0.5822 
0.1147
0.1680 0.6669 0.5458 0.4345 0.5568 0.5887 0.6127 0.5804 0.6601 0.6818 0.6109 0.5077 0.4772 0.4512 0.5027 0.6630 
0.2489
0.0853 0.6669 0.1426 0.8197 0.0845 0.6511 0.5959 0.7695 0.3407 0.3996 0.2962 0.4095 0.4809 0.4512 0.3254 0.5821 
0.1147
0.1433 0.3336 0.0914 0.7782 0.0846 0.6187 0.5960 0.7414 0.3448 0.3751 0.3008 0.4140 0.4982 0.4512 0.4092 0.5612 
0.1147
0.3293 0.3336 0.5398 0.3960 0.5568 0.5379 0.6128 0.5369 0.6600 0.6542 0.5923 0.4893 0.4688 1.0000 0.5137 0.6641 
0.2489
0.3291 0.3336 0.5397 0.3878 0.5568 0.5384 0.6128 0.5343 0.6594 0.6529 0.5921 0.4892 0.4689 0.8261 0.5089 0.6638 
0.2489
0.0853 0.6669 0.1426 0.8197 0.0845 0.6508 0.5959 0.7692 0.3408 0.3972 0.2962 0.4094 0.4807 0.4512 0.3224 0.5823 
0.1147
0.1435 0.3336 0.0919 0.7782 0.0846 0.6182 0.5960 0.7411 0.3441 0.3756 0.3007 0.4140 0.4987 0.4512 0.4097 0.5605 
0.1147
0.0851 0.6669 0.1421 0.8197 0.0845 0.6515 0.5959 0.7699 0.3405 0.4039 0.2963 0.4094 0.4805 0.4512 0.3253 0.5824 
0.1147
0.0853 0.6669 0.1428 0.8197 0.0845 0.6529 0.5959 0.7711 0.3419 0.3990 0.2961 0.4094 0.4810 0.4512 0.3258 0.5816 
0.1147
0.3292 0.3336 0.5397 0.3808 0.5568 0.5377 0.6128 0.5313 0.6591 0.6532 0.5922 0.4892 0.4691 0.4512 0.5139 0.6639 
0.2489
0.3289 0.3336 0.5395 0.3689 0.5568 0.5405 0.6128 0.5370 0.6603 0.6550 0.5917 0.4891 0.4695 1.0000 0.5016 0.6632 
0.2489
0.1436 0.3336 0.0921 0.7782 0.0846 0.6185 0.5960 0.7413 0.3449 0.3750 0.3006 0.4141 0.4989 0.4512 0.4084 0.5605 
0.1147
0.0854 0.6669 0.1431 0.8197 0.0845 0.6518 0.5959 0.7701 0.3414 0.3999 0.2961 0.4094 0.4811 0.4512 0.3257 0.5814 
0.1147
0.1681 0.6669 0.5459 0.4372 0.5568 0.5900 0.6127 0.5817 0.6601 0.6821 0.6109 0.5076 0.4774 0.8261 0.5055 0.6633 
0.2489
0.1681 0.6669 0.5460 0.4264 0.5568 0.5902 0.6127 0.5815 0.6601 0.6818 0.6110 0.5077 0.4774 0.4512 0.5038 0.6631 
0.2489
0.0851 0.6669 0.1421 0.8197 0.0845 0.6515 0.5959 0.7699 0.3423 0.3977 0.2963 0.4095 0.4806 0.4512 0.3231 0.5820 
0.1147
0.0853 0.6669 0.1428 0.8197 0.0845 0.6509 0.5959 0.7693 0.3406 0.3975 0.2962 0.4094 0.4808 0.4512 0.3246 0.5821 
0.1147
0.1436 0.3336 0.0920 0.7782 0.0846 0.6187 0.5960 0.7414 0.3447 0.3790 0.3006 0.4140 0.4989 0.4512 0.4096 0.5606 
0.1147
0.0852 0.6669 0.1424 0.8197 0.0845 0.6527 0.5959 0.7710 0.3419 0.3987 0.2962 0.4094 0.4807 0.4512 0.3264 0.5819 
0.1147
0.1444 0.3336 0.0936 0.7868 0.0846 0.6211 0.5960 0.7435 0.3462 0.3755 0.3010 0.4145 0.5014 0.4512 0.4174 0.5578 
0.1147
0.1681 0.6669 0.5460 0.4314 0.5568 0.5897 0.6127 0.5812 0.6602 0.6831 0.6111 0.5077 0.4772 0.8261 0.4992 0.6632 
0.2489
0.3292 0.3336 0.5398 0.3930 0.5568 0.5379 0.6128 0.5332 0.6597 0.6535 0.5921 0.4892 0.4687 0.8261 0.5051 0.6640 
0.2489
0.1681 0.6669 0.5459 0.4316 0.5568 0.5908 0.6127 0.5834 0.6601 0.6833 0.6109 0.5077 0.4778 0.4512 0.5031 0.6631 
0.2489
0.3289 0.3336 0.5395 0.3997 0.5569 0.5385 0.6128 0.5303 0.6607 0.6564 0.5917 0.4890 0.4688 0.4512 0.5012 0.6638 
0.2489
0.1435 0.3336 0.0919 0.7782 0.0846 0.6186 0.5960 0.7414 0.3441 0.3730 0.3005 0.4140 0.4989 0.4512 0.4116 0.5602 
0.1147
0.1443 0.3336 0.0935 0.7868 0.0846 0.6223 0.5960 0.7446 0.3469 0.3779 0.3010 0.4146 0.5013 0.4512 0.4177 0.5581 
0.1147
0.0854 0.6669 0.1429 0.8197 0.0845 0.6517 0.5959 0.7700 0.3419 0.4021 0.2961 0.4094 0.4809 0.4512 0.3258 0.5814 
0.1147
0.0854 0.6669 0.1431 0.8197 0.0845 0.6517 0.5959 0.7701 0.3423 0.3986 0.2960 0.4094 0.4812 0.4512 0.3234 0.5815 
0.1147
0.1681 0.6669 0.5460 0.4221 0.5568 0.5905 0.6127 0.5832 0.6601 0.6830 0.6110 0.5077 0.4776 1.0000 0.5050 0.6628 
0.2489
0.1437 0.3336 0.0922 0.7782 0.0846 0.6184 0.5960 0.7412 0.3450 0.3758 0.3005 0.4140 0.4991 0.4512 0.4115 0.5603 
0.1147
0.3289 0.3336 0.5395 0.3791 0.5568 0.5395 0.6128 0.5385 0.6604 0.6552 0.5918 0.4891 0.4691 0.8261 0.5066 0.6639 
0.2489
0.0852 0.6669 0.1423 0.8197 0.0845 0.6516 0.5959 0.7700 0.3423 0.3971 0.2962 0.4094 0.4808 0.4512 0.3236 0.5820 
0.1147
0.1681 0.6669 0.5460 0.4300 0.5568 0.5897 0.6127 0.5813 0.6601 0.6827 0.6110 0.5078 0.4777 1.0000 0.4992 0.6626 
0.2489
0.3289 0.3336 0.5395 0.3836 0.5569 0.5415 0.6128 0.5366 0.6606 0.6559 0.5917 0.4890 0.4691 0.8261 0.5060 0.6639 
0.2489
0.1443 0.3336 0.0935 0.7868 0.0846 0.6223 0.5960 0.7446 0.3457 0.3796 0.3010 0.4146 0.5013 0.4512 0.4167 0.5580 
0.1147
0.0853 0.6669 0.1427 0.8197 0.0845 0.6521 0.5959 0.7704 0.3407 0.3997 0.2961 0.4094 0.4809 0.4512 0.3243 0.5818 
0.1147
0.1443 0.3336 0.0934 0.7868 0.0846 0.6221 0.5960 0.7444 0.3459 0.3784 0.3011 0.4145 0.5011 0.4512 0.4158 0.5581 
0.1147
0.1438 0.3336 0.0924 0.7782 0.0846 0.6183 0.5960 0.7411 0.3451 0.3782 0.3004 0.4140 0.4991 0.4512 0.4092 0.5600 
0.1147
0.1682 0.6669 0.5461 0.4383 0.5568 0.5895 0.6127 0.5818 0.6598 0.6822 0.6111 0.5078 0.4779 0.4512 0.5111 0.6631 
0.2489
0.1436 0.3336 0.0921 0.7782 0.0846 0.6183 0.5960 0.7412 0.3442 0.3768 0.3006 0.4141 0.4989 0.4512 0.4103 0.5604 
0.1147
0.1442 0.3336 0.0932 0.7832 0.0846 0.6210 0.5960 0.7434 0.3450 0.3778 0.3010 0.4144 0.5009 0.4512 0.4139 0.5580 
0.1147
0.1446 0.3336 0.0941 0.7868 0.0846 0.6212 0.5960 0.7436 0.3458 0.3787 0.3008 0.4145 0.5017 0.4512 0.4174 0.5574 
0.1147
0.3293 0.3336 0.5398 0.3791 0.5568 0.5416 0.6128 0.5397 0.6601 0.6544 0.5923 0.4893 0.4688 1.0000 0.5137 0.6642 
0.2489
0.3292 0.3336 0.5398 0.3830 0.5568 0.5388 0.6128 0.5390 0.6596 0.6546 0.5922 0.4894 0.4685 0.8261 0.5076 0.6642 
0.2489
0.1682 0.6669 0.5461 0.4297 0.5568 0.5920 0.6127 0.5885 0.6602 0.6842 0.6110 0.5079 0.4779 0.4512 0.5018 0.6626 
0.2489
0.1436 0.3336 0.0920 0.7782 0.0846 0.6184 0.5960 0.7412 0.3453 0.3728 0.3006 0.4141 0.4989 0.4512 0.4085 0.5607 
0.1147
0.0850 0.6669 0.1417 0.8197 0.0845 0.6525 0.5959 0.7708 0.3408 0.3995 0.2964 0.4095 0.4802 0.4512 0.3235 0.5828 
0.1147
0.3294 0.3336 0.5399 0.3826 0.5568 0.5399 0.6128 0.5408 0.6601 0.6544 0.5922 0.4894 0.4685 1.0000 0.5085 0.6636 
0.2489
0.1681 0.6669 0.5460 0.4417 0.5568 0.5910 0.6127 0.5831 0.6601 0.6823 0.6110 0.5077 0.4773 0.4512 0.5043 0.6633 
0.2489
0.3293 0.3336 0.5398 0.3846 0.5568 0.5420 0.6128 0.5408 0.6596 0.6545 0.5922 0.4894 0.4688 1.0000 0.5001 0.6641 
0.2489
0.3292 0.3336 0.5398 0.3873 0.5568 0.5375 0.6128 0.5310 0.6594 0.6531 0.5921 0.4892 0.4692 1.0000 0.5083 0.6635 
0.2489
0.0852 0.6669 0.1422 0.8197 0.0845 0.6517 0.5959 0.7700 0.3421 0.3983 0.2962 0.4095 0.4807 0.4512 0.3212 0.5819 
0.1147
0.1437 0.3336 0.0921 0.7782 0.0846 0.6180 0.5960 0.7408 0.3442 0.3741 0.3003 0.4139 0.4989 0.4512 0.4084 0.5603 
0.1147
0.1437 0.3336 0.0922 0.7782 0.0846 0.6196 0.5960 0.7423 0.3452 0.3755 0.3005 0.4140 0.4990 0.4512 0.4084 0.5603 
0.1147
0.1682 0.6669 0.5461 0.4221 0.5568 0.5891 0.6127 0.5812 0.6601 0.6822 0.6110 0.5078 0.4777 0.4512 0.4987 0.6630 
0.2489
0.3293 0.3336 0.5399 0.4472 0.5568 0.5397 0.6128 0.5353 0.6599 0.6556 0.5923 0.4894 0.4684 1.0000 0.5107 0.6645 
0.2489
0.1435 0.3336 0.0918 0.7782 0.0846 0.6186 0.5960 0.7414 0.3448 0.3736 0.3006 0.4140 0.4987 0.4512 0.4101 0.5606 
0.1147
0.1436 0.3336 0.0920 0.7782 0.0846 0.6185 0.5960 0.7413 0.3448 0.3772 0.3005 0.4140 0.4989 0.4512 0.4105 0.5605 
0.1147
0.1683 0.6669 0.5462 0.4379 0.5568 0.5886 0.6127 0.5802 0.6603 0.6830 0.6113 0.5078 0.4762 0.8261 0.5161 0.6636 
0.2489
0.0853 0.6669 0.1427 0.8197 0.0845 0.6512 0.5959 0.7696 0.3415 0.3976 0.2961 0.4095 0.4810 0.4512 0.3234 0.5818 
0.1147
0.1681 0.6669 0.5460 0.4340 0.5568 0.5890 0.6127 0.5806 0.6601 0.6814 0.6110 0.5076 0.4774 1.0000 0.5063 0.6631 
0.2489
0.0853 0.6669 0.1427 0.8197 0.0845 0.6508 0.5959 0.7693 0.3424 0.3969 0.2961 0.4094 0.4810 0.4512 0.3258 0.5818 
0.1147
0.1434 0.3336 0.0917 0.7782 0.0846 0.6186 0.5960 0.7414 0.3451 0.3722 0.3007 0.4140 0.4985 0.4512 0.4080 0.5611 
0.1147
0.1440 0.3336 0.0928 0.7868 0.0846 0.6216 0.5960 0.7440 0.3467 0.3768 0.3013 0.4146 0.5007 0.4512 0.4149 0.5587 
0.1147
0.1436 0.3336 0.0920 0.7782 0.0846 0.6178 0.5960 0.7407 0.3448 0.3742 0.3005 0.4140 0.4988 0.4512 0.4111 0.5606 
0.1147
0.1681 0.6669 0.5460 0.4220 0.5568 0.5920 0.6127 0.5847 0.6601 0.6818 0.6111 0.5079 0.4770 0.4512 0.4991 0.6630 
0.2489
0.0854 0.6669 0.1430 0.8197 0.0845 0.6523 0.5959 0.7706 0.3411 0.4006 0.2961 0.4094 0.4809 0.4512 0.3244 0.5818 
0.1147
0.1439 0.3336 0.0927 0.7782 0.0846 0.6181 0.5960 0.7409 0.3451 0.3749 0.3003 0.4141 0.4995 0.4512 0.4113 0.5600 
0.1147
0.1682 0.6669 0.5461 0.4478 0.5568 0.5923 0.6127 0.5864 0.6601 0.6820 0.6111 0.5078 0.4772 0.8261 0.5013 0.6626 
0.2489
0.0850 0.6669 0.1418 0.8197 0.0845 0.6516 0.5959 0.7700 0.3423 0.3972 0.2962 0.4094 0.4804 0.4512 0.3231 0.5825 
0.1147
0.1681 0.6669 0.5460 0.4389 0.5568 0.5937 0.6127 0.5903 0.6603 0.6846 0.6110 0.5077 0.4767 0.4512 0.5034 0.6635 
0.2489
0.1436 0.3336 0.0921 0.7782 0.0846 0.6192 0.5960 0.7419 0.3458 0.3794 0.3005 0.4140 0.4989 0.4512 0.4080 0.5605 
0.1147
0.3292 0.3336 0.5397 0.3871 0.5568 0.5390 0.6128 0.5421 0.6597 0.6534 0.5921 0.4892 0.4689 0.8261 0.5038 0.6636 
0.2489
0.0854 0.6669 0.1429 0.8197 0.0845 0.6514 0.5959 0.7698 0.3407 0.3978 0.2961 0.4094 0.4811 0.4512 0.3241 0.5815 
0.1147
0.0854 0.6669 0.1431 0.8197 0.0845 0.6505 0.5959 0.7690 0.3413 0.3965 0.2962 0.4094 0.4807 0.4512 0.3232 0.5821 
0.1147
0.1438 0.3336 0.0923 0.7782 0.0846 0.6187 0.5960 0.7414 0.3447 0.3781 0.3003 0.4140 0.4991 0.4512 0.4092 0.5598 
0.1147
0.1436 0.3336 0.0921 0.7782 0.0846 0.6184 0.5960 0.7412 0.3450 0.3777 0.3005 0.4140 0.4990 0.4512 0.4117 0.5604 
0.1147
0.0969 0.5836 0.1166 0.7721 0.0845 0.6328 0.5960 0.7537 0.3424 0.3775 0.2972 0.4089 0.4746 0.4512 0.3175 0.5844 
0.1147
0.0852 0.6669 0.1424 0.8197 0.0845 0.6518 0.5959 0.7701 0.3406 0.4039 0.2962 0.4095 0.4808 0.4512 0.3239 0.5819 
0.1147
0.3291 0.3336 0.5397 0.3821 0.5568 0.5390 0.6128 0.5396 0.6597 0.6536 0.5922 0.4892 0.4690 0.8261 0.5146 0.6642 
0.2489
0.0855 0.6669 0.1433 0.8197 0.0845 0.6508 0.5959 0.7693 0.3406 0.3984 0.2960 0.4094 0.4814 0.4512 0.3265 0.5811 
0.1147
0.1434 0.3336 0.0916 0.7782 0.0846 0.6185 0.5960 0.7413 0.3445 0.3756 0.3006 0.4140 0.4985 0.4512 0.4111 0.5610 
0.1147
0.0852 0.6669 0.1425 0.8197 0.0845 0.6517 0.5959 0.7701 0.3409 0.4011 0.2961 0.4094 0.4807 0.4512 0.3263 0.5821 
0.1147
0.3291 0.3336 0.5397 0.3934 0.5568 0.5350 0.6128 0.5288 0.6595 0.6528 0.5920 0.4892 0.4696 1.0000 0.5080 0.6631 
0.2489
0.1680 0.6669 0.5459 0.4434 0.5568 0.5888 0.6127 0.5811 0.6602 0.6826 0.6108 0.5076 0.4776 0.8261 0.5016 0.6629 
0.2489
0.3291 0.3336 0.5397 0.3871 0.5568 0.5385 0.6128 0.5344 0.6594 0.6529 0.5921 0.4892 0.4692 0.4512 0.5070 0.6638 
0.2489
0.0852 0.6669 0.1425 0.8197 0.0845 0.6526 0.5959 0.7708 0.3423 0.3973 0.2962 0.4094 0.4808 0.4512 0.3232 0.5821 
0.1147
0.0852 0.6669 0.1422 0.8197 0.0845 0.6511 0.5959 0.7695 0.3418 0.4015 0.2963 0.4095 0.4805 0.4512 0.3227 0.5822 
0.1147
0.1436 0.3336 0.0919 0.7782 0.0846 0.6185 0.5960 0.7413 0.3446 0.3777 0.3006 0.4140 0.4987 0.4512 0.4070 0.5605 
0.1147
0.1683 0.6669 0.5464 0.4331 0.5568 0.5889 0.6127 0.5789 0.6602 0.6845 0.6113 0.5078 0.4765 0.8261 0.5191 0.6631 
0.2489
0.1435 0.3336 0.0919 0.7782 0.0846 0.6184 0.5960 0.7412 0.3441 0.3787 0.3005 0.4140 0.4986 0.6575 0.4085 0.5609 
0.1147
0.1682 0.6669 0.5461 0.4448 0.5568 0.5947 0.6127 0.5852 0.6606 0.6836 0.6112 0.5084 0.4762 0.4512 0.4995 0.6632 
0.2489
0.1682 0.6669 0.5461 0.4442 0.5568 0.5904 0.6127 0.5793 0.6601 0.6837 0.6111 0.5078 0.4772 0.4512 0.5077 0.6631 
0.2489
0.1681 0.6669 0.5459 0.4370 0.5568 0.5897 0.6127 0.5809 0.6602 0.6815 0.6109 0.5076 0.4777 0.4512 0.5046 0.6629 
0.2489
0.3290 0.3336 0.5396 0.3814 0.5569 0.5410 0.6128 0.5431 0.6607 0.6562 0.5918 0.4891 0.4692 0.8261 0.5090 0.6634 
0.2489
0.3289 0.3336 0.5395 0.3978 0.5569 0.5395 0.6128 0.5384 0.6607 0.6561 0.5917 0.4891 0.4692 0.8261 0.5030 0.6632 
0.2489
0.3289 0.3336 0.5395 0.3924 0.5568 0.5356 0.6128 0.5306 0.6603 0.6547 0.5918 0.4891 0.4690 0.8261 0.5029 0.6638 
0.2489
0.0854 0.6669 0.1429 0.8197 0.0845 0.6516 0.5959 0.7699 0.3410 0.3981 0.2962 0.4094 0.4809 0.4512 0.3253 0.5822 
0.1147
0.0852 0.6669 0.1425 0.8197 0.0845 0.6519 0.5959 0.7702 0.3416 0.4005 0.2962 0.4095 0.4808 0.4512 0.3235 0.5823 
0.1147
0.0852 0.6669 0.1424 0.8197 0.0845 0.6513 0.5959 0.7697 0.3425 0.3996 0.2962 0.4095 0.4809 0.4512 0.3216 0.5819 
0.1147
0.1681 0.6669 0.5460 0.4282 0.5568 0.5902 0.6127 0.5796 0.6601 0.6833 0.6110 0.5077 0.4774 0.8261 0.5040 0.6628 
0.2489
0.1681 0.6669 0.5460 0.4341 0.5568 0.5902 0.6127 0.5830 0.6601 0.6830 0.6111 0.5078 0.4769 1.0000 0.5043 0.6630 
0.2489
0.3293 0.3336 0.5398 0.3860 0.5568 0.5388 0.6128 0.5390 0.6600 0.6542 0.5921 0.4894 0.4692 1.0000 0.5040 0.6634 
0.2489
0.0851 0.6669 0.1420 0.8197 0.0845 0.6506 0.5959 0.7690 0.3417 0.3955 0.2963 0.4094 0.4804 0.4512 0.3230 0.5824 
0.1147
0.1681 0.6669 0.5459 0.4277 0.5568 0.5918 0.6127 0.5870 0.6603 0.6853 0.6108 0.5075 0.4773 0.8261 0.5028 0.6631 
0.2489
0.0851 0.6669 0.1421 0.8197 0.0845 0.6512 0.5959 0.7696 0.3411 0.3965 0.2963 0.4094 0.4805 0.4512 0.3238 0.5823 
0.1147
0.1435 0.3336 0.0918 0.7782 0.0846 0.6187 0.5960 0.7414 0.3447 0.3795 0.3006 0.4140 0.4987 0.4512 0.4087 0.5606 
0.1147
0.3293 0.3336 0.5398 0.3856 0.5568 0.5421 0.6128 0.5398 0.6602 0.6549 0.5923 0.4894 0.4687 0.4512 0.5086 0.6640 
0.2489
0.1682 0.6669 0.5461 0.4454 0.5568 0.5896 0.6127 0.5824 0.6601 0.6821 0.6111 0.5078 0.4773 0.8261 0.5043 0.6628 
0.2489
0.0854 0.6669 0.1430 0.8197 0.0845 0.6521 0.5959 0.7703 0.3406 0.4010 0.2961 0.4094 0.4811 0.4512 0.3219 0.5816 
0.1147
0.3292 0.3336 0.5397 0.3855 0.5568 0.5383 0.6128 0.5332 0.6591 0.6531 0.5921 0.4892 0.4691 1.0000 0.5103 0.6634 
0.2489
0.3292 0.3336 0.5397 0.3893 0.5568 0.5360 0.6128 0.5299 0.6596 0.6531 0.5921 0.4892 0.4691 1.0000 0.5066 0.6636 
0.2489
0.0854 0.6669 0.1430 0.8197 0.0845 0.6529 0.5959 0.7711 0.3417 0.3977 0.2962 0.4094 0.4807 0.4512 0.3240 0.5822 
0.1147
0.0852 0.6669 0.1422 0.8197 0.0845 0.6513 0.5959 0.7697 0.3406 0.3988 0.2963 0.4094 0.4806 0.4512 0.3237 0.5823 
0.1147
0.3292 0.3336 0.5398 0.3872 0.5568 0.5382 0.6128 0.5308 0.6600 0.6542 0.5922 0.4893 0.4691 1.0000 0.5118 0.6637 
0.2489
0.1682 0.6669 0.5461 0.4390 0.5568 0.5884 0.6127 0.5774 0.6601 0.6837 0.6112 0.5078 0.4771 1.0000 0.5094 0.6632 
0.2489
0.1681 0.6669 0.5459 0.4384 0.5568 0.5893 0.6127 0.5799 0.6602 0.6836 0.6109 0.5076 0.4777 1.0000 0.5006 0.6629 
0.2489
0.1683 0.6669 0.5463 0.4390 0.5568 0.5880 0.6127 0.5776 0.6602 0.6838 0.6114 0.5079 0.4764 1.0000 0.5117 0.6630 
0.2489
0.1681 0.6669 0.5459 0.4431 0.5568 0.5942 0.6127 0.5904 0.6606 0.6859 0.6107 0.5075 0.4776 0.8261 0.5031 0.6631 
0.2489
0.1444 0.3336 0.0936 0.7868 0.0846 0.6216 0.5960 0.7439 0.3453 0.3797 0.3010 0.4145 0.5013 0.4512 0.4165 0.5578 
0.1147
0.0853 0.6669 0.1428 0.8197 0.0845 0.6523 0.5959 0.7706 0.3428 0.3976 0.2961 0.4094 0.4809 0.4512 0.3226 0.5818 
0.1147
0.1681 0.6669 0.5459 0.4399 0.5568 0.5902 0.6127 0.5813 0.6603 0.6822 0.6110 0.5076 0.4769 0.4512 0.5041 0.6634 
0.2489
0.0853 0.6669 0.1427 0.8197 0.0845 0.6508 0.5959 0.7692 0.3408 0.3982 0.2962 0.4095 0.4809 0.6575 0.3232 0.5819 
0.1147
0.3292 0.3336 0.5397 0.3848 0.5568 0.5382 0.6128 0.5398 0.6596 0.6529 0.5921 0.4892 0.4687 0.8261 0.5024 0.6637 
0.2489
0.1680 0.6669 0.5459 0.4210 0.5568 0.5911 0.6127 0.5830 0.6604 0.6843 0.6108 0.5075 0.4772 0.4512 0.5042 0.6633 
0.2489
0.1435 0.3336 0.0918 0.7782 0.0846 0.6186 0.5960 0.7414 0.3450 0.3746 0.3006 0.4140 0.4987 0.4512 0.4108 0.5605 
0.1147
0.3293 0.3336 0.5399 0.3927 0.5568 0.5416 0.6128 0.5379 0.6600 0.6544 0.5922 0.4894 0.4690 0.4512 0.5074 0.6639 
0.2489
0.1438 0.3336 0.0924 0.7782 0.0846 0.6184 0.5960 0.7412 0.3440 0.3784 0.3004 0.4140 0.4991 0.6575 0.4103 0.5600 
0.1147
0.1444 0.3336 0.0937 0.7868 0.0846 0.6220 0.5960 0.7443 0.3454 0.3812 0.3009 0.4145 0.5013 0.4512 0.4149 0.5581 
0.1147
0.1437 0.3336 0.0922 0.7782 0.0846 0.6194 0.5960 0.7421 0.3451 0.3749 0.3005 0.4140 0.4991 0.4512 0.4112 0.5602 
0.1147
0.1681 0.6669 0.5459 0.4306 0.5568 0.5878 0.6127 0.5770 0.6599 0.6839 0.6111 0.5078 0.4772 0.8261 0.5025 0.6629 
0.2489
0.3294 0.3336 0.5399 0.3901 0.5568 0.5364 0.6128 0.5279 0.6597 0.6540 0.5921 0.4894 0.4692 0.4512 0.5041 0.6639 
0.2489
0.3292 0.3336 0.5397 0.3852 0.5568 0.5349 0.6128 0.5289 0.6597 0.6533 0.5921 0.4892 0.4689 0.4512 0.5053 0.6639 
0.2489
0.1437 0.3336 0.0922 0.7782 0.0846 0.6182 0.5960 0.7410 0.3452 0.3739 0.3005 0.4140 0.4989 0.4512 0.4098 0.5603 
0.1147
0.1443 0.3336 0.0936 0.7868 0.0846 0.6221 0.5960 0.7444 0.3454 0.3809 0.3010 0.4145 0.5012 0.4512 0.4164 0.5580 
0.1147
0.3294 0.3336 0.5399 0.3732 0.5568 0.5413 0.6128 0.5415 0.6600 0.6561 0.5923 0.4895 0.4691 0.8261 0.5045 0.6634 
0.2489
0.1681 0.6669 0.5460 0.4415 0.5568 0.5926 0.6127 0.5898 0.6601 0.6838 0.6109 0.5077 0.4776 0.4512 0.5034 0.6630 
0.2489
0.3293 0.3336 0.5398 0.4046 0.5568 0.5387 0.6128 0.5408 0.6597 0.6534 0.5921 0.4893 0.4691 0.4512 0.5080 0.6634 
0.2489
0.1434 0.3336 0.0917 0.7782 0.0846 0.6186 0.5960 0.7414 0.3448 0.3733 0.3007 0.4140 0.4984 0.4512 0.4080 0.5607 
0.1147
0.3292 0.3336 0.5398 0.3960 0.5568 0.5403 0.6128 0.5379 0.6596 0.6532 0.5922 0.4893 0.4692 0.4512 0.5070 0.6632 
0.2489
0.1681 0.6669 0.5460 0.4400 0.5568 0.5914 0.6127 0.5824 0.6602 0.6815 0.6109 0.5076 0.4772 0.4512 0.5034 0.6630 
0.2489
0.3292 0.3336 0.5398 0.3809 0.5568 0.5343 0.6128 0.5292 0.6597 0.6531 0.5921 0.4892 0.4689 0.4512 0.5059 0.6640 
0.2489
0.1435 0.3336 0.0919 0.7782 0.0846 0.6183 0.5960 0.7411 0.3441 0.3782 0.3006 0.4140 0.4987 0.6575 0.4093 0.5608 
0.1147
0.1681 0.6669 0.5460 0.4247 0.5568 0.5905 0.6127 0.5854 0.6597 0.6827 0.6112 0.5078 0.4770 1.0000 0.5112 0.6631 
0.2489
0.1436 0.3336 0.0920 0.7782 0.0846 0.6185 0.5960 0.7413 0.3442 0.3757 0.3005 0.4139 0.4987 0.4512 0.4074 0.5607 
0.1147
0.1681 0.6669 0.5460 0.4293 0.5568 0.5910 0.6127 0.5849 0.6600 0.6824 0.6112 0.5078 0.4765 0.8261 0.5040 0.6638 
0.2489
0.1436 0.3336 0.0921 0.7782 0.0846 0.6184 0.5960 0.7412 0.3441 0.3800 0.3005 0.4140 0.4989 0.4512 0.4120 0.5603 
0.1147
0.0852 0.6669 0.1424 0.8197 0.0845 0.6520 0.5959 0.7703 0.3419 0.3982 0.2962 0.4095 0.4808 0.4512 0.3210 0.5817 
0.1147
0.3290 0.3336 0.5396 0.3870 0.5569 0.5420 0.6128 0.5417 0.6606 0.6566 0.5916 0.4890 0.4692 1.0000 0.5036 0.6633 
0.2489
0.0855 0.6669 0.1434 0.8197 0.0845 0.6508 0.5959 0.7693 0.3421 0.3948 0.2959 0.4094 0.4815 0.4512 0.3237 0.5812 
0.1147
0.1647 0.6669 0.5400 0.4241 0.5568 0.5710 0.6127 0.5612 0.6606 0.6842 0.5606 0.4529 0.3911 0.4512 0.3598 0.7179 
0.2489
0.1435 0.3336 0.0918 0.7782 0.0846 0.6182 0.5960 0.7410 0.3451 0.3711 0.3006 0.4140 0.4986 0.4512 0.4107 0.5610 
0.1147
0.3289 0.3336 0.5395 0.3835 0.5569 0.5403 0.6128 0.5327 0.6607 0.6563 0.5917 0.4891 0.4689 1.0000 0.5029 0.6637 
0.2489
0.1681 0.6669 0.5460 0.4267 0.5568 0.5897 0.6127 0.5811 0.6601 0.6826 0.6110 0.5078 0.4778 0.4512 0.5020 0.6624 
0.2489
0.3289 0.3336 0.5395 0.3860 0.5569 0.5419 0.6128 0.5387 0.6606 0.6558 0.5916 0.4890 0.4691 0.4512 0.4998 0.6636 
0.2489
0.3293 0.3336 0.5398 0.3809 0.5568 0.5414 0.6128 0.5385 0.6597 0.6544 0.5922 0.4894 0.4692 1.0000 0.5070 0.6628 
0.2489
0.1681 0.6669 0.5459 0.4327 0.5568 0.5893 0.6127 0.5808 0.6602 0.6816 0.6109 0.5076 0.4773 0.8261 0.5024 0.6633 
0.2489
0.1681 0.6669 0.5459 0.4317 0.5568 0.5934 0.6127 0.5877 0.6607 0.6855 0.6109 0.5076 0.4772 0.4512 0.5035 0.6634 
0.2489
0.3292 0.3336 0.5397 0.3876 0.5568 0.5350 0.6128 0.5285 0.6596 0.6531 0.5921 0.4892 0.4691 0.4512 0.5126 0.6635 
0.2489
0.0851 0.6669 0.1419 0.8197 0.0845 0.6513 0.5959 0.7697 0.3407 0.4011 0.2963 0.4094 0.4805 0.4512 0.3279 0.5825 
0.1147
0.1681 0.6669 0.5460 0.4433 0.5568 0.5903 0.6127 0.5830 0.6601 0.6822 0.6110 0.5078 0.4772 1.0000 0.5013 0.6633 
0.2489
0.1442 0.3336 0.0933 0.7868 0.0846 0.6214 0.5960 0.7438 0.3453 0.3804 0.3011 0.4145 0.5010 0.4512 0.4151 0.5582 
0.1147
0.3293 0.3336 0.5398 0.3921 0.5568 0.5376 0.6128 0.5297 0.6602 0.6549 0.5923 0.4894 0.4688 1.0000 0.5060 0.6638 
0.2489
0.1445 0.3336 0.0938 0.7868 0.0846 0.6220 0.5960 0.7443 0.3459 0.3807 0.3009 0.4146 0.5014 0.4512 0.4131 0.5577 
0.1147
0.3293 0.3336 0.5398 0.3886 0.5568 0.5377 0.6128 0.5372 0.6597 0.6540 0.5921 0.4893 0.4688 0.4512 0.5018 0.6645 
0.2489
0.1682 0.6669 0.5462 0.4240 0.5568 0.5916 0.6127 0.5853 0.6601 0.6822 0.6113 0.5079 0.4767 0.8261 0.5132 0.6637 
0.2489
0.0852 0.6669 0.1422 0.8197 0.0845 0.6511 0.5959 0.7696 0.3423 0.3963 0.2962 0.4094 0.4806 0.4512 0.3220 0.5823 
0.1147
0.1682 0.6669 0.5461 0.4429 0.5568 0.5930 0.6127 0.5896 0.6601 0.6837 0.6112 0.5078 0.4771 0.8261 0.5072 0.6629 
0.2489
0.0853 0.6669 0.1428 0.8197 0.0845 0.6509 0.5959 0.7693 0.3420 0.3972 0.2961 0.4094 0.4810 0.4512 0.3239 0.5818 
0.1147
0.0855 0.6669 0.1435 0.8197 0.0845 0.6523 0.5959 0.7705 0.3406 0.3992 0.2960 0.4094 0.4813 0.4512 0.3253 0.5811 
0.1147
0.0853 0.6669 0.1428 0.8197 0.0845 0.6524 0.5959 0.7706 0.3416 0.3974 0.2961 0.4094 0.4810 0.4512 0.3221 0.5817 
0.1147
0.1682 0.6669 0.5461 0.4407 0.5568 0.5887 0.6127 0.5782 0.6601 0.6839 0.6112 0.5078 0.4769 1.0000 0.5098 0.6630 
0.2489
0.1437 0.3336 0.0922 0.7782 0.0846 0.6188 0.5960 0.7416 0.3449 0.3774 0.3005 0.4141 0.4990 0.4512 0.4104 0.5604 
0.1147
0.0853 0.6669 0.1428 0.8197 0.0845 0.6520 0.5959 0.7703 0.3410 0.4009 0.2961 0.4094 0.4810 0.4512 0.3260 0.5818 
0.1147
0.0852 0.6669 0.1423 0.8197 0.0845 0.6510 0.5959 0.7694 0.3426 0.3942 0.2962 0.4094 0.4808 0.4512 0.3227 0.5822 
0.1147
0.0854 0.6669 0.1432 0.8197 0.0845 0.6507 0.5959 0.7692 0.3407 0.3983 0.2961 0.4094 0.4809 0.4512 0.3264 0.5818 
0.1147
0.1434 0.3336 0.0917 0.7782 0.0846 0.6190 0.5960 0.7417 0.3448 0.3756 0.3006 0.4140 0.4986 0.4512 0.4117 0.5607 
0.1147