605 12 1
0.285055 0.333333 0.398776 0.624873 0.000313 0.000407 0.422492 0.652412 0.100900 0.074280 0.500000 0.046350
0.428481
0.654509 0.333333 0.989421 0.999999 0.999934 0.996636 0.999493 0.913575 0.195996 0.409625 0.250000 0.302826
0.572734
0.285059 0.333333 0.398783 0.624870 0.000316 0.000426 0.418776 0.643724 0.097787 0.074341 0.500000 0.046945
0.428481
0.654577 0.333333 0.989527 0.999999 0.999939 0.997200 0.999782 0.913606 0.195980 0.406101 0.166667 0.299945
0.572734
0.330133 1.000000 0.998622 0.999731 0.997928 0.996071 0.958540 0.848958 0.081218 0.353285 0.166667 0.194474
0.654183
0.285060 0.333333 0.398785 0.624870 0.000318 0.000716 0.422348 0.651768 0.100512 0.074083 0.416667 0.047505
0.428481
0.654996 0.333333 0.990201 0.999999 0.999951 0.996776 0.999029 0.918270 0.218191 0.417202 0.166667 0.296749
0.572734
0.142494 1.000000 0.398673 0.624757 0.000158 0.000244 0.137518 0.192128 0.035887 0.063346 0.416667 0.024493
0.285360
0.654335 0.333333 0.989142 0.999998 0.999919 0.996633 0.999694 0.912934 0.193597 0.405755 0.333333 0.301543
0.572734
0.654598 0.333333 0.989562 0.999999 0.999935 0.999341 0.999555 0.913813 0.196782 0.408690 0.250000 0.303911
0.572734
0.330174 1.000000 0.998750 0.999730 0.997947 0.996069 0.958638 0.848995 0.080877 0.353276 0.083333 0.199116
0.654183
0.285056 0.333333 0.398779 0.624870 0.000314 0.000409 0.418909 0.644646 0.100262 0.073931 0.500000 0.046770
0.428481
0.285058 0.333333 0.398783 0.624870 0.000315 0.000442 0.418878 0.643970 0.098293 0.074349 0.416667 0.047038
0.428481
0.655084 0.333333 0.990338 0.999999 0.999936 0.996598 0.998706 0.918129 0.219918 0.419248 0.166667 0.314046
0.572734
0.654561 0.333333 0.989501 0.999999 0.999912 0.998090 0.999768 0.913660 0.196196 0.405179 0.250000 0.295945
0.572734
0.285057 0.333333 0.398780 0.624871 0.000314 0.000466 0.418154 0.642905 0.098972 0.074048 0.416667 0.047166
0.428481
0.330200 1.000000 0.998834 0.999731 0.997940 0.997624 0.958247 0.848657 0.081899 0.354547 0.166667 0.207560
0.654183
0.285057 0.333333 0.398780 0.624871 0.000314 0.000404 0.422255 0.652107 0.101808 0.074151 0.500000 0.047878
0.428481
0.142494 1.000000 0.398679 0.624759 0.000161 0.000235 0.137320 0.191422 0.034800 0.063546 0.416667 0.025426
0.285360
0.330327 1.000000 0.999242 0.999730 0.997950 0.995757 0.958173 0.848771 0.081495 0.356217 0.083333 0.193797
0.654183
0.654347 0.333333 0.989160 0.999999 0.999948 0.996088 0.999827 0.913225 0.193694 0.406256 0.416667 0.295781
0.572734
0.285056 0.333333 0.398780 0.624873 0.000314 0.000420 0.422373 0.651962 0.100517 0.074430 0.500000 0.047983
0.428481
0.142495 1.000000 0.398680 0.624757 0.000162 0.000209 0.138151 0.193353 0.035471 0.064216 0.416667 0.024924
0.285360
0.142496 1.000000 0.398678 0.624758 0.000161 0.000211 0.138851 0.194302 0.034697 0.064456 0.416667 0.024470
0.285360
0.285056 0.333333 0.398780 0.624871 0.000315 0.000448 0.422615 0.652522 0.100796 0.074322 0.416667 0.046093
0.428481
0.330512 1.000000 0.999832 0.999730 0.997959 0.996106 0.958796 0.850846 0.078401 0.351059 0.166667 0.195454
0.654183
0.017810 1.000000 0.000000 0.000000 0.000000 0.000000 0.000000 0.000000 0.000000 0.000000 0.250000 0.000000
0.285360
0.655099 0.333333 0.990363 1.000000 0.999954 0.997697 0.998862 0.918335 0.220277 0.418750 0.083333 0.302651
0.572734
0.285058 0.333333 0.398782 0.624870 0.000316 0.000413 0.422526 0.652549 0.101431 0.074438 0.416667 0.049382
0.428481
0.285060 0.333333 0.398785 0.624871 0.000315 0.000437 0.418479 0.643098 0.098082 0.074113 0.500000 0.045883
0.428481
0.285058 0.333333 0.398781 0.624873 0.000318 0.000446 0.418879 0.644007 0.097867 0.074269 0.500000 0.045522
0.428481
0.285056 0.333333 0.398779 0.624870 0.000313 0.000418 0.422201 0.651578 0.099827 0.074195 0.500000 0.045044
0.428481
0.330305 1.000000 0.999167 0.999731 0.997982 0.995585 0.958319 0.848891 0.081718 0.357499 0.416667 0.194602
0.654183
0.330226 1.000000 0.998919 0.999730 0.997975 0.996055 0.958231 0.848801 0.081705 0.354788 0.083333 0.195944
0.654183
0.654567 0.333333 0.989511 0.999998 0.999945 0.997851 0.999536 0.913644 0.196331 0.408529 0.166667 0.298965
0.572734
0.285057 0.333333 0.398780 0.624870 0.000317 0.000411 0.423003 0.653270 0.101015 0.073934 0.500000 0.047260
0.428481
0.285056 0.333333 0.398779 0.624870 0.000314 0.000479 0.421765 0.650372 0.098949 0.074263 0.500000 0.048729
0.428481
0.330219 1.000000 0.998894 0.999730 0.997946 0.996014 0.958411 0.848631 0.081170 0.354515 0.083333 0.198358
0.654183
0.285058 0.333333 0.398782 0.624872 0.000316 0.000413 0.422529 0.651978 0.099774 0.074261 0.416667 0.045895
0.428481
0.330203 1.000000 0.998844 0.999731 0.997966 0.996124 0.958379 0.848854 0.081805 0.354826 0.250000 0.199501
0.654183
0.330272 1.000000 0.999065 0.999731 0.997976 0.996049 0.958303 0.848865 0.081252 0.356337 0.333333 0.192666
0.654183
0.142493 1.000000 0.398673 0.624755 0.000158 0.000259 0.137854 0.192491 0.035584 0.061722 0.416667 0.024435
0.285360
0.285058 0.333333 0.398781 0.624871 0.000316 0.000492 0.418896 0.644029 0.098732 0.073963 0.500000 0.048461
0.428481
0.285060 0.333333 0.398785 0.624870 0.000320 0.000431 0.422214 0.651459 0.100704 0.073866 0.500000 0.045860
0.428481
0.654513 0.333333 0.989427 0.999999 0.999930 0.996915 0.999515 0.913506 0.196063 0.409889 0.333333 0.305474
0.572734
0.330226 1.000000 0.998916 0.999731 0.997952 0.996095 0.958404 0.848980 0.081928 0.355052 0.250000 0.199466
0.654183
0.142494 1.000000 0.398673 0.624757 0.000159 0.000204 0.137745 0.192404 0.034669 0.065174 0.416667 0.024913
0.285360
0.285058 0.333333 0.398782 0.624872 0.000316 0.000433 0.422072 0.652154 0.103579 0.074231 0.500000 0.047936
0.428481
0.285057 0.333333 0.398780 0.624870 0.000314 0.000382 0.422350 0.652096 0.101365 0.074151 0.500000 0.047388
0.428481
0.654499 0.333333 0.989403 0.999998 0.999953 0.997286 0.999850 0.913648 0.195196 0.406562 0.000000 0.291559
0.572734
0.142494 1.000000 0.398677 0.624757 0.000160 0.000224 0.138695 0.193887 0.034973 0.062919 0.416667 0.024295
0.285360
0.654539 0.333333 0.989467 0.999998 0.999975 0.996904 0.999447 0.913562 0.196423 0.410100 0.333333 0.305135
0.572734
0.142493 1.000000 0.398677 0.624757 0.000160 0.000207 0.138774 0.194372 0.036580 0.062134 0.416667 0.025869
0.285360
0.285058 0.333333 0.398781 0.624870 0.000316 0.000446 0.418858 0.644288 0.098459 0.074263 0.500000 0.048974
0.428481
0.654418 0.333333 0.989276 0.999999 0.999920 0.996497 0.999608 0.913120 0.195150 0.405764 0.166667 0.306488
0.572734
0.142494 1.000000 0.398675 0.624756 0.000160 0.000211 0.137442 0.191980 0.035664 0.063840 0.416667 0.024598
0.285360
0.330184 1.000000 0.998785 0.999730 0.997948 0.994783 0.958210 0.848764 0.082083 0.354705 0.166667 0.199198
0.654183
0.142494 1.000000 0.398676 0.624760 0.000164 0.000253 0.137551 0.191694 0.035125 0.062852 0.416667 0.025438
0.285360
0.285055 0.333333 0.398777 0.624870 0.000313 0.000424 0.421993 0.651512 0.101667 0.074073 0.416667 0.048076
0.428481
0.330246 1.000000 0.998981 0.999730 0.997973 0.998578 0.958693 0.849123 0.081350 0.354488 0.083333 0.202113
0.654183
0.654751 0.333333 0.989805 1.000000 1.000000 0.998323 0.999657 0.914222 0.197738 0.409034 0.166667 0.299782
0.572734
0.330300 1.000000 0.999153 0.999730 0.997986 0.996515 0.958507 0.848979 0.081546 0.355212 0.000000 0.193051
0.654183
0.654586 0.333333 0.989542 1.000000 0.999985 0.997189 0.999748 0.913619 0.196122 0.405829 0.250000 0.299514
0.572734
0.655135 0.333333 0.990420 0.999998 0.999970 0.997104 0.998675 0.918403 0.220852 0.420802 0.083333 0.313031
0.572734
0.330211 1.000000 0.998873 0.999730 0.997971 0.995741 0.958260 0.848827 0.081904 0.356019 0.250000 0.203326
0.654183
0.142495 1.000000 0.398680 0.624757 0.000162 0.000207 0.137665 0.191980 0.035345 0.063027 0.416667 0.025263
0.285360
0.142494 1.000000 0.398677 0.624757 0.000160 0.000240 0.138252 0.193534 0.036022 0.062980 0.416667 0.024680
0.285360
0.142493 1.000000 0.398674 0.624760 0.000159 0.000224 0.138791 0.194078 0.035310 0.062273 0.416667 0.024610
0.285360
0.330211 1.000000 0.998872 0.999731 0.997961 0.996266 0.958718 0.848843 0.080766 0.354575 0.166667 0.204563
0.654183
0.142494 1.000000 0.398678 0.624758 0.000162 0.000237 0.138244 0.193410 0.036014 0.063436 0.416667 0.024808
0.285360
0.142493 1.000000 0.398674 0.624757 0.000157 0.000207 0.136968 0.190979 0.035304 0.063863 0.416667 0.025624
0.285360
0.142495 1.000000 0.398680 0.624757 0.000160 0.000233 0.137913 0.193099 0.035832 0.064260 0.416667 0.024610
0.285360
0.142495 1.000000 0.398679 0.624758 0.000161 0.000213 0.138202 0.193101 0.035549 0.062018 0.416667 0.025718
0.285360
0.285054 0.333333 0.398778 0.624870 0.000311 0.000448 0.419169 0.644177 0.096941 0.073953 0.416667 0.048753
0.428481
0.142494 1.000000 0.398677 0.624757 0.000160 0.000218 0.138279 0.193381 0.035622 0.061855 0.416667 0.024726
0.285360
0.142494 1.000000 0.398676 0.624757 0.000159 0.000209 0.137368 0.192279 0.036311 0.064401 0.416667 0.024785
0.285360
0.654571 0.333333 0.989520 0.999999 0.999972 0.998422 0.999627 0.913559 0.196237 0.409186 0.166667 0.303584
0.572734
0.655093 0.333333 0.990354 0.999998 0.999956 0.997128 0.999111 0.918718 0.219687 0.419136 0.250000 0.300820
0.572734
0.142494 1.000000 0.398678 0.624756 0.000160 0.000193 0.138276 0.193125 0.035076 0.062299 0.416667 0.025881
0.285360
0.654557 0.333333 0.989497 0.999999 0.999946 0.996778 0.999421 0.913705 0.196139 0.409650 0.166667 0.301788
0.572734
0.142494 1.000000 0.398675 0.624757 0.000159 0.000237 0.138916 0.194150 0.035623 0.059529 0.416667 0.024994
0.285360
0.142495 1.000000 0.398678 0.624756 0.000159 0.000207 0.138246 0.192669 0.035007 0.060610 0.416667 0.026254
0.285360
0.285058 0.333333 0.398782 0.624873 0.000316 0.000442 0.422760 0.652386 0.099725 0.073938 0.416667 0.046758
0.428481
0.654457 0.333333 0.989336 1.000000 0.999975 0.996989 0.999759 0.913217 0.194680 0.405759 0.333333 0.303992
0.572734
0.654714 0.333333 0.989750 0.999998 0.999939 0.999873 0.999617 0.914101 0.197245 0.409722 0.333333 0.303409
0.572734
0.285056 0.333333 0.398780 0.624870 0.000310 0.000453 0.418916 0.643971 0.098092 0.073997 0.500000 0.047668
0.428481
0.285060 0.333333 0.398784 0.624872 0.000315 0.000415 0.422510 0.652339 0.100372 0.074392 0.500000 0.047108
0.428481
0.654721 0.333333 0.989761 0.999999 0.999928 0.996414 0.999583 0.914107 0.197761 0.411135 0.000000 0.302558
0.572734
0.655079 0.333333 0.990331 0.999998 0.999963 0.998088 0.999075 0.918770 0.219747 0.421896 0.416667 0.305742
0.572734
0.285058 0.333333 0.398783 0.624870 0.000315 0.000396 0.422293 0.651553 0.100277 0.073967 0.500000 0.048939
0.428481
0.330151 1.000000 0.998680 0.999731 0.997960 0.995957 0.958411 0.848717 0.080999 0.354450 0.083333 0.201099
0.654183
0.285060 0.333333 0.398786 0.624871 0.000316 0.000440 0.418689 0.643896 0.099377 0.074330 0.416667 0.049441
0.428481
0.142495 1.000000 0.398681 0.624757 0.000161 0.000213 0.139219 0.195108 0.035851 0.062073 0.416667 0.025928
0.285360
0.285056 0.333333 0.398779 0.624871 0.000314 0.000382 0.421875 0.650825 0.100137 0.074193 0.416667 0.045907
0.428481
0.330562 1.000000 0.999992 0.999730 0.997963 0.996444 0.959351 0.850969 0.078728 0.352520 0.000000 0.191873
0.654183
0.330191 1.000000 0.998806 0.999730 0.997960 0.997378 0.958461 0.848884 0.081154 0.355178 0.250000 0.202463
0.654183
0.330149 1.000000 0.998675 0.999730 0.997952 0.996135 0.958274 0.848730 0.081017 0.353745 0.166667 0.198136
0.654183
0.655091 0.333333 0.990350 0.999998 0.999964 0.996737 0.998728 0.918153 0.219726 0.419379 0.250000 0.318991
0.572734
0.330200 1.000000 0.998835 0.999731 0.997953 0.995952 0.958426 0.848850 0.081621 0.353228 0.083333 0.204924
0.654183
0.285059 0.333333 0.398784 0.624870 0.000320 0.000440 0.422448 0.651471 0.098307 0.074060 0.416667 0.047528
0.428481
0.330224 1.000000 0.998914 0.999730 0.997960 0.996745 0.958253 0.848722 0.081771 0.353846 0.083333 0.200807
0.654183
0.285057 0.333333 0.398780 0.624870 0.000315 0.000653 0.422335 0.652001 0.100961 0.074330 0.500000 0.047633
0.428481
0.654563 0.333333 0.989506 0.999998 0.999949 0.997038 0.999663 0.913771 0.195993 0.409456 0.250000 0.298872
0.572734
0.285056 0.333333 0.398779 0.624870 0.000308 0.000424 0.418142 0.642446 0.097692 0.074153 0.500000 0.047656
0.428481
0.285056 0.333333 0.398779 0.624870 0.000311 0.000415 0.422968 0.652709 0.099302 0.074064 0.416667 0.047306
0.428481
0.142495 1.000000 0.398678 0.624757 0.000160 0.000191 0.137747 0.192247 0.035140 0.063833 0.416667 0.024680
0.285360
0.330103 1.000000 0.998523 0.999730 0.997942 0.995866 0.958346 0.848779 0.081130 0.353456 0.333333 0.201833
0.654183
0.142494 1.000000 0.398676 0.624757 0.000160 0.000218 0.137259 0.191667 0.036092 0.062423 0.416667 0.024353
0.285360
0.142493 1.000000 0.398676 0.624756 0.000158 0.000222 0.137409 0.191462 0.035083 0.062600 0.416667 0.025076
0.285360
0.285057 0.333333 0.398779 0.624871 0.000317 0.000444 0.418577 0.643371 0.098579 0.074225 0.500000 0.047983
0.428481
0.330253 1.000000 0.999002 0.999730 0.997965 0.996708 0.958092 0.848544 0.081841 0.354912 0.000000 0.201694
0.654183
0.330197 1.000000 0.998825 0.999731 0.997948 0.997528 0.958182 0.848724 0.082197 0.354670 0.333333 0.201017
0.654183
0.142494 1.000000 0.398674 0.624757 0.000159 0.000213 0.137424 0.191725 0.035880 0.061762 0.416667 0.025438
0.285360
0.285059 0.333333 0.398785 0.624870 0.000318 0.000440 0.422268 0.651377 0.098911 0.074214 0.500000 0.046968
0.428481
0.142494 1.000000 0.398673 0.624757 0.000158 0.000207 0.138825 0.194057 0.035203 0.062343 0.416667 0.024388
0.285360
0.285056 0.333333 0.398778 0.624870 0.000314 0.000468 0.422053 0.651774 0.102116 0.074098 0.500000 0.046677
0.428481
0.654517 0.333333 0.989433 0.999999 0.999937 0.996732 0.999800 0.913460 0.195352 0.403574 0.250000 0.297216
0.572734
0.330279 1.000000 0.999088 0.999730 0.997966 0.996126 0.958363 0.848767 0.081321 0.357019 0.083333 0.200457
0.654183
0.330201 1.000000 0.998837 0.999731 0.997957 0.995908 0.958276 0.848814 0.081987 0.355398 0.416667 0.199897
0.654183
0.285056 0.333333 0.398780 0.624873 0.000316 0.000400 0.422462 0.651856 0.099360 0.074039 0.500000 0.046373
0.428481
0.142495 1.000000 0.398677 0.624756 0.000161 0.000220 0.138553 0.193882 0.035697 0.063297 0.416667 0.025508
0.285360
0.654714 0.333333 0.989746 0.999997 0.999933 0.998420 0.999679 0.914072 0.197484 0.410565 0.166667 0.310780
0.572734
0.142494 1.000000 0.398677 0.624757 0.000161 0.000218 0.137753 0.192783 0.036637 0.063375 0.333333 0.025776
0.285360
0.142495 1.000000 0.398682 0.624760 0.000163 0.000224 0.137074 0.191247 0.035687 0.063702 0.416667 0.025426
0.285360
0.142493 1.000000 0.398675 0.624757 0.000161 0.000220 0.138642 0.193654 0.034719 0.063428 0.416667 0.024446
0.285360
0.142494 1.000000 0.398675 0.624757 0.000158 0.000213 0.137651 0.191851 0.034690 0.062410 0.416667 0.024540
0.285360
0.142495 1.000000 0.398676 0.624756 0.000160 0.000365 0.138417 0.194175 0.036132 0.065324 0.416667 0.024551
0.285360
0.655103 0.333333 0.990369 1.000000 0.999978 0.997306 0.998626 0.918089 0.220548 0.419964 0.250000 0.312413
0.572734
0.654528 0.333333 0.989450 0.999999 0.999927 0.998167 0.999690 0.913571 0.195287 0.405683 0.333333 0.295280
0.572734
0.285059 0.333333 0.398783 0.624871 0.000315 0.000453 0.422711 0.652115 0.099113 0.073982 0.416667 0.046642
0.428481
0.330174 1.000000 0.998753 0.999731 0.997950 0.995840 0.958680 0.849021 0.080985 0.353004 0.166667 0.197868
0.654183
0.285058 0.333333 0.398782 0.624870 0.000317 0.000426 0.419064 0.644097 0.097532 0.073965 0.416667 0.048053
0.428481
0.330267 1.000000 0.999050 0.999730 0.997943 0.997466 0.957856 0.848658 0.082678 0.357917 0.000000 0.202113
0.654183
0.285055 0.333333 0.398780 0.624870 0.000312 0.000468 0.418815 0.644056 0.098729 0.073980 0.500000 0.046793
0.428481
0.654528 0.333333 0.989451 0.999998 0.999929 0.999695 0.999673 0.913693 0.195329 0.408042 0.250000 0.302091
0.572734
0.654645 0.333333 0.989638 0.999999 0.999958 0.997183 0.999829 0.914075 0.197074 0.409361 0.333333 0.308203
0.572734
0.285057 0.333333 0.398781 0.624873 0.000318 0.000664 0.422003 0.651114 0.100203 0.074071 0.500000 0.050036
0.428481
0.142493 1.000000 0.398673 0.624755 0.000158 0.000237 0.137393 0.191763 0.035450 0.063698 0.416667 0.025216
0.285360
0.142494 1.000000 0.398673 0.624756 0.000157 0.000204 0.138422 0.193487 0.035176 0.062068 0.416667 0.024645
0.285360
0.142494 1.000000 0.398675 0.624757 0.000159 0.000204 0.136243 0.189698 0.035461 0.064321 0.416667 0.025519
0.285360
0.330244 1.000000 0.998978 0.999731 0.997958 0.996113 0.958718 0.849175 0.081618 0.354777 0.166667 0.203525
0.654183
0.142494 1.000000 0.398675 0.624757 0.000159 0.000209 0.138129 0.192882 0.035419 0.062666 0.416667 0.024831
0.285360
0.142496 1.000000 0.398679 0.624756 0.000162 0.000220 0.138182 0.193304 0.035823 0.062936 0.416667 0.024796
0.285360
0.330235 1.000000 0.998948 0.999730 0.997972 0.995928 0.958094 0.848730 0.081797 0.356475 0.250000 0.196818
0.654183
0.654343 0.333333 0.989154 0.999998 0.999919 0.996620 0.999819 0.913073 0.192769 0.403956 0.166667 0.297764
0.572734
0.142494 1.000000 0.398676 0.624756 0.000159 0.000226 0.138046 0.193333 0.035279 0.065425 0.416667 0.025333
0.285360
0.285056 0.333333 0.398779 0.624871 0.000315 0.000448 0.422222 0.651648 0.100094 0.074022 0.416667 0.046968
0.428481
0.654335 0.333333 0.989143 0.999997 0.999938 0.998268 0.999784 0.913183 0.193887 0.403959 0.166667 0.293134
0.572734
0.285056 0.333333 0.398780 0.624870 0.000314 0.000407 0.422175 0.651763 0.100952 0.074280 0.500000 0.045860
0.428481
0.285056 0.333333 0.398779 0.624871 0.000313 0.000420 0.422463 0.651781 0.099163 0.073748 0.500000 0.045440
0.428481
0.655114 0.333333 0.990388 0.999998 0.999943 0.997638 0.998920 0.918649 0.220865 0.422514 0.250000 0.305672
0.572734
0.330218 1.000000 0.998891 0.999731 0.997960 0.996159 0.958333 0.848757 0.081376 0.353301 0.083333 0.198498
0.654183
0.330233 1.000000 0.998941 0.999730 0.997954 0.996794 0.958018 0.848407 0.082048 0.355041 0.250000 0.203816
0.654183
0.330176 1.000000 0.998760 0.999730 0.997955 0.995902 0.958553 0.848919 0.081066 0.354492 0.000000 0.203781
0.654183
0.142493 1.000000 0.398675 0.624757 0.000158 0.000198 0.137192 0.191637 0.035908 0.064349 0.416667 0.024400
0.285360
0.330188 1.000000 0.998796 0.999730 0.997947 0.996304 0.958486 0.848995 0.081043 0.353935 0.083333 0.196632
0.654183
0.330084 1.000000 0.998465 0.999730 0.997962 0.995818 0.958384 0.848610 0.080469 0.355039 0.083333 0.202592
0.654183
0.330178 1.000000 0.998763 0.999730 0.997961 0.998407 0.958466 0.848917 0.081492 0.354159 0.250000 0.195057
0.654183
0.654958 0.333333 0.990139 0.999997 0.999973 0.996886 0.999118 0.918033 0.217946 0.417789 0.166667 0.311900
0.572734
0.654331 0.333333 0.989135 0.999999 0.999914 0.998486 0.999705 0.913056 0.193321 0.406857 0.250000 0.299642
0.572734
0.142495 1.000000 0.398676 0.624756 0.000160 0.000207 0.137525 0.191061 0.034257 0.060751 0.416667 0.024668
0.285360
0.330093 1.000000 0.998495 0.999731 0.997970 0.996644 0.958504 0.848796 0.080620 0.354545 0.083333 0.207164
0.654183
0.330200 1.000000 0.998835 0.999731 0.997946 0.995996 0.958399 0.848947 0.081464 0.355960 0.166667 0.203361
0.654183
0.330557 1.000000 0.999977 0.999730 0.997951 0.996209 0.958769 0.850854 0.078388 0.352170 0.083333 0.194404
0.654183
0.654954 0.333333 0.990133 0.999998 0.999964 0.996163 0.999179 0.918159 0.218362 0.415385 0.416667 0.317393
0.572734
0.654280 0.333333 0.989054 0.999998 0.999938 0.996537 0.999871 0.913009 0.193056 0.403617 0.250000 0.297694
0.572734
0.142494 1.000000 0.398675 0.624758 0.000162 0.000226 0.138348 0.193301 0.035827 0.061570 0.416667 0.024691
0.285360
0.654558 0.333333 0.989497 0.999998 0.999944 0.996130 0.999549 0.913622 0.196670 0.408764 0.500000 0.305275
0.572734
0.142495 1.000000 0.398677 0.624756 0.000161 0.000196 0.137731 0.192400 0.035814 0.062560 0.416667 0.025438
0.285360
0.654589 0.333333 0.989549 0.999997 0.999906 0.996822 0.999746 0.913757 0.196011 0.405884 0.333333 0.295222
0.572734
0.330229 1.000000 0.998927 0.999730 0.997944 0.995908 0.958513 0.848814 0.081648 0.353304 0.250000 0.207420
0.654183
0.654797 0.333333 0.989879 1.000000 0.999976 0.996800 0.999618 0.914222 0.197536 0.409988 0.333333 0.304307
0.572734
0.142494 1.000000 0.398676 0.624757 0.000160 0.000244 0.137665 0.192494 0.035605 0.064270 0.416667 0.025741
0.285360
0.654281 0.333333 0.989054 0.999999 0.999904 0.995801 0.999929 0.913085 0.192307 0.405388 0.333333 0.290626
0.572734
0.142494 1.000000 0.398676 0.624757 0.000159 0.000345 0.137702 0.192105 0.036081 0.061959 0.416667 0.025158
0.285360
0.330224 1.000000 0.998915 0.999731 0.997956 0.996367 0.958649 0.849103 0.081274 0.355611 0.000000 0.205986
0.654183
0.142494 1.000000 0.398679 0.624757 0.000160 0.000235 0.138684 0.193976 0.035553 0.061397 0.416667 0.024271
0.285360
0.285056 0.333333 0.398780 0.624870 0.000314 0.000461 0.419018 0.644466 0.098672 0.074455 0.416667 0.047026
0.428481
0.285058 0.333333 0.398783 0.624872 0.000317 0.000422 0.422493 0.652534 0.102145 0.073900 0.500000 0.047166
0.428481
0.142494 1.000000 0.398677 0.624757 0.000161 0.000202 0.137623 0.191721 0.034997 0.062833 0.416667 0.024621
0.285360
0.655097 0.333333 0.990360 0.999998 0.999945 0.996939 0.998715 0.918156 0.219845 0.417471 0.416667 0.309101
0.572734
0.654559 0.333333 0.989498 0.999998 0.999923 0.997326 0.999714 0.913764 0.196021 0.404562 0.000000 0.293145
0.572734
0.142494 1.000000 0.398674 0.624757 0.000158 0.000204 0.139323 0.194547 0.035129 0.059292 0.416667 0.024959
0.285360
0.142495 1.000000 0.398680 0.624759 0.000165 0.000229 0.137960 0.192198 0.035022 0.060529 0.416667 0.025181
0.285360
0.330179 1.000000 0.998766 0.999731 0.997956 0.996082 0.958440 0.848692 0.081270 0.355290 0.083333 0.205041
0.654183
0.142494 1.000000 0.398677 0.624757 0.000160 0.000198 0.139698 0.196842 0.036682 0.065413 0.333333 0.025414
0.285360
0.142494 1.000000 0.398680 0.624757 0.000162 0.000215 0.137544 0.191765 0.035143 0.062381 0.416667 0.025216
0.285360
0.655156 0.333333 0.990455 1.000000 0.999972 0.996313 0.998842 0.918539 0.220332 0.418361 0.333333 0.317405
0.572734
0.285062 0.333333 0.398788 0.624882 0.000314 0.000466 0.422110 0.651413 0.100126 0.073984 0.416667 0.047131
0.428481
0.142494 1.000000 0.398673 0.624756 0.000158 0.000220 0.137500 0.192012 0.035538 0.063168 0.416667 0.024820
0.285360
0.285059 0.333333 0.398783 0.624870 0.000318 0.000435 0.422222 0.652010 0.101670 0.074259 0.500000 0.046303
0.428481
0.285055 0.333333 0.398777 0.624870 0.000314 0.000440 0.422577 0.652162 0.099515 0.074485 0.416667 0.047610
0.428481
0.285058 0.333333 0.398783 0.624870 0.000317 0.000415 0.422223 0.652029 0.101525 0.074187 0.500000 0.047166
0.428481
0.655119 0.333333 0.990395 1.000000 0.999958 0.997574 0.998810 0.918367 0.220275 0.419746 0.416667 0.311888
0.572734
0.654702 0.333333 0.989727 0.999999 0.999930 0.996950 0.999590 0.913875 0.197524 0.409446 0.250000 0.308879
0.572734
0.285057 0.333333 0.398781 0.624873 0.000317 0.000455 0.419011 0.644693 0.099827 0.074396 0.500000 0.046933
0.428481
0.330512 1.000000 0.999829 0.999730 0.997947 0.995488 0.958209 0.850801 0.077997 0.350097 0.250000 0.190322
0.654183
0.330110 1.000000 0.998545 0.999731 0.997962 0.995785 0.958226 0.848458 0.080861 0.355155 0.083333 0.208447
0.654183
0.330273 1.000000 0.999067 0.999730 0.997939 0.996020 0.958230 0.848738 0.082379 0.357543 0.250000 0.202452
0.654183
0.285058 0.333333 0.398784 0.624873 0.000318 0.000418 0.418552 0.643792 0.099000 0.074037 0.500000 0.046630
0.428481
0.330195 1.000000 0.998819 0.999731 0.997958 0.996734 0.958520 0.848953 0.081563 0.354524 0.000000 0.200002
0.654183
0.142493 1.000000 0.398674 0.624756 0.000159 0.000191 0.138597 0.193428 0.035417 0.060439 0.416667 0.025064
0.285360
0.142494 1.000000 0.398676 0.624757 0.000161 0.000308 0.138491 0.193469 0.034229 0.063844 0.416667 0.025881
0.285360
0.654760 0.333333 0.989821 0.999999 0.999945 0.996992 0.999568 0.914241 0.198745 0.409661 0.333333 0.300948
0.572734
0.142494 1.000000 0.398675 0.624757 0.000158 0.000207 0.138205 0.193284 0.035669 0.063538 0.416667 0.025706
0.285360
0.654321 0.333333 0.989119 0.999999 0.999909 0.997284 0.999574 0.912909 0.192827 0.407011 0.166667 0.297286
0.572734
0.142494 1.000000 0.398676 0.624757 0.000160 0.000360 0.138213 0.193365 0.035304 0.064800 0.416667 0.025193
0.285360
0.330255 1.000000 0.999013 0.999730 0.997981 0.996192 0.958456 0.848932 0.080853 0.354748 0.083333 0.192316
0.654183
0.330255 1.000000 0.999009 0.999730 0.997966 0.996614 0.958228 0.848739 0.081402 0.355636 0.250000 0.197588
0.654183
0.330167 1.000000 0.998730 0.999731 0.997958 0.995218 0.958443 0.848915 0.081371 0.353859 0.000000 0.197425
0.654183
0.654378 0.333333 0.989210 0.999998 0.999934 0.998062 0.999771 0.913064 0.193681 0.405455 0.166667 0.298009
0.572734
0.654435 0.333333 0.989301 0.999999 0.999968 0.998123 0.999781 0.913283 0.194496 0.407326 0.500000 0.300143
0.572734
0.142493 1.000000 0.398673 0.624755 0.000159 0.000262 0.139423 0.195441 0.035744 0.061154 0.416667 0.025589
0.285360
0.142494 1.000000 0.398676 0.624757 0.000160 0.000211 0.138324 0.193629 0.035238 0.064258 0.416667 0.025426
0.285360
0.142494 1.000000 0.398676 0.624757 0.000160 0.000215 0.137970 0.193314 0.036402 0.063802 0.416667 0.025076
0.285360
0.654761 0.333333 0.989823 0.999999 0.999939 0.997257 0.999583 0.914088 0.198398 0.409724 0.000000 0.304237
0.572734
0.330080 1.000000 0.998452 0.999730 0.997975 0.997381 0.958303 0.848735 0.080744 0.354456 0.000000 0.207315
0.654183
0.285053 0.333333 0.398775 0.624870 0.000311 0.000424 0.422421 0.651746 0.099442 0.073796 0.500000 0.046163
0.428481
0.654927 0.333333 0.990089 0.999999 0.999954 0.996163 0.999053 0.917855 0.217654 0.415672 0.166667 0.319948
0.572734
0.142494 1.000000 0.398676 0.624756 0.000160 0.000220 0.138303 0.193179 0.035039 0.063295 0.416667 0.024668
0.285360
0.142494 1.000000 0.398677 0.624757 0.000161 0.000235 0.137348 0.191784 0.035104 0.064211 0.416667 0.024481
0.285360
0.654927 0.333333 0.990088 0.999998 0.999957 0.997200 0.998980 0.917794 0.217811 0.416976 0.250000 0.316227
0.572734
0.330564 1.000000 1.000000 0.999730 0.997955 0.996328 0.958538 0.850896 0.078148 0.352394 0.083333 0.192713
0.654183
0.285054 0.333333 0.398777 0.624870 0.000313 0.000393 0.422460 0.652129 0.100687 0.074178 0.500000 0.046758
0.428481
0.142494 1.000000 0.398677 0.624756 0.000160 0.000213 0.138238 0.193566 0.035722 0.064068 0.416667 0.024971
0.285360
0.142493 1.000000 0.398672 0.624754 0.000156 0.000308 0.127320 0.172596 0.034344 0.063451 0.750000 0.025694
0.285360
0.285056 0.333333 0.398780 0.624870 0.000314 0.000433 0.421998 0.651196 0.100155 0.074314 0.500000 0.045557
0.428481
0.654544 0.333333 0.989476 0.999999 0.999931 0.999413 0.999669 0.913426 0.196007 0.407410 0.083333 0.304086
0.572734
0.330236 1.000000 0.998950 0.999730 0.997951 0.995440 0.958180 0.848773 0.081589 0.355995 0.250000 0.195302
0.654183
0.285056 0.333333 0.398779 0.624870 0.000314 0.000418 0.418358 0.643188 0.098081 0.074415 0.500000 0.048064
0.428481
0.285060 0.333333 0.398785 0.624871 0.000319 0.000475 0.422037 0.650976 0.099353 0.073887 0.500000 0.049149
0.428481
0.330197 1.000000 0.998826 0.999730 0.997966 0.996168 0.958433 0.848933 0.081305 0.355117 0.166667 0.203268
0.654183
0.654842 0.333333 0.989951 0.999999 0.999969 0.997609 0.998910 0.917411 0.217017 0.413402 0.333333 0.316297
0.572734
0.142494 1.000000 0.398675 0.624756 0.000162 0.000211 0.138261 0.192744 0.034423 0.061741 0.416667 0.024750
0.285360
0.285056 0.333333 0.398780 0.624871 0.000312 0.000435 0.418528 0.643349 0.097720 0.074278 0.500000 0.047155
0.428481
0.285056 0.333333 0.398780 0.624870 0.000314 0.000613 0.422549 0.652192 0.099815 0.074018 0.500000 0.047493
0.428481
0.142494 1.000000 0.398676 0.624757 0.000159 0.000229 0.137978 0.192406 0.035180 0.060382 0.416667 0.024400
0.285360
0.285058 0.333333 0.398783 0.624871 0.000317 0.000442 0.422528 0.652024 0.099418 0.074286 0.500000 0.047481
0.428481
0.330242 1.000000 0.998967 0.999731 0.997979 0.996847 0.958457 0.848907 0.081878 0.354798 0.083333 0.205146
0.654183
0.330249 1.000000 0.998993 0.999730 0.997969 0.996767 0.958189 0.848746 0.082033 0.355936 0.083333 0.200900
0.654183
0.330222 1.000000 0.998906 0.999730 0.997968 0.996080 0.958647 0.848776 0.080861 0.353855 0.166667 0.198929
0.654183
0.654304 0.333333 0.989092 0.999997 0.999931 0.998060 0.999789 0.913111 0.193297 0.404833 0.083333 0.299735
0.572734
0.330242 1.000000 0.998968 0.999730 0.997949 0.996442 0.958142 0.848783 0.081950 0.357230 0.166667 0.198579
0.654183
0.654579 0.333333 0.989532 0.999998 0.999939 0.995763 0.999542 0.913722 0.196701 0.409948 0.166667 0.300995
0.572734
0.285058 0.333333 0.398782 0.624871 0.000318 0.000448 0.422168 0.652014 0.101835 0.074504 0.500000 0.046968
0.428481
0.330143 1.000000 0.998651 0.999730 0.997961 0.995532 0.958592 0.848945 0.081180 0.353080 0.166667 0.197040
0.654183
0.654498 0.333333 0.989401 0.999999 0.999953 0.997928 0.999790 0.913479 0.195347 0.405943 0.166667 0.297461
0.572734
0.654537 0.333333 0.989465 0.999997 0.999921 0.996592 0.999486 0.913572 0.195489 0.408312 0.166667 0.298161
0.572734
0.142495 1.000000 0.398679 0.624757 0.000162 0.000202 0.137705 0.192458 0.036160 0.062438 0.416667 0.024540
0.285360
0.330176 1.000000 0.998757 0.999731 0.997965 0.996662 0.958587 0.848794 0.081008 0.353983 0.250000 0.196667
0.654183
0.285058 0.333333 0.398784 0.624870 0.000316 0.000424 0.421677 0.650784 0.100642 0.074552 0.500000 0.048088
0.428481
0.285056 0.333333 0.398780 0.624870 0.000314 0.000523 0.422543 0.652226 0.100205 0.074282 0.500000 0.046222
0.428481
0.654551 0.333333 0.989487 0.999999 0.999962 0.996124 0.999479 0.913714 0.196064 0.409648 0.250000 0.305252
0.572734
0.285057 0.333333 0.398781 0.624870 0.000315 0.000411 0.418412 0.643482 0.099472 0.074472 0.500000 0.046898
0.428481
0.330271 1.000000 0.999061 0.999730 0.997967 0.996244 0.958114 0.848599 0.081828 0.354919 0.083333 0.198428
0.654183
0.142494 1.000000 0.398678 0.624757 0.000161 0.000218 0.138260 0.193613 0.035794 0.063724 0.416667 0.025438
0.285360
0.655110 0.333333 0.990380 1.000000 0.999986 0.997251 0.999032 0.918655 0.220389 0.419301 0.416667 0.298394
0.572734
0.330288 1.000000 0.999114 0.999731 0.997980 0.995660 0.958435 0.848926 0.081769 0.355936 0.166667 0.199944
0.654183
0.142494 1.000000 0.398677 0.624757 0.000162 0.000229 0.138149 0.193337 0.035420 0.064000 0.416667 0.025426
0.285360
0.654316 0.333333 0.989112 0.999999 0.999913 0.997266 0.999815 0.913091 0.193026 0.406446 0.416667 0.291244
0.572734
0.330173 1.000000 0.998748 0.999730 0.997944 0.997512 0.958476 0.848854 0.081292 0.354463 0.166667 0.200189
0.654183
0.654794 0.333333 0.989876 1.000000 0.999986 0.997943 0.999680 0.914354 0.198406 0.410955 0.083333 0.309101
0.572734
0.330255 1.000000 0.999010 0.999731 0.997958 0.996148 0.957849 0.848373 0.082164 0.355936 0.000000 0.206079
0.654183
0.142495 1.000000 0.398680 0.624757 0.000162 0.000204 0.138389 0.193689 0.035742 0.062364 0.416667 0.026581
0.285360
0.142492 1.000000 0.398673 0.624755 0.000157 0.000218 0.138292 0.193623 0.035849 0.063483 0.416667 0.024936
0.285360
0.285057 0.333333 0.398781 0.624871 0.000316 0.000472 0.422477 0.652188 0.100779 0.074096 0.416667 0.047983
0.428481
0.654289 0.333333 0.989068 0.999998 0.999918 0.996600 0.999683 0.912902 0.193519 0.403847 0.166667 0.294452
0.572734
0.285058 0.333333 0.398782 0.624870 0.000316 0.000424 0.422428 0.651564 0.098704 0.073959 0.500000 0.048706
0.428481
0.142495 1.000000 0.398678 0.624759 0.000160 0.000218 0.138227 0.193137 0.035963 0.062476 0.416667 0.026627
0.285360
0.142494 1.000000 0.398678 0.624757 0.000163 0.000207 0.139187 0.195389 0.035360 0.065305 0.416667 0.025181
0.285360
0.654722 0.333333 0.989760 0.999999 0.999925 0.997471 0.999598 0.914017 0.197719 0.408515 0.250000 0.301391
0.572734
0.142494 1.000000 0.398677 0.624758 0.000160 0.000204 0.138185 0.193248 0.035186 0.063890 0.416667 0.024901
0.285360
0.285058 0.333333 0.398783 0.624870 0.000314 0.000413 0.422082 0.651433 0.100258 0.074238 0.500000 0.047120
0.428481
0.330211 1.000000 0.998868 0.999731 0.997975 0.995976 0.958552 0.848738 0.081329 0.354397 0.250000 0.199571
0.654183
0.654551 0.333333 0.989486 0.999999 0.999921 0.996466 0.999452 0.913474 0.196053 0.409792 0.333333 0.300995
0.572734
0.654383 0.333333 0.989218 0.999999 0.999922 0.996695 0.999673 0.913133 0.193808 0.406106 0.250000 0.298709
0.572734
0.330275 1.000000 0.999073 0.999731 0.997978 0.995669 0.958403 0.848896 0.082236 0.355231 0.000000 0.202522
0.654183
0.142494 1.000000 0.398674 0.624756 0.000158 0.000251 0.138395 0.193279 0.035548 0.062115 0.416667 0.024901
0.285360
0.285054 0.333333 0.398777 0.624870 0.000313 0.000418 0.421870 0.650680 0.099421 0.074257 0.500000 0.046420
0.428481
0.285059 0.333333 0.398785 0.624872 0.000319 0.000411 0.422351 0.652151 0.101684 0.074216 0.500000 0.047785
0.428481
0.654622 0.333333 0.989601 0.999999 0.999946 0.999237 0.999748 0.913888 0.196548 0.407155 0.166667 0.298277
0.572734
0.285057 0.333333 0.398781 0.624870 0.000315 0.000418 0.422092 0.651456 0.100627 0.073752 0.500000 0.046315
0.428481
0.330238 1.000000 0.998954 0.999730 0.997974 0.996001 0.958349 0.848865 0.081551 0.354469 0.083333 0.195127
0.654183
0.654468 0.333333 0.989354 0.999999 0.999912 0.996908 0.999815 0.913240 0.194500 0.405563 0.166667 0.306197
0.572734
0.285057 0.333333 0.398780 0.624870 0.000313 0.000422 0.418704 0.644044 0.099205 0.074335 0.500000 0.046455
0.428481
0.330184 1.000000 0.998785 0.999731 0.997960 0.996003 0.958291 0.848850 0.081773 0.355529 0.166667 0.198148
0.654183
0.142494 1.000000 0.398674 0.624757 0.000159 0.000233 0.138144 0.192635 0.035381 0.061144 0.416667 0.025753
0.285360
0.142493 1.000000 0.398675 0.624757 0.000160 0.000215 0.139086 0.194635 0.035592 0.061325 0.416667 0.024855
0.285360
0.285058 0.333333 0.398783 0.624873 0.000316 0.000433 0.422282 0.651897 0.101330 0.074214 0.500000 0.047481
0.428481
0.285059 0.333333 0.398784 0.624872 0.000316 0.000464 0.418497 0.643519 0.099956 0.074001 0.500000 0.047458
0.428481
0.142493 1.000000 0.398674 0.624758 0.000158 0.000209 0.137013 0.191744 0.035959 0.066021 0.416667 0.024621
0.285360
0.285058 0.333333 0.398782 0.624870 0.000317 0.000459 0.422342 0.651582 0.099569 0.074301 0.500000 0.046093
0.428481
0.142497 1.000000 0.398681 0.624758 0.000166 0.000226 0.148943 0.215639 0.037367 0.070710 0.500000 0.026207
0.285360
0.142495 1.000000 0.398679 0.624757 0.000163 0.000215 0.138147 0.193381 0.036037 0.062693 0.416667 0.025671
0.285360
0.655175 0.333333 0.990485 0.999999 0.999930 0.997460 0.998676 0.918345 0.219643 0.419204 0.083333 0.307585
0.572734
0.576835 0.333333 0.733586 0.727759 0.750595 0.747786 0.845557 0.804972 0.290448 0.424159 0.000000 0.334445
0.572734
0.142494 1.000000 0.398677 0.624757 0.000160 0.000200 0.138582 0.194191 0.036013 0.064042 0.416667 0.025099
0.285360
0.285057 0.333333 0.398782 0.624872 0.000315 0.000420 0.422449 0.652208 0.100539 0.073927 0.416667 0.046163
0.428481
0.285056 0.333333 0.398779 0.624871 0.000316 0.000424 0.422248 0.651742 0.100942 0.073910 0.500000 0.047458
0.428481
0.330288 1.000000 0.999115 0.999731 0.997976 0.996805 0.958301 0.848916 0.081960 0.357087 0.250000 0.197903
0.654183
0.330304 1.000000 0.999165 0.999730 0.997976 0.995917 0.958313 0.848946 0.081795 0.357596 0.000000 0.198183
0.654183
0.285056 0.333333 0.398781 0.624870 0.000316 0.000407 0.422272 0.651861 0.100999 0.073845 0.500000 0.046805
0.428481
0.142495 1.000000 0.398680 0.624757 0.000159 0.000193 0.137847 0.192158 0.035094 0.061912 0.416667 0.026149
0.285360
0.142496 1.000000 0.398681 0.624758 0.000162 0.000211 0.149787 0.217344 0.036643 0.070528 0.500000 0.025823
0.285360
0.142494 1.000000 0.398677 0.624756 0.000159 0.000191 0.139057 0.194786 0.035524 0.062999 0.416667 0.026254
0.285360
0.330244 1.000000 0.998975 0.999730 0.997959 0.996398 0.958467 0.848769 0.081754 0.355706 0.166667 0.199932
0.654183
0.285056 0.333333 0.398780 0.624871 0.000314 0.000422 0.421770 0.650564 0.100115 0.074134 0.500000 0.045720
0.428481
0.142495 1.000000 0.398680 0.624758 0.000166 0.000218 0.138151 0.193266 0.035652 0.063626 0.416667 0.025298
0.285360
0.654541 0.333333 0.989470 0.999999 0.999945 0.998528 0.999524 0.913687 0.195825 0.408814 0.166667 0.303048
0.572734
0.285058 0.333333 0.398784 0.624870 0.000315 0.000442 0.419066 0.644180 0.098129 0.074335 0.416667 0.046257
0.428481
0.654795 0.333333 0.989875 0.999999 0.999932 0.997921 0.999475 0.914421 0.198295 0.411168 0.083333 0.302686
0.572734
0.330134 1.000000 0.998621 0.999731 0.997957 0.997172 0.958427 0.848860 0.081442 0.353612 0.166667 0.209146
0.654183
0.142494 1.000000 0.398676 0.624756 0.000159 0.000209 0.136293 0.189866 0.035562 0.064078 0.416667 0.024493
0.285360
0.142495 1.000000 0.398680 0.624757 0.000163 0.000215 0.138364 0.194064 0.035918 0.064933 0.416667 0.025018
0.285360
0.330258 1.000000 0.999020 0.999730 0.997963 0.995453 0.958274 0.848501 0.081900 0.355107 0.166667 0.204376
0.654183
0.142496 1.000000 0.398682 0.624756 0.000160 0.000224 0.138604 0.194179 0.035250 0.064484 0.416667 0.024796
0.285360
0.285059 0.333333 0.398784 0.624871 0.000318 0.000444 0.418025 0.642276 0.098100 0.074527 0.500000 0.047773
0.428481
0.142495 1.000000 0.398678 0.624757 0.000161 0.000235 0.138598 0.193633 0.035184 0.061545 0.416667 0.025111
0.285360
0.285060 0.333333 0.398786 0.624870 0.000319 0.000481 0.421998 0.651403 0.101020 0.073934 0.500000 0.046175
0.428481
0.654575 0.333333 0.989526 0.999999 0.999948 0.996398 0.999487 0.913715 0.197011 0.409494 0.250000 0.309404
0.572734
0.655095 0.333333 0.990356 0.999999 0.999970 0.997339 0.998724 0.918272 0.219672 0.419947 0.250000 0.306582
0.572734
0.285056 0.333333 0.398779 0.624870 0.000317 0.000440 0.422014 0.651162 0.100310 0.074193 0.416667 0.047761
0.428481
0.330166 1.000000 0.998726 0.999731 0.997958 0.995948 0.957999 0.848651 0.081781 0.355134 0.250000 0.200212
0.654183
0.285056 0.333333 0.398780 0.624870 0.000315 0.000448 0.418833 0.643863 0.099207 0.074143 0.500000 0.048123
0.428481
0.655066 0.333333 0.990312 0.999998 0.999952 0.996923 0.998860 0.918172 0.219054 0.418912 0.250000 0.317638
0.572734
0.330247 1.000000 0.998986 0.999731 0.997977 0.995594 0.958630 0.848974 0.080596 0.354739 0.166667 0.198195
0.654183
0.330173 1.000000 0.998747 0.999731 0.997956 0.995304 0.958376 0.848891 0.081696 0.355567 0.250000 0.198055
0.654183
0.655152 0.333333 0.990448 0.999998 0.999978 0.997312 0.998859 0.918784 0.221220 0.421533 0.500000 0.302919
0.572734
0.655138 0.333333 0.990426 1.000000 0.999981 0.997097 0.998783 0.918430 0.220843 0.420815 0.333333 0.309976
0.572734
0.330186 1.000000 0.998788 0.999730 0.997951 0.996535 0.958215 0.848727 0.081678 0.354150 0.083333 0.199629
0.654183
0.142494 1.000000 0.398675 0.624757 0.000161 0.000231 0.137562 0.191424 0.034732 0.061758 0.416667 0.025099
0.285360
0.285060 0.333333 0.398784 0.624871 0.000317 0.000433 0.418727 0.643563 0.098228 0.073900 0.500000 0.047283
0.428481
0.654563 0.333333 0.989508 0.999999 0.999989 0.996317 0.999582 0.913711 0.196274 0.410134 0.083333 0.303969
0.572734
0.142493 1.000000 0.398673 0.624756 0.000157 0.000226 0.138079 0.193597 0.036435 0.064140 0.416667 0.024785
0.285360
0.654530 0.333333 0.989455 0.999999 0.999940 0.997014 0.999467 0.913666 0.195965 0.409239 0.083333 0.302756
0.572734
0.142495 1.000000 0.398680 0.624757 0.000161 0.000323 0.137943 0.192467 0.035155 0.062423 0.416667 0.025251
0.285360
0.285058 0.333333 0.398783 0.624870 0.000314 0.000461 0.418342 0.643205 0.099255 0.073940 0.500000 0.047376
0.428481
0.655111 0.333333 0.990383 0.999999 0.999980 0.997073 0.998913 0.918677 0.220984 0.420122 0.416667 0.315481
0.572734
0.655167 0.333333 0.990473 0.999999 0.999987 0.998829 0.998749 0.918435 0.221166 0.421178 0.333333 0.311130
0.572734
0.654548 0.333333 0.989483 0.999998 0.999956 0.997906 0.999541 0.913544 0.195720 0.407921 0.166667 0.304832
0.572734
0.285060 0.333333 0.398785 0.624872 0.000319 0.000411 0.422355 0.652125 0.101046 0.074219 0.500000 0.047866
0.428481
0.330222 1.000000 0.998902 0.999730 0.997967 0.996317 0.958267 0.848716 0.081922 0.354439 0.250000 0.199011
0.654183
0.655161 0.333333 0.990462 1.000000 0.999959 0.996937 0.998948 0.918585 0.221250 0.420401 0.166667 0.311200
0.572734
0.654476 0.333333 0.989367 0.999999 0.999910 0.999947 0.999864 0.913374 0.194760 0.404241 0.083333 0.298441
0.572734
0.654325 0.333333 0.989125 0.999997 0.999918 0.997062 0.999659 0.912806 0.193113 0.406399 0.333333 0.307456
0.572734
0.142495 1.000000 0.398679 0.624760 0.000162 0.000237 0.137591 0.192218 0.035669 0.063386 0.416667 0.025146
0.285360
0.285060 0.333333 0.398785 0.624871 0.000322 0.000446 0.419132 0.644581 0.099473 0.074301 0.500000 0.048636
0.428481
0.330185 1.000000 0.998787 0.999731 0.997958 0.996721 0.958508 0.848971 0.081531 0.354674 0.166667 0.200119
0.654183
0.142494 1.000000 0.398678 0.624757 0.000161 0.000204 0.138269 0.193840 0.036077 0.064359 0.416667 0.025088
0.285360
0.655147 0.333333 0.990441 0.999999 0.999956 0.997721 0.998875 0.918491 0.221157 0.420576 0.250000 0.309964
0.572734
0.142495 1.000000 0.398675 0.624757 0.000160 0.000207 0.137487 0.192168 0.035337 0.064931 0.416667 0.024855
0.285360
0.285059 0.333333 0.398785 0.624873 0.000318 0.000409 0.422381 0.651600 0.099236 0.074533 0.500000 0.048391
0.428481
0.654332 0.333333 0.989136 0.999998 0.999934 0.996203 0.999730 0.912963 0.193170 0.406762 0.083333 0.295980
0.572734
0.654730 0.333333 0.989774 0.999999 0.999978 0.997000 0.999694 0.914286 0.198000 0.410634 0.083333 0.299525
0.572734
0.142495 1.000000 0.398680 0.624757 0.000164 0.000215 0.137428 0.191642 0.034850 0.064292 0.416667 0.024691
0.285360
0.142496 1.000000 0.398683 0.624757 0.000166 0.000229 0.150254 0.218331 0.037703 0.070729 0.500000 0.026032
0.285360
0.654744 0.333333 0.989797 0.999999 0.999948 0.996497 0.999538 0.914176 0.198156 0.411099 0.250000 0.302033
0.572734
0.330228 1.000000 0.998926 0.999730 0.997953 0.996330 0.958448 0.848969 0.081669 0.354980 0.083333 0.201775
0.654183
0.285058 0.333333 0.398783 0.624870 0.000315 0.000404 0.422297 0.651666 0.099805 0.074081 0.500000 0.047038
0.428481
0.142497 1.000000 0.398686 0.624760 0.000166 0.000240 0.138207 0.193054 0.035256 0.062275 0.416667 0.025496
0.285360
0.285056 0.333333 0.398779 0.624870 0.000314 0.000418 0.422258 0.652061 0.101514 0.074428 0.500000 0.048321
0.428481
0.142495 1.000000 0.398678 0.624755 0.000160 0.000242 0.137732 0.192461 0.035458 0.064051 0.416667 0.025496
0.285360
0.330249 1.000000 0.998990 0.999731 0.997952 0.996444 0.958366 0.848821 0.082088 0.355736 0.083333 0.201985
0.654183
0.285058 0.333333 0.398782 0.624870 0.000314 0.000453 0.422706 0.652402 0.099445 0.074056 0.500000 0.047901
0.428481
0.330258 1.000000 0.999019 0.999731 0.997965 0.996506 0.958305 0.848827 0.081987 0.355527 0.166667 0.198416
0.654183
0.285056 0.333333 0.398777 0.624870 0.000313 0.000404 0.422178 0.652124 0.102243 0.074316 0.416667 0.046210
0.428481
0.330281 1.000000 0.999092 0.999731 0.997948 0.995594 0.957991 0.848431 0.081073 0.356696 0.416667 0.199069
0.654183
0.330141 1.000000 0.998644 0.999731 0.997974 0.996941 0.958260 0.848733 0.081485 0.353781 0.250000 0.204971
0.654183
0.330180 1.000000 0.998771 0.999730 0.997951 0.996084 0.958555 0.848910 0.081176 0.353905 0.416667 0.200947
0.654183
0.330288 1.000000 0.999118 0.999730 0.997974 0.996917 0.958272 0.848890 0.081416 0.356751 0.166667 0.192969
0.654183
0.655085 0.333333 0.990341 1.000000 0.999987 0.997603 0.999013 0.918519 0.219779 0.419670 0.333333 0.316682
0.572734
0.285056 0.333333 0.398780 0.624873 0.000313 0.000453 0.418733 0.643772 0.098525 0.074204 0.416667 0.047820
0.428481
0.654606 0.333333 0.989576 1.000000 0.999926 0.997016 0.999731 0.913946 0.196046 0.407877 0.333333 0.292317
0.572734
0.285056 0.333333 0.398780 0.624870 0.000313 0.000413 0.422485 0.652334 0.101123 0.073881 0.500000 0.046980
0.428481
0.330184 1.000000 0.998782 0.999731 0.997947 0.997991 0.958433 0.848514 0.081044 0.354539 0.083333 0.200830
0.654183
0.655108 0.333333 0.990379 1.000000 0.999941 0.997218 0.999257 0.919016 0.220880 0.420426 0.166667 0.300598
0.572734
0.330245 1.000000 0.998979 0.999730 0.997957 0.995946 0.958424 0.848844 0.081671 0.355328 0.083333 0.201729
0.654183
0.142495 1.000000 0.398681 0.624757 0.000165 0.000224 0.138663 0.193837 0.035161 0.062723 0.416667 0.025578
0.285360
0.330229 1.000000 0.998926 0.999730 0.997975 0.996655 0.958369 0.848777 0.081282 0.353576 0.000000 0.193879
0.654183
0.285058 0.333333 0.398781 0.624873 0.000317 0.000398 0.422672 0.652801 0.101265 0.074246 0.500000 0.046898
0.428481
0.655190 0.333333 0.990509 1.000000 0.999953 0.996524 0.998986 0.918916 0.221904 0.421674 0.416667 0.312728
0.572734
0.654382 0.333333 0.989216 0.999999 0.999910 0.995803 0.999637 0.913069 0.194351 0.405679 0.166667 0.297158
0.572734
0.654347 0.333333 0.989162 0.999999 0.999983 0.997156 0.999792 0.913214 0.193847 0.407508 0.166667 0.295991
0.572734
0.655200 0.333333 0.990523 0.999999 0.999969 0.997585 0.998420 0.918320 0.222249 0.420528 0.333333 0.318432
0.572734
0.330199 1.000000 0.998833 0.999731 0.997968 0.995735 0.958448 0.848929 0.081470 0.355121 0.250000 0.200352
0.654183
0.654699 0.333333 0.989725 0.999999 0.999939 0.996796 0.999638 0.914029 0.196674 0.409061 0.000000 0.299315
0.572734
0.142495 1.000000 0.398680 0.624757 0.000160 0.000262 0.137414 0.191770 0.034863 0.063673 0.416667 0.024866
0.285360
0.655053 0.333333 0.990292 0.999999 0.999965 0.997029 0.999216 0.918816 0.219580 0.418275 0.166667 0.301753
0.572734
0.330149 1.000000 0.998672 0.999730 0.997960 0.995774 0.958481 0.848670 0.081338 0.353899 0.083333 0.200177
0.654183
0.142495 1.000000 0.398678 0.624757 0.000160 0.000193 0.138266 0.193374 0.035507 0.062660 0.416667 0.024843
0.285360
0.285057 0.333333 0.398780 0.624873 0.000315 0.000455 0.418731 0.643698 0.098548 0.073993 0.500000 0.046583
0.428481
0.655143 0.333333 0.990433 1.000000 0.999984 0.998128 0.998736 0.918401 0.220340 0.420631 0.333333 0.314478
0.572734
0.285058 0.333333 0.398782 0.624870 0.000316 0.000479 0.418598 0.644051 0.099792 0.074235 0.583333 0.046653
0.428481
0.142494 1.000000 0.398675 0.624756 0.000158 0.000220 0.137661 0.192362 0.035031 0.064718 0.416667 0.024913
0.285360
0.142494 1.000000 0.398677 0.624757 0.000162 0.000187 0.137265 0.191830 0.035212 0.064619 0.416667 0.024283
0.285360
0.654349 0.333333 0.989163 0.999999 0.999983 0.997301 0.999939 0.913064 0.193716 0.403655 0.083333 0.302045
0.572734
0.654755 0.333333 0.989813 1.000000 0.999970 0.998774 0.999551 0.914242 0.197956 0.411251 0.333333 0.301975
0.572734
0.330120 1.000000 0.998581 0.999730 0.997964 0.995651 0.958124 0.848583 0.081378 0.354393 0.083333 0.201694
0.654183
0.330240 1.000000 0.998962 0.999730 0.997984 0.996082 0.958264 0.848810 0.081850 0.355423 0.250000 0.201215
0.654183
0.285057 0.333333 0.398781 0.624871 0.000315 0.000413 0.422414 0.651838 0.099497 0.074227 0.500000 0.045825
0.428481
0.330126 1.000000 0.998600 0.999730 0.997943 0.997282 0.958248 0.848688 0.081326 0.353375 0.250000 0.198031
0.654183
0.330290 1.000000 0.999122 0.999730 0.997990 0.995937 0.958246 0.848818 0.081871 0.356006 0.250000 0.198020
0.654183
0.285060 0.333333 0.398785 0.624873 0.000320 0.000455 0.418599 0.643903 0.099726 0.073995 0.500000 0.047295
0.428481
0.285058 0.333333 0.398783 0.624870 0.000319 0.000422 0.422707 0.652349 0.099543 0.073912 0.500000 0.047680
0.428481
0.285058 0.333333 0.398782 0.624872 0.000318 0.000407 0.422517 0.652598 0.102042 0.073934 0.416667 0.045918
0.428481
0.330230 1.000000 0.998929 0.999731 0.997964 0.996200 0.958656 0.848927 0.081324 0.355719 0.166667 0.200609
0.654183
0.330247 1.000000 0.998983 0.999730 0.997966 0.995998 0.958624 0.848970 0.081506 0.355831 0.083333 0.207747
0.654183
0.142496 1.000000 0.398679 0.624758 0.000160 0.000200 0.138979 0.194749 0.035805 0.063008 0.416667 0.024855
0.285360
0.285058 0.333333 0.398782 0.624872 0.000316 0.000393 0.422276 0.651689 0.100630 0.073858 0.416667 0.047703
0.428481
0.330163 1.000000 0.998715 0.999731 0.997967 0.997240 0.958503 0.848755 0.081398 0.353846 0.083333 0.200119
0.654183
0.654398 0.333333 0.989244 0.999998 0.999949 0.995350 0.999610 0.913167 0.194252 0.406262 0.416667 0.298371
0.572734
0.142494 1.000000 0.398674 0.624756 0.000159 0.000209 0.138974 0.194530 0.035092 0.063109 0.416667 0.025298
0.285360
0.330217 1.000000 0.998891 0.999731 0.997978 0.995829 0.958004 0.848710 0.081610 0.356815 0.166667 0.201122
0.654183
0.654726 0.333333 0.989768 0.999999 0.999913 0.998684 0.999632 0.914132 0.197373 0.409653 0.166667 0.303502
0.572734
0.330288 1.000000 0.999117 0.999731 0.997976 0.998009 0.958371 0.848855 0.081900 0.356992 1.000000 0.204656
0.654183
0.285058 0.333333 0.398783 0.624871 0.000320 0.000448 0.422113 0.651538 0.100689 0.074153 0.500000 0.046840
0.428481
0.330295 1.000000 0.999137 0.999731 0.997966 0.996121 0.958464 0.848866 0.080735 0.355400 0.166667 0.204015
0.654183
0.142494 1.000000 0.398674 0.624757 0.000159 0.000204 0.138727 0.193518 0.034359 0.061082 0.416667 0.024376
0.285360
0.330286 1.000000 0.999110 0.999730 0.997989 0.996095 0.958343 0.848920 0.081813 0.354895 0.250000 0.195092
0.654183
0.655169 0.333333 0.990475 0.999998 0.999953 0.997049 0.998906 0.918802 0.221718 0.422060 0.333333 0.307783
0.572734
0.654566 0.333333 0.989511 0.999999 0.999957 0.996229 0.999611 0.913602 0.195940 0.409840 0.416667 0.303059
0.572734
0.330693 0.333333 0.341881 0.535671 0.000359 0.000426 0.393062 0.675162 0.188556 0.084893 0.333333 0.065233
0.428481
0.142495 1.000000 0.398677 0.624757 0.000162 0.000215 0.139341 0.195243 0.035476 0.062769 0.416667 0.025041
0.285360
0.142494 1.000000 0.398675 0.624757 0.000159 0.000215 0.137167 0.190282 0.034673 0.059030 0.416667 0.024924
0.285360
0.285060 0.333333 0.398786 0.624870 0.000319 0.000422 0.419172 0.643890 0.096149 0.074212 0.500000 0.047341
0.428481
0.330254 1.000000 0.999006 0.999731 0.997993 0.996258 0.958680 0.848887 0.081444 0.355639 0.166667 0.203501
0.654183
0.330172 1.000000 0.998745 0.999731 0.997965 0.995548 0.958622 0.848983 0.081353 0.353027 0.000000 0.202580
0.654183
0.330210 1.000000 0.998865 0.999731 0.997969 0.996055 0.958602 0.848885 0.081337 0.354585 0.250000 0.202988
0.654183
0.285058 0.333333 0.398783 0.624872 0.000317 0.000424 0.422525 0.652038 0.100321 0.074307 0.416667 0.049091
0.428481
0.142493 1.000000 0.398676 0.624757 0.000159 0.000224 0.137714 0.192569 0.036050 0.063044 0.416667 0.025333
0.285360
0.654523 0.333333 0.989442 0.999998 0.999905 0.996304 0.999847 0.913633 0.195019 0.407799 0.250000 0.295350
0.572734
0.654536 0.333333 0.989464 0.999999 0.999976 0.998194 0.999712 0.913446 0.194911 0.406809 0.250000 0.297892
0.572734
0.330278 1.000000 0.999085 0.999730 0.997965 0.996589 0.958032 0.848568 0.082327 0.356141 0.000000 0.201845
0.654183
0.330211 1.000000 0.998869 0.999730 0.997951 0.995513 0.958151 0.848501 0.081971 0.355854 0.000000 0.204271
0.654183
0.330209 1.000000 0.998862 0.999730 0.997944 0.995752 0.958348 0.848877 0.081454 0.354606 0.083333 0.203571
0.654183
0.142495 1.000000 0.398679 0.624757 0.000162 0.000218 0.139559 0.196115 0.035845 0.064338 0.416667 0.025356
0.285360
0.142494 1.000000 0.398676 0.624757 0.000159 0.000226 0.138043 0.192797 0.035208 0.063384 0.416667 0.024750
0.285360
0.654401 0.333333 0.989246 0.999997 0.999928 0.996513 0.999631 0.913208 0.194554 0.405762 0.083333 0.297064
0.572734
0.330172 1.000000 0.998746 0.999731 0.997956 0.995937 0.958408 0.848823 0.081177 0.353662 0.166667 0.196048
0.654183
0.285054 0.333333 0.398776 0.624870 0.000311 0.000396 0.422522 0.651905 0.098798 0.074185 0.500000 0.047913
0.428481
0.655145 0.333333 0.990437 0.999998 0.999948 0.996220 0.998749 0.918228 0.219831 0.419233 0.583333 0.320694
0.572734
0.330238 1.000000 0.998955 0.999731 0.997977 0.995921 0.958529 0.849013 0.081327 0.355375 0.333333 0.198428
0.654183
0.655070 0.333333 0.990318 0.999999 0.999931 0.997033 0.998706 0.918105 0.219798 0.419901 0.250000 0.312751
0.572734
0.285059 0.333333 0.398784 0.624870 0.000316 0.000431 0.422609 0.652151 0.099599 0.073946 0.416667 0.047481
0.428481
0.330206 1.000000 0.998854 0.999730 0.997946 0.996080 0.958179 0.848584 0.081607 0.354722 0.166667 0.201833
0.654183
0.142493 1.000000 0.398675 0.624756 0.000159 0.000196 0.138534 0.193959 0.035783 0.063103 0.416667 0.025146
0.285360
0.285056 0.333333 0.398780 0.624870 0.000315 0.000404 0.418897 0.644192 0.098952 0.074189 0.416667 0.046863
0.428481
0.330239 1.000000 0.998956 0.999730 0.997974 0.995994 0.958259 0.848827 0.081706 0.354572 0.000000 0.193599
0.654183
0.285058 0.333333 0.398784 0.624873 0.000316 0.000418 0.422343 0.652143 0.101480 0.073940 0.500000 0.048368
0.428481
0.285056 0.333333 0.398781 0.624870 0.000314 0.000402 0.421875 0.651898 0.103502 0.074010 0.416667 0.047085
0.428481
0.330105 1.000000 0.998532 0.999730 0.997957 0.994867 0.958194 0.848696 0.081351 0.354336 0.333333 0.202417
0.654183
0.142493 1.000000 0.398674 0.624757 0.000162 0.000218 0.138341 0.193334 0.035855 0.061971 0.416667 0.025741
0.285360
0.142496 1.000000 0.398681 0.624757 0.000166 0.000251 0.138751 0.194323 0.036021 0.062698 0.416667 0.025589
0.285360
0.285060 0.333333 0.398784 0.624871 0.000316 0.000396 0.422141 0.651126 0.099360 0.074164 0.500000 0.046467
0.428481
0.142494 1.000000 0.398677 0.624758 0.000160 0.000215 0.137593 0.192053 0.036274 0.060586 0.416667 0.024994
0.285360
0.285058 0.333333 0.398781 0.624872 0.000317 0.000420 0.422532 0.651970 0.099057 0.074162 0.416667 0.046583
0.428481
0.330234 1.000000 0.998945 0.999730 0.997986 0.996091 0.958324 0.848860 0.081698 0.355218 0.250000 0.198859
0.654183
0.142493 1.000000 0.398673 0.624757 0.000158 0.000211 0.138059 0.193313 0.036069 0.063559 0.416667 0.025916
0.285360
0.330246 1.000000 0.998981 0.999730 0.997977 0.996163 0.958531 0.849033 0.081791 0.356114 0.166667 0.199711
0.654183
0.330218 1.000000 0.998892 0.999731 0.997967 0.996308 0.958288 0.848867 0.082130 0.355161 0.250000 0.204364
0.654183
0.285060 0.333333 0.398786 0.624870 0.000319 0.000420 0.421841 0.651272 0.101880 0.074195 0.500000 0.047540
0.428481
0.142496 1.000000 0.398681 0.624757 0.000162 0.000222 0.138120 0.192864 0.035144 0.062244 0.416667 0.025438
0.285360
0.330290 1.000000 0.999123 0.999731 0.997968 0.996772 0.958137 0.848642 0.082029 0.356325 0.166667 0.197121
0.654183
0.330212 1.000000 0.998874 0.999730 0.997955 0.996710 0.958255 0.848802 0.081832 0.355079 0.000000 0.200504
0.654183
0.285055 0.333333 0.398778 0.624871 0.000311 0.000450 0.422665 0.652151 0.098967 0.074052 0.500000 0.046245
0.428481
0.142494 1.000000 0.398678 0.624757 0.000161 0.000215 0.137625 0.192394 0.035332 0.064391 0.416667 0.025099
0.285360
0.654756 0.333333 0.989813 0.999997 0.999914 0.997299 0.999706 0.914129 0.197979 0.409739 0.083333 0.309766
0.572734
0.285056 0.333333 0.398780 0.624872 0.000314 0.000453 0.418884 0.643976 0.097294 0.074261 0.416667 0.046000
0.428481
0.330252 1.000000 0.999001 0.999731 0.997982 0.995825 0.958543 0.848949 0.081230 0.355225 0.166667 0.196585
0.654183
0.285056 0.333333 0.398780 0.624872 0.000313 0.000400 0.422290 0.652068 0.101960 0.074204 0.500000 0.048893
0.428481
0.142495 1.000000 0.398679 0.624758 0.000162 0.000193 0.138387 0.193694 0.035355 0.064338 0.416667 0.025193
0.285360
0.285056 0.333333 0.398780 0.624870 0.000314 0.000435 0.422065 0.652065 0.103025 0.074360 0.500000 0.048589
0.428481
0.654303 0.333333 0.989089 0.999999 0.999935 0.997112 0.999776 0.913073 0.193192 0.404685 0.166667 0.295641
0.572734
0.285057 0.333333 0.398779 0.624873 0.000314 0.000413 0.422440 0.652253 0.101210 0.074225 0.500000 0.048041
0.428481
0.330115 1.000000 0.998563 0.999730 0.997962 0.995908 0.957982 0.848614 0.081743 0.355776 0.083333 0.201297
0.654183
0.654593 0.333333 0.989555 0.999999 0.999944 0.996882 0.999623 0.913615 0.196481 0.410035 0.166667 0.307946
0.572734
0.325717 1.000000 0.725164 0.727550 0.748889 0.748243 0.561053 0.491796 0.018491 0.114201 0.083333 0.063938
0.654183
0.142495 1.000000 0.398677 0.624756 0.000158 0.000215 0.137566 0.192193 0.036036 0.062885 0.416667 0.024621
0.285360
0.654727 0.333333 0.989768 0.999998 0.999934 0.997550 0.999842 0.914258 0.197575 0.408168 0.416667 0.302989
0.572734
0.285058 0.333333 0.398783 0.624873 0.000316 0.000420 0.422475 0.651763 0.098827 0.074166 0.500000 0.045848
0.428481
0.142493 1.000000 0.398677 0.624756 0.000159 0.000196 0.137855 0.192221 0.035145 0.062275 0.416667 0.024959
0.285360
0.142496 1.000000 0.398682 0.624757 0.000164 0.000213 0.138890 0.194249 0.035071 0.062818 0.416667 0.025309
0.285360
0.330168 1.000000 0.998734 0.999730 0.997973 0.996554 0.958332 0.848784 0.081594 0.353287 0.166667 0.199408
0.654183
0.285060 0.333333 0.398785 0.624871 0.000320 0.000468 0.422347 0.652223 0.101805 0.074162 0.500000 0.048181
0.428481
0.330236 1.000000 0.998950 0.999731 0.997942 0.996165 0.958487 0.848943 0.081526 0.355706 0.333333 0.204236
0.654183
0.285060 0.333333 0.398786 0.624873 0.000321 0.000415 0.422042 0.650842 0.099147 0.074305 0.500000 0.047785
0.428481
0.330249 1.000000 0.998995 0.999730 0.997960 0.994570 0.958356 0.848742 0.081660 0.354805 0.166667 0.201892
0.654183
0.654466 0.333333 0.989351 0.999998 0.999961 0.996444 0.999610 0.913464 0.195332 0.407123 0.083333 0.297076
0.572734
0.330249 1.000000 0.998990 0.999731 0.997957 0.995139 0.958478 0.848903 0.081429 0.355668 0.250000 0.197588
0.654183
0.655130 0.333333 0.990416 0.999999 0.999960 0.997139 0.998695 0.918273 0.220931 0.420055 0.250000 0.317452
0.572734
0.285054 0.333333 0.398777 0.624872 0.000311 0.000440 0.418662 0.643945 0.099203 0.073691 0.500000 0.046665
0.428481
0.285058 0.333333 0.398782 0.624871 0.000316 0.000402 0.422094 0.651942 0.102632 0.074145 0.500000 0.047411
0.428481
0.142494 1.000000 0.398677 0.624758 0.000160 0.000202 0.138630 0.193958 0.035123 0.063236 0.416667 0.024878
0.285360
0.330210 1.000000 0.998868 0.999730 0.997942 0.998002 0.958408 0.848966 0.081514 0.356251 0.083333 0.196632
0.654183
0.330214 1.000000 0.998879 0.999730 0.997980 0.995937 0.958511 0.848908 0.081098 0.354657 0.083333 0.198486
0.654183
0.142494 1.000000 0.398677 0.624757 0.000160 0.000215 0.138272 0.193905 0.036236 0.064788 0.416667 0.025566
0.285360
0.330217 1.000000 0.998889 0.999730 0.997973 0.996636 0.958218 0.848648 0.081879 0.354218 0.166667 0.197646
0.654183
0.655054 0.333333 0.990289 0.999999 0.999963 0.997805 0.998797 0.917366 0.215037 0.419208 0.250000 0.300027
0.572734
0.142494 1.000000 0.398677 0.624758 0.000161 0.000207 0.138182 0.193478 0.035605 0.064969 0.416667 0.025099
0.285360
0.142493 1.000000 0.398675 0.624756 0.000159 0.000198 0.139007 0.194913 0.036165 0.062719 0.416667 0.024866
0.285360
0.285058 0.333333 0.398781 0.624871 0.000316 0.000437 0.422193 0.651279 0.099051 0.074140 0.500000 0.047925
0.428481
0.330210 1.000000 0.998865 0.999731 0.997959 0.996216 0.958411 0.848862 0.081313 0.355193 0.250000 0.201064
0.654183
0.330167 1.000000 0.998730 0.999730 0.997980 0.995972 0.958409 0.848900 0.081682 0.354589 0.166667 0.201040
0.654183
0.142494 1.000000 0.398677 0.624758 0.000162 0.000209 0.138195 0.193015 0.035084 0.063111 0.416667 0.024668
0.285360
0.654544 0.333333 0.989477 0.999997 0.999920 0.997607 0.999737 0.913645 0.195539 0.408574 0.250000 0.310477
0.572734
0.654592 0.333333 0.989551 0.999999 0.999920 0.997510 0.999788 0.913917 0.195872 0.406703 0.250000 0.296365
0.572734
0.285058 0.333333 0.398782 0.624872 0.000316 0.000418 0.419034 0.644301 0.097765 0.074115 0.500000 0.047785
0.428481
0.330207 1.000000 0.998854 0.999731 0.997951 0.996159 0.958377 0.848822 0.081226 0.354577 0.166667 0.198031
0.654183
0.142495 1.000000 0.398679 0.624758 0.000161 0.000270 0.139293 0.194963 0.034979 0.062478 0.416667 0.025029
0.285360
0.285055 0.333333 0.398777 0.624871 0.000313 0.000424 0.422190 0.651871 0.100979 0.074375 0.500000 0.046642
0.428481
0.654301 0.333333 0.989088 0.999998 0.999925 0.999341 0.999747 0.912819 0.192857 0.404778 0.333333 0.301858
0.572734
0.285058 0.333333 0.398782 0.624870 0.000313 0.000464 0.418529 0.643788 0.099257 0.074115 0.500000 0.047831
0.428481
0.285059 0.333333 0.398784 0.624873 0.000317 0.000400 0.422610 0.651679 0.097573 0.074770 0.500000 0.046677
0.428481
0.330184 1.000000 0.998787 0.999730 0.997946 0.996084 0.958515 0.848942 0.081338 0.354602 0.166667 0.199081
0.654183
0.654512 0.333333 0.989423 0.999997 0.999897 0.997097 0.999872 0.913605 0.194938 0.405614 0.083333 0.292364
0.572734
0.330188 1.000000 0.998797 0.999730 0.997962 0.996414 0.958518 0.848922 0.081161 0.354085 0.083333 0.201414
0.654183
0.330323 1.000000 0.999229 0.999731 0.997962 0.995930 0.957829 0.848556 0.081906 0.356310 0.083333 0.198626
0.654183
0.285058 0.333333 0.398782 0.624871 0.000316 0.000453 0.422383 0.652254 0.100878 0.074744 0.583333 0.046980
0.428481
0.330224 1.000000 0.998909 0.999730 0.997950 0.997578 0.958430 0.848945 0.081610 0.355094 0.000000 0.198334
0.654183
0.142495 1.000000 0.398682 0.624758 0.000163 0.000198 0.137794 0.192765 0.035809 0.064762 0.416667 0.025566
0.285360
0.285056 0.333333 0.398779 0.624871 0.000317 0.000424 0.422378 0.652088 0.101148 0.073944 0.500000 0.047645
0.428481
0.330212 1.000000 0.998875 0.999731 0.997952 0.996242 0.958266 0.848769 0.082109 0.354340 0.083333 0.199606
0.654183
0.142494 1.000000 0.398680 0.624758 0.000160 0.000211 0.137593 0.192000 0.035695 0.062341 0.416667 0.024878
0.285360
0.142494 1.000000 0.398678 0.624757 0.000159 0.000233 0.137238 0.191774 0.035700 0.064460 0.416667 0.024785
0.285360
0.285054 0.333333 0.398776 0.624870 0.000312 0.000433 0.422059 0.651686 0.101710 0.074124 0.500000 0.047738
0.428481
0.655132 0.333333 0.990416 1.000000 0.999987 0.997181 0.998976 0.918510 0.220669 0.419162 0.083333 0.315469
0.572734
0.285058 0.333333 0.398782 0.624872 0.000315 0.000448 0.418714 0.643276 0.096462 0.073775 0.416667 0.045813
0.428481
0.330228 1.000000 0.998925 0.999731 0.997963 0.995469 0.958543 0.848758 0.081767 0.354313 0.333333 0.202837
0.654183
0.285056 0.333333 0.398780 0.624872 0.000316 0.000437 0.422441 0.651726 0.099563 0.073931 0.500000 0.045440
0.428481
0.330172 1.000000 0.998747 0.999731 0.997968 0.996772 0.958430 0.848908 0.081190 0.354613 0.166667 0.200317
0.654183
0.142495 1.000000 0.398680 0.624757 0.000162 0.000235 0.138438 0.193506 0.034374 0.064699 0.416667 0.025811
0.285360
0.285058 0.333333 0.398782 0.624870 0.000318 0.000433 0.422453 0.651875 0.099357 0.074273 0.500000 0.047586
0.428481
0.142496 1.000000 0.398681 0.624757 0.000163 0.000207 0.137789 0.192594 0.036492 0.061321 0.416667 0.025204
0.285360
0.285056 0.333333 0.398779 0.624873 0.000315 0.000470 0.422206 0.651785 0.100955 0.073807 0.500000 0.047400
0.428481
0.330147 1.000000 0.998664 0.999730 0.997963 0.996135 0.958520 0.848603 0.080947 0.352864 0.083333 0.207758
0.654183
0.330259 1.000000 0.999022 0.999730 0.997990 0.995981 0.958364 0.848848 0.081635 0.354815 0.250000 0.197040
0.654183
0.142494 1.000000 0.398676 0.624758 0.000160 0.000198 0.137534 0.192095 0.035855 0.063728 0.416667 0.025974
0.285360
0.654339 0.333333 0.989148 0.999999 0.999910 0.997095 0.999863 0.913016 0.192972 0.404377 0.250000 0.293204
0.572734
0.655066 0.333333 0.990313 0.999999 0.999974 0.999139 0.999069 0.918679 0.220096 0.419890 0.083333 0.299934
0.572734
0.654536 0.333333 0.989462 0.999999 0.999959 0.996488 0.999481 0.913534 0.195653 0.409701 0.333333 0.301112
0.572734
0.285058 0.333333 0.398784 0.624870 0.000319 0.000418 0.421967 0.651910 0.103491 0.074271 0.416667 0.047003
0.428481
0.330213 1.000000 0.998876 0.999730 0.997956 0.996433 0.958462 0.848933 0.081559 0.355537 0.083333 0.201040
0.654183
0.654481 0.333333 0.989375 0.999997 0.999900 0.996378 0.999738 0.913367 0.195058 0.405865 0.333333 0.295210
0.572734
0.142495 1.000000 0.398679 0.624758 0.000161 0.000198 0.138599 0.194211 0.035676 0.064368 0.416667 0.024971
0.285360
0.655081 0.333333 0.990335 1.000000 0.999952 0.996899 0.998843 0.918206 0.220067 0.419227 0.166667 0.318187
0.572734
0.330170 1.000000 0.998739 0.999730 0.997944 0.995882 0.958432 0.848654 0.080789 0.354254 0.083333 0.202218
0.654183
0.654563 0.333333 0.989506 0.999997 0.999916 0.996372 0.999433 0.913485 0.195378 0.409545 0.250000 0.300948
0.572734
0.330217 1.000000 0.998891 0.999730 0.997957 0.995708 0.958594 0.848967 0.081170 0.354182 0.250000 0.203081
0.654183
0.330148 1.000000 0.998669 0.999730 0.997965 0.996205 0.958388 0.848825 0.081313 0.353616 0.000000 0.203781
0.654183
0.330166 1.000000 0.998728 0.999731 0.997969 0.996124 0.958202 0.848467 0.081575 0.355085 0.083333 0.202965
0.654183
0.285054 0.333333 0.398776 0.624870 0.000310 0.000444 0.422328 0.652045 0.100837 0.074290 0.500000 0.048473
0.428481
0.654339 0.333333 0.989149 0.999997 0.999950 0.996965 0.999741 0.912941 0.193186 0.405236 0.166667 0.296773
0.572734
0.330217 1.000000 0.998888 0.999731 0.997973 0.994875 0.958382 0.848930 0.081961 0.355508 0.166667 0.200002
0.654183
0.285058 0.333333 0.398782 0.624872 0.000316 0.000448 0.418423 0.643287 0.097999 0.074299 0.416667 0.046455
0.428481
0.654708 0.333333 0.989738 0.999997 0.999914 0.997172 0.999680 0.914045 0.197210 0.408916 0.250000 0.304237
0.572734
0.330251 1.000000 0.998997 0.999731 0.997982 0.996651 0.958302 0.848835 0.081453 0.355717 0.083333 0.196772
0.654183
0.654364 0.333333 0.989188 0.999999 0.999951 0.998163 0.999620 0.912955 0.193829 0.406479 0.250000 0.301683
0.572734
0.142495 1.000000 0.398677 0.624756 0.000163 0.000211 0.149212 0.216140 0.037414 0.070788 0.500000 0.026161
0.285360
0.654743 0.333333 0.989792 0.999999 0.999926 1.000000 0.999642 0.914103 0.197365 0.408966 0.166667 0.302873
0.572734
0.142494 1.000000 0.398673 0.624757 0.000157 0.000231 0.138888 0.194254 0.034981 0.063192 0.416667 0.025064
0.285360
0.654501 0.333333 0.989407 0.999999 0.999917 0.996616 1.000000 0.913532 0.194633 0.405975 0.500000 0.303036
0.572734
0.654695 0.333333 0.989715 0.999998 0.999938 0.996934 0.999534 0.913953 0.197593 0.410463 0.250000 0.306535
0.572734
0.655084 0.333333 0.990338 0.999999 0.999963 0.996774 0.998811 0.918182 0.219355 0.419419 0.166667 0.326666
0.572734
0.285058 0.333333 0.398781 0.624871 0.000315 0.000453 0.419062 0.644137 0.098298 0.074183 0.500000 0.048543
0.428481
0.142494 1.000000 0.398680 0.624757 0.000163 0.000202 0.138336 0.193137 0.034848 0.063257 0.416667 0.025041
0.285360
0.142493 1.000000 0.398673 0.624757 0.000160 0.000222 0.137359 0.191239 0.034919 0.061733 0.416667 0.024855
0.285360
0.654571 0.333333 0.989517 0.999997 0.999956 0.996748 0.999627 0.913745 0.196219 0.409009 0.416667 0.303934
0.572734
0.654357 0.333333 0.989178 0.999998 0.999933 0.996216 0.999661 0.912928 0.193860 0.406180 0.166667 0.301112
0.572734
0.654627 0.333333 0.989608 0.999999 0.999949 0.997275 0.999510 0.913738 0.197318 0.409070 0.250000 0.309136
0.572734
0.142494 1.000000 0.398676 0.624756 0.000160 0.000213 0.139044 0.194392 0.034909 0.062419 0.416667 0.025018
0.285360
0.142495 1.000000 0.398676 0.624758 0.000162 0.000231 0.150716 0.218816 0.037038 0.070551 0.500000 0.025496
0.285360
0.142495 1.000000 0.398678 0.624756 0.000158 0.000213 0.137654 0.192367 0.035388 0.063911 0.416667 0.024551
0.285360
0.655122 0.333333 0.990399 0.999998 0.999972 0.998840 0.998897 0.918602 0.220290 0.420454 0.333333 0.308168
0.572734
0.285056 0.333333 0.398780 0.624870 0.000313 0.000404 0.422293 0.651305 0.098559 0.074119 0.500000 0.046455
0.428481
0.654519 0.333333 0.989435 0.999997 0.999950 0.996875 0.999795 0.913414 0.195337 0.405365 0.416667 0.295292
0.572734
0.654679 0.333333 0.989692 0.999999 0.999925 0.996545 0.999707 0.914003 0.196793 0.409843 0.250000 0.307456
0.572734
0.654786 0.333333 0.989862 0.999998 0.999938 0.996794 0.999557 0.914334 0.197370 0.409190 0.166667 0.303164
0.572734
0.142494 1.000000 0.398674 0.624756 0.000159 0.000218 0.138746 0.194339 0.035706 0.063160 0.416667 0.025508
0.285360
0.285058 0.333333 0.398783 0.624873 0.000323 0.000442 0.421732 0.650825 0.101032 0.074130 0.416667 0.046817
0.428481
0.654342 0.333333 0.989153 0.999999 0.999920 0.996644 0.999568 0.913029 0.193973 0.408553 0.250000 0.295338
0.572734
0.142496 1.000000 0.398682 0.624757 0.000164 0.000229 0.137660 0.192367 0.035218 0.064399 0.416667 0.025659
0.285360
0.330240 1.000000 0.998963 0.999730 0.997978 0.996031 0.958150 0.848728 0.081889 0.354773 0.083333 0.195745
0.654183
0.654511 0.333333 0.989423 0.999997 0.999886 0.998040 0.999769 0.913662 0.195334 0.405882 0.083333 0.296003
0.572734
0.200976 1.000000 0.398713 0.624804 0.000219 0.000325 0.201010 0.283107 0.047400 0.073412 0.583333 0.033100
0.285360
0.285054 0.333333 0.398775 0.624870 0.000314 0.000450 0.418498 0.643733 0.099358 0.073805 0.500000 0.045592
0.428481
0.654732 0.333333 0.989776 0.999999 0.999938 0.996367 0.999519 0.914097 0.197619 0.408836 0.250000 0.298242
0.572734
0.654573 0.333333 0.989522 0.999999 0.999931 0.996148 0.999434 0.913551 0.196544 0.409213 0.250000 0.303001
0.572734
0.285058 0.333333 0.398780 0.624871 0.000316 0.000400 0.422447 0.651637 0.099428 0.074041 0.416667 0.046898
0.428481
0.142494 1.000000 0.398676 0.624757 0.000159 0.000196 0.136896 0.190685 0.035024 0.063453 0.416667 0.025718
0.285360
0.285056 0.333333 0.398780 0.624870 0.000315 0.000396 0.422313 0.651753 0.100417 0.074242 0.500000 0.046677
0.428481
0.285061 0.333333 0.398788 0.624872 0.000321 0.000420 0.422311 0.651533 0.099465 0.074316 0.500000 0.046035
0.428481
0.330176 1.000000 0.998759 0.999730 0.997962 0.996400 0.958549 0.848876 0.081091 0.353555 0.166667 0.202673
0.654183
0.330237 1.000000 0.998954 0.999730 0.997971 0.996330 0.958549 0.848930 0.081835 0.354190 0.166667 0.204493
0.654183
0.655084 0.333333 0.990339 1.000000 0.999946 0.996915 0.998694 0.918296 0.219949 0.419271 0.083333 0.309567
0.572734
0.142495 1.000000 0.398677 0.624756 0.000158 0.000233 0.137327 0.191902 0.035591 0.063985 0.416667 0.025006
0.285360
0.285058 0.333333 0.398782 0.624871 0.000314 0.000479 0.419584 0.646220 0.099544 0.074128 0.500000 0.045813
0.428481
0.285054 0.333333 0.398777 0.624870 0.000312 0.000459 0.421813 0.650932 0.100815 0.074067 0.416667 0.046642
0.428481
0.330266 1.000000 0.999047 0.999731 0.997961 0.996051 0.958142 0.848778 0.082117 0.356880 0.416667 0.199536
0.654183
0.285061 0.333333 0.398787 0.624871 0.000319 0.000378 0.422818 0.652519 0.099605 0.074155 0.500000 0.047353
0.428481
0.285059 0.333333 0.398784 0.624871 0.000318 0.000429 0.422077 0.650935 0.098998 0.074269 0.416667 0.046735
0.428481
0.285055 0.333333 0.398778 0.624872 0.000312 0.000407 0.422193 0.652119 0.102248 0.073934 0.500000 0.047633
0.428481
0.142494 1.000000 0.398678 0.624758 0.000161 0.000251 0.139704 0.196110 0.035644 0.063707 0.416667 0.025589
0.285360
0.142494 1.000000 0.398677 0.624758 0.000161 0.000191 0.138387 0.193425 0.035548 0.061585 0.416667 0.024855
0.285360
0.654675 0.333333 0.989685 0.999999 0.999969 0.999448 0.999683 0.913961 0.197818 0.409454 0.583333 0.306792
0.572734
0.142496 1.000000 0.398681 0.624758 0.000163 0.000207 0.137744 0.192667 0.035517 0.064311 0.416667 0.025578
0.285360
