603 12 1
0.249384 0.333333 0.000705 0.998572 0.000414 0.000531 0.420340 0.676467 0.283311 0.016104 0.200000 0.035846
0.374179
0.249389 0.333333 0.000758 0.998581 0.000416 0.000536 0.419770 0.676490 0.285751 0.018412 0.320000 0.037984
0.374179
0.166975 1.000000 0.988445 0.011178 0.990615 0.994226 0.684992 0.048222 0.008234 0.057622 0.000000 0.104700
0.331507
0.124662 1.000000 0.000042 0.997337 0.000049 0.000171 0.026925 0.044009 0.043437 0.002741 0.280000 0.004121
0.249935
0.167010 1.000000 0.989255 0.011183 0.990588 0.992425 0.684002 0.048025 0.009751 0.061889 0.000000 0.099823
0.331507
0.331480 0.333333 0.959574 0.012841 0.992716 0.994463 0.932077 0.285441 0.306658 0.201449 0.000000 0.202370
0.500814
0.167035 1.000000 0.989838 0.011183 0.990643 0.993501 0.684223 0.048132 0.009412 0.060485 0.000000 0.099267
0.331507
0.331418 0.333333 0.958856 0.012841 0.992640 0.993848 0.932153 0.285508 0.307272 0.196316 0.000000 0.196681
0.500814
0.166998 1.000000 0.988990 0.011183 0.990586 0.994063 0.684638 0.048047 0.009969 0.057883 0.000000 0.107109
0.331507
0.167028 1.000000 0.989666 0.011178 0.990598 0.992184 0.684719 0.047922 0.008681 0.057650 0.000000 0.100137
0.331507
0.331469 0.333333 0.959460 0.012846 0.992797 0.993475 0.933331 0.286223 0.304175 0.196677 0.000000 0.191248
0.500814
0.124665 1.000000 0.000105 0.997362 0.000058 0.000220 0.065440 0.110831 0.056887 0.004134 0.240000 0.007272
0.249935
0.331543 0.333333 0.960311 0.012846 0.992713 0.995464 0.931455 0.287863 0.321675 0.214107 0.000000 0.202598
0.500814
0.331504 0.333333 0.959863 0.012846 0.992729 0.994235 0.932969 0.285630 0.302493 0.199002 0.000000 0.196510
0.500814
0.249384 0.333333 0.000703 0.998568 0.000387 0.000518 0.420282 0.676114 0.282982 0.015554 0.320000 0.040180
0.374179
0.331487 0.333333 0.959670 0.012846 0.992741 0.994999 0.931931 0.285455 0.306219 0.199724 0.040000 0.201757
0.500814
0.249389 0.333333 0.000760 0.998585 0.000423 0.000580 0.420414 0.676114 0.281221 0.015526 0.280000 0.034805
0.374179
0.249381 0.333333 0.000668 0.998585 0.000330 0.000413 0.420345 0.676067 0.283246 0.013579 0.280000 0.037528
0.374179
0.166972 1.000000 0.988368 0.011183 0.990614 0.994318 0.684991 0.048198 0.008870 0.056945 0.080000 0.102547
0.331507
0.167000 1.000000 0.989018 0.011183 0.990618 0.993093 0.684854 0.048422 0.009501 0.060496 0.000000 0.098012
0.331507
0.249383 0.333333 0.000693 0.998568 0.000362 0.000426 0.419791 0.675153 0.280383 0.016348 0.240000 0.040266
0.374179
0.331514 0.333333 0.959983 0.012841 0.992801 0.994169 0.932140 0.285010 0.303340 0.201022 0.000000 0.204480
0.500814
0.331495 0.333333 0.959762 0.012841 0.992840 0.994186 0.933480 0.286161 0.302349 0.195873 0.000000 0.188297
0.500814
0.166985 1.000000 0.988671 0.011178 0.990619 0.993571 0.684859 0.048172 0.008505 0.058588 0.040000 0.107822
0.331507
0.249388 0.333333 0.000747 0.998572 0.000427 0.000584 0.411358 0.659024 0.275237 0.015904 0.360000 0.041392
0.374179
0.166967 1.000000 0.988264 0.011187 0.990599 0.993453 0.684136 0.047891 0.007675 0.062788 0.000000 0.099652
0.331507
0.124661 1.000000 0.000042 0.997337 0.000054 0.000145 0.064300 0.108990 0.057393 0.004256 0.320000 0.005846
0.249935
0.124663 1.000000 0.000096 0.997337 0.000047 0.000149 0.027339 0.044424 0.041959 0.003407 0.240000 0.001383
0.249935
0.166963 1.000000 0.988170 0.011187 0.990621 0.992662 0.684178 0.047919 0.008366 0.057494 0.000000 0.098198
0.331507
0.331471 0.333333 0.959476 0.012846 0.992726 0.993962 0.932377 0.285450 0.307152 0.199962 0.000000 0.203125
0.500814
0.331487 0.333333 0.959653 0.012841 0.992740 0.995315 0.932362 0.285590 0.305780 0.201943 0.000000 0.202983
0.500814
0.249388 0.333333 0.000745 0.998585 0.000424 0.000527 0.420202 0.677173 0.287231 0.016708 0.360000 0.037485
0.374179
0.331500 0.333333 0.959816 0.012846 0.992743 0.994362 0.932358 0.285619 0.304336 0.201089 0.000000 0.199518
0.500814
0.124663 1.000000 0.000083 0.997340 0.000026 0.000057 0.026876 0.043941 0.046059 0.002930 0.320000 0.009624
0.249935
0.331572 0.333333 0.960654 0.012841 0.992810 0.994748 0.931649 0.287603 0.321318 0.207415 0.000000 0.208501
0.500814
0.249388 0.333333 0.000750 0.998585 0.000433 0.000518 0.421019 0.676952 0.280263 0.016692 0.320000 0.039838
0.374179
0.331551 0.333333 0.960410 0.012846 0.992813 0.994129 0.931555 0.287952 0.321018 0.211271 0.080000 0.192032
0.500814
0.331521 0.333333 0.960056 0.012846 0.992767 0.994393 0.932285 0.285767 0.304247 0.200090 0.000000 0.198591
0.500814
0.124662 1.000000 0.000052 0.997354 0.000050 0.000119 0.027562 0.044854 0.045143 0.002342 0.320000 0.013717
0.249935
0.124662 1.000000 0.000052 0.997337 0.000055 0.000105 0.030388 0.049260 0.042410 0.003879 0.280000 0.000356
0.249935
0.124663 1.000000 0.000081 0.997340 0.000042 0.000079 0.027812 0.045598 0.046731 0.003751 0.320000 0.008541
0.249935
0.331519 0.333333 0.960032 0.012850 0.992695 0.995069 0.932290 0.285433 0.306459 0.202287 0.040000 0.209342
0.500814
0.124662 1.000000 0.000047 0.997383 0.000051 0.000171 0.028206 0.044818 0.040510 0.002053 0.280000 0.003322
0.249935
0.124664 1.000000 0.000107 0.997367 0.000056 0.000141 0.027213 0.042935 0.040258 0.002447 0.320000 0.001426
0.249935
0.167020 1.000000 0.989498 0.011178 0.990628 0.993031 0.684719 0.048437 0.010154 0.060668 0.040000 0.098683
0.331507
0.249387 0.333333 0.000738 0.998585 0.000419 0.000527 0.420581 0.676964 0.281770 0.017025 0.240000 0.036316
0.374179
0.166965 1.000000 0.988208 0.011187 0.990582 0.992443 0.684768 0.048259 0.009650 0.058083 0.000000 0.100508
0.331507
0.166970 1.000000 0.988320 0.011183 0.990627 0.994182 0.684841 0.047968 0.008018 0.057039 0.040000 0.102846
0.331507
0.167031 1.000000 0.989749 0.011187 0.990595 0.992755 0.684928 0.048155 0.008873 0.059681 0.000000 0.103088
0.331507
0.249386 0.333333 0.000730 0.998585 0.000420 0.000531 0.419676 0.676478 0.286132 0.017746 0.320000 0.043930
0.374179
0.124663 1.000000 0.000071 0.997340 0.000042 0.000110 0.028788 0.046505 0.044063 0.001576 0.440000 0.007942
0.249935
0.331489 0.333333 0.959689 0.012841 0.992694 0.994274 0.932987 0.286089 0.304384 0.194852 0.040000 0.195583
0.500814
0.249380 0.333333 0.000656 0.998585 0.000351 0.000443 0.420540 0.675333 0.277999 0.014272 0.280000 0.037300
0.374179
0.124663 1.000000 0.000073 0.997340 0.000037 0.000105 0.027127 0.044540 0.046213 0.001726 0.320000 0.003907
0.249935
0.249388 0.333333 0.000749 0.998585 0.000432 0.000584 0.420652 0.677299 0.284872 0.017274 0.320000 0.038498
0.374179
0.166999 1.000000 0.989000 0.011187 0.990557 0.993383 0.683950 0.047625 0.008604 0.063765 0.040000 0.097884
0.331507
0.124663 1.000000 0.000079 0.997341 0.000052 0.000158 0.029403 0.047240 0.044884 0.000849 0.320000 0.007913
0.249935
0.249387 0.333333 0.000736 0.998585 0.000429 0.000531 0.411180 0.658630 0.273857 0.016758 0.320000 0.044130
0.374179
0.124662 1.000000 0.000071 0.997340 0.000009 0.000075 0.027908 0.045824 0.047367 0.001482 0.280000 0.008241
0.249935
0.124662 1.000000 0.000043 0.997345 0.000049 0.000141 0.027400 0.044851 0.044099 0.003951 0.280000 0.005675
0.249935
0.124664 1.000000 0.000093 0.997354 0.000048 0.000132 0.030408 0.049501 0.045584 0.002758 0.320000 0.005732
0.249935
0.331538 0.333333 0.960255 0.012850 0.992836 0.994006 0.931635 0.287857 0.321800 0.212209 0.040000 0.203824
0.500814
0.331519 0.333333 0.960035 0.012846 0.992802 0.994674 0.932726 0.286172 0.306056 0.205750 0.000000 0.201258
0.500814
0.166966 1.000000 0.988245 0.011178 0.990640 0.992162 0.685008 0.048132 0.007776 0.055802 0.000000 0.103944
0.331507
0.331521 0.333333 0.960055 0.012846 0.992813 0.994968 0.933403 0.285755 0.302555 0.196605 0.000000 0.199589
0.500814
0.167051 1.000000 0.990212 0.011187 0.990640 0.994090 0.683865 0.047829 0.009650 0.064442 0.040000 0.106396
0.331507
0.124663 1.000000 0.000063 0.997340 0.000003 0.000031 0.026012 0.042533 0.045323 0.003901 0.280000 0.000000
0.249935
0.124663 1.000000 0.000084 0.997340 0.000047 0.000088 0.030069 0.048986 0.046258 0.002397 0.240000 0.006630
0.249935
0.124662 1.000000 0.000071 0.997341 0.000053 0.000149 0.028358 0.046239 0.045802 0.002880 0.360000 0.002139
0.249935
0.167064 1.000000 0.990503 0.011178 0.990570 0.993330 0.681949 0.049981 0.001284 0.049321 0.000000 0.095061
0.331507
0.124665 1.000000 0.000124 0.997340 0.000011 0.000000 0.030497 0.049251 0.043909 0.002458 0.360000 0.001868
0.249935
0.249388 0.333333 0.000745 0.998585 0.000418 0.000487 0.420875 0.676492 0.279421 0.014583 0.240000 0.036587
0.374179
0.166979 1.000000 0.988520 0.011187 0.990569 0.994230 0.684889 0.048456 0.009724 0.058216 0.040000 0.096872
0.331507
0.249387 0.333333 0.000733 0.998585 0.000420 0.000544 0.420562 0.676435 0.280976 0.017186 0.320000 0.036929
0.374179
0.124665 1.000000 0.000146 0.997354 0.000061 0.000149 0.027907 0.045157 0.045198 0.002641 0.280000 0.012234
0.249935
0.249386 0.333333 0.000725 0.998581 0.000433 0.000571 0.420199 0.675746 0.281480 0.015382 0.320000 0.040123
0.374179
0.167048 1.000000 0.990151 0.011178 0.990616 0.992412 0.684839 0.048287 0.008784 0.059908 0.040000 0.099010
0.331507
0.331554 0.333333 0.960445 0.012846 0.992677 0.994177 0.931274 0.288239 0.323628 0.215483 0.000000 0.198606
0.500814
0.124662 1.000000 0.000039 0.997340 0.000007 0.000031 0.028334 0.046975 0.048384 0.005072 0.320000 0.001540
0.249935
0.331537 0.333333 0.960241 0.012841 0.992749 0.994937 0.931964 0.287663 0.318640 0.210383 0.040000 0.200744
0.500814
0.249386 0.333333 0.000730 0.998585 0.000414 0.000531 0.419765 0.676410 0.285971 0.018212 0.320000 0.037685
0.374179
0.166991 1.000000 0.988805 0.011187 0.990561 0.993295 0.684382 0.047937 0.008925 0.061173 0.000000 0.102176
0.331507
0.249380 0.333333 0.000656 0.998568 0.000325 0.000378 0.419874 0.675613 0.281530 0.016636 0.320000 0.037257
0.374179
0.331520 0.333333 0.960058 0.012841 0.992702 0.994524 0.932200 0.285652 0.306598 0.204268 0.000000 0.202127
0.500814
0.249386 0.333333 0.000721 0.998585 0.000386 0.000527 0.411628 0.659850 0.278114 0.016936 0.280000 0.048821
0.374179
0.249389 0.333333 0.000760 0.998585 0.000391 0.000483 0.420212 0.676836 0.285513 0.016215 0.360000 0.038084
0.374179
0.249378 0.333333 0.000631 0.998568 0.000346 0.000417 0.420169 0.676563 0.285026 0.015759 0.240000 0.038056
0.374179
0.331514 0.333333 0.959975 0.012846 0.992729 0.994006 0.932985 0.285904 0.303102 0.199463 0.000000 0.201842
0.500814
0.167029 1.000000 0.989707 0.011178 0.990604 0.993725 0.684386 0.047951 0.010091 0.058038 0.000000 0.102661
0.331507
0.166979 1.000000 0.988519 0.011178 0.990612 0.993124 0.684166 0.047783 0.009943 0.060696 0.000000 0.103302
0.331507
0.249381 0.333333 0.000670 0.998585 0.000333 0.000395 0.420426 0.676609 0.282502 0.017369 0.240000 0.036459
0.374179
0.167055 1.000000 0.990311 0.011178 0.990567 0.993027 0.681282 0.049769 0.001084 0.047478 0.000000 0.093279
0.331507
0.249380 0.333333 0.000659 0.998568 0.000340 0.000430 0.420706 0.675835 0.277502 0.015449 0.320000 0.037813
0.374179
0.249380 0.333333 0.000659 0.998572 0.000332 0.000391 0.420429 0.676010 0.279117 0.016908 0.280000 0.036587
0.374179
0.249386 0.333333 0.000728 0.998581 0.000420 0.000558 0.420721 0.677343 0.283116 0.016464 0.280000 0.035689
0.374179
0.331502 0.333333 0.959842 0.012850 0.992899 0.995420 0.932028 0.285432 0.306826 0.202742 0.000000 0.210055
0.500814
0.249381 0.333333 0.000669 0.998568 0.000365 0.000443 0.420014 0.675803 0.281597 0.016498 0.240000 0.039638
0.374179
0.249389 0.333333 0.000751 0.998585 0.000434 0.000523 0.419348 0.675947 0.287181 0.018423 0.320000 0.037357
0.374179
0.167011 1.000000 0.989272 0.011183 0.990595 0.994147 0.684090 0.047609 0.010058 0.063032 0.000000 0.107423
0.331507
0.249383 0.333333 0.000688 0.998577 0.000339 0.000378 0.420051 0.677010 0.288834 0.015149 0.280000 0.036687
0.374179
0.124664 1.000000 0.000093 0.997340 0.000009 0.000022 0.025317 0.040703 0.045738 0.002114 0.280000 0.009068
0.249935
0.124660 1.000000 0.000017 0.997354 0.000042 0.000114 0.029985 0.048811 0.044034 0.003302 0.280000 0.007614
0.249935
0.331493 0.333333 0.959735 0.012873 0.992772 0.994366 0.932456 0.285577 0.305674 0.200134 0.000000 0.209784
0.500814
0.249386 0.333333 0.000725 0.998585 0.000413 0.000549 0.411562 0.659511 0.273365 0.017713 0.280000 0.037500
0.374179
0.331537 0.333333 0.960250 0.012841 0.992704 0.993097 0.931747 0.284945 0.305792 0.206266 0.000000 0.203026
0.500814
0.249381 0.333333 0.000665 0.998568 0.000325 0.000430 0.411392 0.659763 0.273469 0.019378 0.280000 0.030613
0.374179
0.331514 0.333333 0.959979 0.012846 0.992826 0.994564 0.933170 0.285746 0.303841 0.199568 0.040000 0.201357
0.500814
0.124663 1.000000 0.000089 0.997354 0.000056 0.000149 0.030068 0.049352 0.046429 0.004556 0.280000 0.009396
0.249935
0.124665 1.000000 0.000128 0.997340 0.000050 0.000114 0.025198 0.038961 0.039768 0.004517 0.400000 0.006316
0.249935
0.249379 0.333333 0.000658 0.998585 0.000339 0.000369 0.418934 0.675685 0.289256 0.017530 0.240000 0.036844
0.374179
0.331440 0.333333 0.959115 0.012841 0.992706 0.995943 0.932846 0.285877 0.304825 0.197543 0.000000 0.195583
0.500814
0.124665 1.000000 0.000108 0.997340 0.000006 0.000013 0.028423 0.046513 0.045474 0.004933 0.280000 0.008512
0.249935
0.166986 1.000000 0.988689 0.011178 0.990575 0.993650 0.684798 0.048097 0.008546 0.056118 0.000000 0.103388
0.331507
0.167021 1.000000 0.989531 0.011187 0.990633 0.993528 0.684526 0.048237 0.010233 0.060485 0.000000 0.097528
0.331507
0.124662 1.000000 0.000051 0.997354 0.000052 0.000136 0.028812 0.047249 0.046263 0.002292 0.320000 0.006773
0.249935
0.249386 0.333333 0.000725 0.998585 0.000411 0.000505 0.419887 0.675953 0.284253 0.016364 0.280000 0.039453
0.374179
0.331513 0.333333 0.959966 0.012850 0.992708 0.993383 0.931488 0.287908 0.321507 0.215006 0.000000 0.204865
0.500814
0.167035 1.000000 0.989833 0.011183 0.990613 0.993536 0.684494 0.048022 0.008138 0.061989 0.000000 0.100522
0.331507
0.124663 1.000000 0.000055 0.997354 0.000008 0.000101 0.028720 0.046140 0.042388 0.002037 0.240000 0.003579
0.249935
0.331522 0.333333 0.960063 0.012850 0.992705 0.995117 0.933690 0.286357 0.302179 0.196339 0.000000 0.193301
0.500814
0.124662 1.000000 0.000073 0.997340 0.000058 0.000162 0.026854 0.044225 0.045927 0.004844 0.360000 0.008840
0.249935
0.249383 0.333333 0.000680 0.998705 0.000328 0.000430 0.419604 0.675702 0.284793 0.016387 0.240000 0.036630
0.374179
0.249388 0.333333 0.000751 0.998585 0.000389 0.000536 0.410497 0.659205 0.277946 0.018712 0.240000 0.035218
0.374179
0.249394 0.333333 0.000825 0.998572 0.000437 0.000527 0.420536 0.675753 0.278596 0.015776 0.320000 0.037785
0.374179
0.331587 0.333333 0.960825 0.012846 0.992805 0.994415 0.931445 0.287765 0.321121 0.213652 0.000000 0.199561
0.500814
0.331479 0.333333 0.959567 0.012846 0.992729 0.994366 0.933133 0.286027 0.303155 0.198703 0.000000 0.201201
0.500814
0.124662 1.000000 0.000062 0.997354 0.000016 0.000154 0.028394 0.046834 0.046714 0.003535 0.280000 0.009125
0.249935
0.331556 0.333333 0.960467 0.012846 0.992801 0.993936 0.931684 0.288141 0.322311 0.212470 0.000000 0.194513
0.500814
0.249389 0.333333 0.000767 0.998581 0.000428 0.000523 0.411189 0.659066 0.276955 0.015082 0.240000 0.050646
0.374179
0.331421 0.333333 0.958885 0.012850 0.992718 0.995161 0.933281 0.285897 0.304352 0.192654 0.040000 0.200459
0.500814
0.167032 1.000000 0.989780 0.011187 0.990587 0.993690 0.684412 0.048049 0.010447 0.059720 0.040000 0.101520
0.331507
0.249389 0.333333 0.000755 0.998585 0.000430 0.000597 0.410680 0.659194 0.277622 0.017219 0.280000 0.033621
0.374179
0.249383 0.333333 0.000687 0.998572 0.000328 0.000417 0.411734 0.659405 0.270933 0.017674 0.280000 0.045513
0.374179
0.331436 0.333333 0.959062 0.012841 0.992719 0.994955 0.933436 0.286427 0.304326 0.189613 0.040000 0.192916
0.500814
0.124662 1.000000 0.000058 0.997340 0.000042 0.000127 0.030967 0.050988 0.048053 0.004639 0.360000 0.001155
0.249935
0.124662 1.000000 0.000066 0.997340 0.000007 0.000079 0.025592 0.042265 0.047194 0.002591 0.360000 0.003037
0.249935
0.249387 0.333333 0.000733 0.998581 0.000420 0.000505 0.411698 0.659376 0.273188 0.016625 0.280000 0.042604
0.374179
0.124662 1.000000 0.000033 0.997340 0.000040 0.000070 0.026451 0.042957 0.043434 0.003024 0.360000 0.002752
0.249935
0.331466 0.333333 0.959413 0.012841 0.992723 0.994033 0.932967 0.285943 0.304127 0.195906 0.000000 0.197636
0.500814
0.249386 0.333333 0.000728 0.998581 0.000395 0.000443 0.420644 0.676723 0.282948 0.017036 0.200000 0.042020
0.374179
0.331510 0.333333 0.959927 0.012841 0.992783 0.994085 0.931093 0.287996 0.322402 0.215084 0.040000 0.199604
0.500814
0.167000 1.000000 0.989033 0.011183 0.990651 0.994612 0.684779 0.048018 0.009168 0.057938 0.000000 0.102119
0.331507
0.249381 0.333333 0.000668 0.998568 0.000333 0.000417 0.420377 0.677105 0.285633 0.017247 0.320000 0.036858
0.374179
0.124663 1.000000 0.000078 0.997341 0.000044 0.000189 0.028726 0.046356 0.044603 0.000993 0.360000 0.003864
0.249935
0.249386 0.333333 0.000722 0.998585 0.000410 0.000544 0.410566 0.658230 0.278498 0.015521 0.360000 0.043388
0.374179
0.331504 0.333333 0.959857 0.012850 0.992715 0.994002 0.932360 0.285387 0.304336 0.199285 0.000000 0.206262
0.500814
0.167009 1.000000 0.989222 0.011187 0.990590 0.993400 0.684648 0.048205 0.009919 0.059509 0.000000 0.099909
0.331507
0.166948 1.000000 0.987808 0.011187 0.990581 0.993018 0.684836 0.047956 0.007498 0.059231 0.040000 0.110189
0.331507
0.167020 1.000000 0.989481 0.011178 0.990623 0.994085 0.684384 0.047750 0.008892 0.059326 0.000000 0.100422
0.331507
0.249383 0.333333 0.000691 0.998568 0.000331 0.000448 0.411306 0.658478 0.273116 0.015393 0.400000 0.046981
0.374179
0.331512 0.333333 0.959958 0.012846 0.992784 0.994419 0.932986 0.286234 0.304592 0.203086 0.000000 0.197722
0.500814
0.167020 1.000000 0.989489 0.011178 0.990609 0.992851 0.684462 0.047903 0.008673 0.060630 0.000000 0.103202
0.331507
0.331545 0.333333 0.960335 0.012846 0.992793 0.993124 0.931445 0.288230 0.321406 0.215694 0.000000 0.196025
0.500814
0.167088 1.000000 0.991087 0.011191 0.990588 0.992882 0.683899 0.047881 0.009943 0.064825 0.000000 0.102447
0.331507
0.124664 1.000000 0.000109 0.997354 0.000056 0.000132 0.028106 0.045556 0.044008 0.003102 0.280000 0.004235
0.249935
0.167011 1.000000 0.989267 0.011178 0.990617 0.993049 0.684322 0.047822 0.009907 0.058782 0.000000 0.102917
0.331507
0.167057 1.000000 0.990360 0.011178 0.990627 0.993637 0.684413 0.048044 0.009914 0.060291 0.000000 0.103730
0.331507
0.249391 0.333333 0.000784 0.998585 0.000432 0.000487 0.420985 0.677706 0.284565 0.015604 0.200000 0.038198
0.374179
0.124664 1.000000 0.000094 0.997337 0.000058 0.000154 0.026865 0.042189 0.043298 0.001165 0.360000 0.007514
0.249935
0.331514 0.333333 0.959989 0.012846 0.992709 0.994015 0.932806 0.286105 0.304211 0.198997 0.040000 0.195412
0.500814
0.167022 1.000000 0.989545 0.011187 0.990582 0.993181 0.684807 0.048433 0.008899 0.059736 0.000000 0.099980
0.331507
0.249385 0.333333 0.000714 0.998585 0.000412 0.000514 0.411841 0.659397 0.273661 0.015832 0.320000 0.045641
0.374179
0.124661 1.000000 0.000026 0.997340 0.000001 0.000053 0.028234 0.045612 0.042506 0.002497 0.280000 0.006245
0.249935
0.249385 0.333333 0.000709 0.998585 0.000381 0.000544 0.411310 0.658785 0.270721 0.018423 0.320000 0.041036
0.374179
0.249390 0.333333 0.000773 0.998585 0.000428 0.000492 0.420704 0.677001 0.280760 0.019033 0.280000 0.035860
0.374179
0.124662 1.000000 0.000069 0.997340 0.000005 0.000031 0.031688 0.052217 0.047897 0.002519 0.320000 0.010565
0.249935
0.331534 0.333333 0.960211 0.012850 0.992815 0.995293 0.933069 0.285530 0.302646 0.198875 0.040000 0.207317
0.500814
0.124662 1.000000 0.000063 0.997337 0.000050 0.000162 0.027255 0.044873 0.044785 0.004384 0.320000 0.009140
0.249935
0.331463 0.333333 0.959378 0.012850 0.992752 0.995157 0.932154 0.285497 0.307913 0.196633 0.000000 0.208487
0.500814
0.166986 1.000000 0.988682 0.011178 0.990615 0.993396 0.684569 0.047967 0.008047 0.064769 0.000000 0.105013
0.331507
0.166983 1.000000 0.988620 0.011187 0.990564 0.992847 0.684740 0.048190 0.008976 0.058144 0.000000 0.105056
0.331507
0.331521 0.333333 0.960060 0.012846 0.992797 0.995850 0.932438 0.285336 0.305499 0.201727 0.000000 0.211866
0.500814
0.167004 1.000000 0.989109 0.011187 0.990583 0.992917 0.684789 0.048266 0.009868 0.059070 0.000000 0.105584
0.331507
0.124661 1.000000 0.000029 0.997345 0.000045 0.000149 0.025846 0.041393 0.043737 0.002369 0.320000 0.011050
0.249935
0.167053 1.000000 0.990279 0.011183 0.990604 0.993128 0.684527 0.048077 0.009304 0.061323 0.040000 0.099381
0.331507
0.332583 0.333333 0.001121 0.999400 0.000518 0.000632 0.516678 0.810446 0.597171 0.018789 0.160000 0.087076
0.374179
0.331537 0.333333 0.960235 0.012850 0.992713 0.992781 0.931560 0.288127 0.321066 0.215311 0.040000 0.195939
0.500814
0.249389 0.333333 0.000763 0.998585 0.000421 0.000443 0.420423 0.676971 0.284822 0.015893 0.320000 0.035104
0.374179
0.331470 0.333333 0.959463 0.012846 0.992813 0.994801 0.932231 0.285596 0.305542 0.200118 0.000000 0.202512
0.500814
0.331564 0.333333 0.960563 0.012841 0.992704 0.993501 0.932548 0.288355 0.319245 0.206066 0.040000 0.199532
0.500814
0.167006 1.000000 0.989151 0.011183 0.990631 0.992860 0.684083 0.047806 0.009230 0.063238 0.000000 0.099239
0.331507
0.167041 1.000000 0.989973 0.011187 0.990569 0.992504 0.683851 0.047644 0.009921 0.064647 0.080000 0.103530
0.331507
0.124664 1.000000 0.000103 0.997341 0.000051 0.000154 0.027330 0.044558 0.044214 0.005000 0.280000 0.007814
0.249935
0.124660 1.000000 0.000011 0.997340 0.000006 0.000035 0.030283 0.049926 0.047540 0.003307 0.240000 0.006388
0.249935
0.331510 0.333333 0.959921 0.012846 0.992798 0.994177 0.932332 0.285359 0.305098 0.202876 0.040000 0.199974
0.500814
0.124662 1.000000 0.000061 0.997340 0.000043 0.000119 0.027744 0.045259 0.044684 0.004267 0.320000 0.002324
0.249935
0.331493 0.333333 0.959731 0.012841 0.992676 0.993914 0.932053 0.285553 0.306193 0.201616 0.000000 0.200174
0.500814
0.166960 1.000000 0.988093 0.011187 0.990576 0.993523 0.684864 0.048323 0.008553 0.061462 0.000000 0.106325
0.331507
0.249384 0.333333 0.000713 0.998581 0.000418 0.000536 0.410759 0.658954 0.276521 0.018823 0.360000 0.047851
0.374179
0.331469 0.333333 0.959448 0.012841 0.992753 0.994379 0.933179 0.285953 0.303225 0.198292 0.000000 0.200031
0.500814
0.249387 0.333333 0.000745 0.998585 0.000427 0.000531 0.420366 0.677157 0.285669 0.016459 0.240000 0.038626
0.374179
0.331518 0.333333 0.960019 0.012841 0.992798 0.995148 0.932300 0.285677 0.305804 0.200245 0.000000 0.201600
0.500814
0.124662 1.000000 0.000051 0.997402 0.000055 0.000180 0.032994 0.053715 0.045152 0.001581 0.240000 0.012191
0.249935
0.124663 1.000000 0.000086 0.997340 0.000006 0.000009 0.027202 0.044205 0.044015 0.001648 0.240000 0.006816
0.249935
0.331597 0.333333 0.960950 0.012846 0.992705 0.994972 0.931363 0.287941 0.321745 0.211810 0.040000 0.197208
0.500814
0.124661 1.000000 0.000052 0.997341 0.000049 0.000193 0.027500 0.044756 0.045008 0.002525 0.280000 0.001526
0.249935
0.124663 1.000000 0.000076 0.997345 0.000052 0.000145 0.027359 0.044936 0.044720 0.002797 0.240000 0.008284
0.249935
0.166970 1.000000 0.988317 0.011187 0.990564 0.993409 0.684962 0.048139 0.007764 0.058554 0.000000 0.100950
0.331507
0.124665 1.000000 0.000105 0.997340 0.000006 0.000031 0.027412 0.044888 0.045728 0.002824 0.360000 0.001497
0.249935
0.124662 1.000000 0.000064 0.997337 0.000056 0.000176 0.027846 0.045979 0.046563 0.002863 0.280000 0.006958
0.249935
0.166989 1.000000 0.988770 0.011187 0.990591 0.993378 0.684832 0.048135 0.009472 0.057666 0.040000 0.099952
0.331507
0.167000 1.000000 0.989032 0.011187 0.990581 0.993365 0.684358 0.047925 0.008659 0.063116 0.000000 0.101848
0.331507
0.166967 1.000000 0.988249 0.011187 0.990631 0.992421 0.685015 0.048169 0.008230 0.056878 0.040000 0.102532
0.331507
0.249385 0.333333 0.000719 0.998568 0.000381 0.000549 0.411421 0.657966 0.269124 0.015954 0.320000 0.045812
0.374179
0.166952 1.000000 0.987891 0.011187 0.990616 0.992531 0.685320 0.048408 0.007056 0.057838 0.000000 0.104172
0.331507
0.331520 0.333333 0.960054 0.012850 0.992695 0.994230 0.932334 0.285601 0.304895 0.202654 0.040000 0.208201
0.500814
0.124665 1.000000 0.000106 0.997341 0.000056 0.000180 0.029129 0.047169 0.044396 0.001015 0.280000 0.001953
0.249935
0.167007 1.000000 0.989183 0.011187 0.990651 0.991991 0.683952 0.047568 0.009396 0.062822 0.040000 0.104158
0.331507
0.124664 1.000000 0.000101 0.997345 0.000060 0.000277 0.026782 0.043481 0.041815 0.004256 0.280000 0.002239
0.249935
0.166988 1.000000 0.988730 0.011178 0.990619 0.993484 0.684704 0.048166 0.009096 0.059048 0.000000 0.102119
0.331507
0.331502 0.333333 0.959835 0.012841 0.992751 0.994586 0.932839 0.285594 0.302354 0.199135 0.040000 0.193629
0.500814
0.167058 1.000000 0.990393 0.011178 0.990563 0.992509 0.680711 0.050058 0.000000 0.045714 0.040000 0.089201
0.331507
0.124661 1.000000 0.000052 0.997337 0.000048 0.000154 0.026735 0.044074 0.045658 0.004079 0.320000 0.006131
0.249935
0.331464 0.333333 0.959395 0.012841 0.992769 0.993093 0.933038 0.285935 0.304938 0.195656 0.000000 0.197422
0.500814
0.167021 1.000000 0.989509 0.011187 0.990596 0.993422 0.684968 0.048075 0.007061 0.059459 0.080000 0.107394
0.331507
0.331485 0.333333 0.959634 0.012850 0.992680 0.994463 0.932298 0.285841 0.307083 0.197421 0.040000 0.204038
0.500814
0.124664 1.000000 0.000089 0.997376 0.000061 0.000189 0.028413 0.046659 0.045584 0.002985 0.360000 0.008812
0.249935
0.249381 0.333333 0.000671 0.998568 0.000353 0.000426 0.419594 0.676278 0.288483 0.016725 0.240000 0.036387
0.374179
0.166967 1.000000 0.988247 0.011187 0.990615 0.993541 0.684766 0.048065 0.008719 0.059348 0.000000 0.102247
0.331507
0.124665 1.000000 0.000127 0.997340 0.000054 0.000136 0.028091 0.046251 0.047451 0.003823 0.360000 0.006573
0.249935
0.249388 0.333333 0.000750 0.998585 0.000433 0.000606 0.410843 0.660078 0.281823 0.018578 0.240000 0.034049
0.374179
0.331524 0.333333 0.960085 0.012850 0.992725 0.995442 0.932015 0.288078 0.319353 0.208857 0.000000 0.196338
0.500814
0.167058 1.000000 0.990377 0.011178 0.990641 0.993260 0.684429 0.048130 0.009532 0.063854 0.000000 0.103359
0.331507
0.124661 1.000000 0.000027 0.997350 0.000046 0.000145 0.028833 0.046850 0.043523 0.003773 0.280000 0.002638
0.249935
0.331504 0.333333 0.959853 0.012841 0.992794 0.993953 0.932420 0.285605 0.305118 0.201544 0.040000 0.204965
0.500814
0.249384 0.333333 0.000701 0.998585 0.000358 0.000448 0.410853 0.658461 0.272267 0.018639 0.280000 0.040808
0.374179
0.124664 1.000000 0.000099 0.997340 0.000006 0.000031 0.029968 0.048994 0.044334 0.002492 0.240000 0.004748
0.249935
0.167077 1.000000 0.990823 0.011178 0.990602 0.993892 0.683312 0.050259 0.001780 0.051662 0.000000 0.090726
0.331507
0.124661 1.000000 0.000033 0.997340 0.000005 0.000057 0.026900 0.044343 0.048257 0.003773 0.280000 0.009881
0.249935
0.249382 0.333333 0.000682 0.998585 0.000341 0.000321 0.418560 0.675303 0.289011 0.018828 0.280000 0.039011
0.374179
0.166982 1.000000 0.988585 0.011178 0.990586 0.993317 0.684917 0.048208 0.008326 0.057234 0.000000 0.096116
0.331507
0.331509 0.333333 0.959921 0.012841 0.992788 0.994221 0.932501 0.285644 0.304645 0.197953 0.000000 0.203496
0.500814
0.124664 1.000000 0.000102 0.997340 0.000003 0.000013 0.026964 0.043667 0.044624 0.001670 0.320000 0.010166
0.249935
0.249390 0.333333 0.000772 0.998585 0.000427 0.000553 0.420691 0.676862 0.282919 0.016248 0.280000 0.036259
0.374179
0.249377 0.333333 0.000614 0.998585 0.000324 0.000457 0.419575 0.675704 0.284865 0.015421 0.240000 0.034791
0.374179
0.124660 1.000000 0.000000 0.997340 0.000000 0.000018 0.029255 0.047257 0.042674 0.002364 0.360000 0.001754
0.249935
0.124664 1.000000 0.000105 0.997340 0.000042 0.000123 0.029438 0.047547 0.043854 0.002275 0.280000 0.001340
0.249935
0.249383 0.333333 0.000694 0.998585 0.000412 0.000624 0.411508 0.659311 0.271021 0.018412 0.320000 0.031696
0.374179
0.331527 0.333333 0.960136 0.012846 0.992777 0.994186 0.932248 0.285644 0.305698 0.202432 0.040000 0.204865
0.500814
0.249379 0.333333 0.000644 0.998572 0.000340 0.000487 0.412621 0.659317 0.266316 0.016914 0.320000 0.039981
0.374179
0.331549 0.333333 0.960386 0.012841 0.992832 0.993716 0.931297 0.287857 0.322484 0.214002 0.000000 0.196766
0.500814
0.249388 0.333333 0.000753 0.998585 0.000435 0.000536 0.418777 0.676233 0.293711 0.017058 0.320000 0.036644
0.374179
0.249382 0.333333 0.000673 0.998568 0.000336 0.000404 0.419147 0.674809 0.282862 0.017807 0.280000 0.037314
0.374179
0.331473 0.333333 0.959492 0.012841 0.992812 0.994090 0.932285 0.285600 0.306137 0.198353 0.000000 0.200730
0.500814
0.124661 1.000000 0.000038 0.997340 0.000004 0.000079 0.027251 0.044611 0.045721 0.002641 0.320000 0.008840
0.249935
0.166983 1.000000 0.988610 0.011183 0.990606 0.993031 0.684495 0.047825 0.009367 0.057711 0.080000 0.101548
0.331507
0.249387 0.333333 0.000739 0.998585 0.000422 0.000531 0.421072 0.677291 0.280705 0.016969 0.280000 0.036673
0.374179
0.249377 0.333333 0.000621 0.998572 0.000331 0.000452 0.419996 0.676014 0.280976 0.017724 0.360000 0.035347
0.374179
0.124665 1.000000 0.000123 0.997340 0.000045 0.000101 0.027612 0.044755 0.044800 0.001659 0.320000 0.003037
0.249935
0.331518 0.333333 0.960016 0.012850 0.992684 0.995275 0.932197 0.285347 0.306284 0.204091 0.040000 0.208201
0.500814
0.124664 1.000000 0.000110 0.997354 0.000061 0.000145 0.027734 0.044591 0.042719 0.002414 0.360000 0.003479
0.249935
0.167031 1.000000 0.989765 0.011178 0.990600 0.993532 0.684159 0.047738 0.008285 0.061634 0.000000 0.098583
0.331507
0.167026 1.000000 0.989631 0.011178 0.990625 0.993848 0.684392 0.047989 0.010231 0.060247 0.080000 0.106182
0.331507
0.124665 1.000000 0.000129 0.997340 0.000052 0.000070 0.026418 0.042135 0.044241 0.000488 0.280000 0.006787
0.249935
0.249382 0.333333 0.000678 0.998568 0.000331 0.000443 0.419422 0.676340 0.290619 0.015127 0.240000 0.036316
0.374179
0.331505 0.333333 0.959867 0.012846 0.992761 0.994397 0.933016 0.285538 0.303522 0.196211 0.080000 0.207289
0.500814
0.249382 0.333333 0.000682 0.998585 0.000338 0.000426 0.420059 0.675686 0.283176 0.014367 0.240000 0.037585
0.374179
0.124664 1.000000 0.000090 0.997337 0.000054 0.000145 0.062337 0.105474 0.054202 0.006520 0.280000 0.006188
0.249935
0.249387 0.333333 0.000738 0.998585 0.000425 0.000527 0.420315 0.676544 0.282883 0.017002 0.280000 0.036216
0.374179
0.331669 0.333333 0.961786 0.012846 0.992726 0.994322 0.931636 0.287930 0.320411 0.210433 0.000000 0.208102
0.500814
0.249386 0.333333 0.000725 0.998581 0.000413 0.000536 0.421703 0.677757 0.278788 0.015610 0.200000 0.035746
0.374179
0.166982 1.000000 0.988586 0.011187 0.990621 0.994208 0.685142 0.048441 0.007879 0.056290 0.000000 0.095161
0.331507
0.124663 1.000000 0.000062 0.997340 0.000008 0.000044 0.028318 0.046601 0.045131 0.003790 0.400000 0.010466
0.249935
0.124661 1.000000 0.000035 0.997354 0.000012 0.000110 0.026685 0.042975 0.042799 0.003895 0.320000 0.002695
0.249935
0.331506 0.333333 0.959878 0.012841 0.992808 0.994485 0.933105 0.286137 0.304532 0.195828 0.040000 0.198491
0.500814
0.249378 0.333333 0.000638 0.998585 0.000329 0.000395 0.420149 0.675623 0.279803 0.016475 0.280000 0.035589
0.374179
0.124664 1.000000 0.000099 0.997337 0.000054 0.000176 0.027916 0.045555 0.044262 0.001865 0.360000 0.002153
0.249935
0.249389 0.333333 0.000765 0.998568 0.000420 0.000514 0.420175 0.677113 0.287543 0.017125 0.280000 0.036787
0.374179
0.249389 0.333333 0.000764 0.998585 0.000433 0.000549 0.421287 0.677279 0.278622 0.016553 0.280000 0.036273
0.374179
0.166988 1.000000 0.988741 0.011187 0.990590 0.993532 0.685048 0.048320 0.009396 0.057261 0.000000 0.102375
0.331507
0.331495 0.333333 0.959748 0.012850 0.992690 0.994164 0.932091 0.285658 0.306075 0.199857 0.000000 0.197493
0.500814
0.124662 1.000000 0.000049 0.997340 0.000005 0.000013 0.029142 0.047390 0.044238 0.003263 0.320000 0.002395
0.249935
0.124664 1.000000 0.000080 0.997337 0.000046 0.000176 0.030850 0.050143 0.043653 0.003546 0.280000 0.005204
0.249935
0.331510 0.333333 0.959925 0.012846 0.992793 0.994349 0.931946 0.285705 0.306233 0.206261 0.040000 0.202484
0.500814
0.249386 0.333333 0.000714 0.998581 0.000412 0.000544 0.420592 0.677646 0.284282 0.019050 0.280000 0.035503
0.374179
0.166929 1.000000 0.987370 0.011187 0.990579 0.992504 0.684864 0.047999 0.008196 0.054587 0.000000 0.101891
0.331507
0.331543 0.333333 0.960315 0.012850 0.992716 0.994138 0.932075 0.285308 0.304664 0.204246 0.000000 0.203781
0.500814
0.331454 0.333333 0.959276 0.012841 0.992701 0.993607 0.931837 0.285307 0.307407 0.200168 0.040000 0.201086
0.500814
0.249387 0.333333 0.000742 0.998585 0.000403 0.000492 0.421042 0.676475 0.278833 0.014822 0.360000 0.039054
0.374179
0.249383 0.333333 0.000686 0.998585 0.000379 0.000457 0.419324 0.674786 0.283997 0.014999 0.280000 0.037714
0.374179
0.249387 0.333333 0.000740 0.998585 0.000426 0.000527 0.421842 0.677378 0.273949 0.017874 0.360000 0.034805
0.374179
0.167033 1.000000 0.989787 0.011183 0.990609 0.994081 0.684857 0.048088 0.009216 0.054725 0.000000 0.098055
0.331507
0.249388 0.333333 0.000755 0.998585 0.000433 0.000496 0.411192 0.658820 0.272226 0.018279 0.320000 0.034320
0.374179
0.331518 0.333333 0.960026 0.012846 0.992753 0.994674 0.932789 0.285549 0.303592 0.200312 0.000000 0.203667
0.500814
0.331516 0.333333 0.960009 0.012846 0.992776 0.993765 0.933141 0.286140 0.303321 0.198325 0.000000 0.195397
0.500814
0.331415 0.333333 0.958811 0.012846 0.992660 0.994906 0.933032 0.285990 0.305039 0.191805 0.000000 0.189908
0.500814
0.249386 0.333333 0.000730 0.998585 0.000394 0.000492 0.419860 0.674449 0.277605 0.017480 0.280000 0.040294
0.374179
0.331429 0.333333 0.958986 0.012850 0.992749 0.993778 0.932109 0.285191 0.307366 0.196644 0.040000 0.205877
0.500814
0.166990 1.000000 0.988785 0.011187 0.990556 0.993602 0.684990 0.048239 0.008889 0.057572 0.000000 0.096301
0.331507
0.124665 1.000000 0.000141 0.997341 0.000058 0.000132 0.028890 0.047451 0.044999 0.003923 0.280000 0.003950
0.249935
0.166989 1.000000 0.988769 0.011187 0.990638 0.994142 0.684673 0.048160 0.009460 0.059914 0.000000 0.101106
0.331507
0.249381 0.333333 0.000661 0.998585 0.000351 0.000457 0.419504 0.676055 0.287097 0.016675 0.280000 0.037500
0.374179
0.249384 0.333333 0.000710 0.998585 0.000421 0.000536 0.410856 0.657916 0.272118 0.018418 0.240000 0.044672
0.374179
0.167057 1.000000 0.990370 0.011187 0.990592 0.993071 0.684493 0.048104 0.009753 0.060341 0.000000 0.103060
0.331507
0.167034 1.000000 0.989822 0.011178 0.990620 0.993932 0.684089 0.047822 0.010377 0.062328 0.040000 0.104372
0.331507
0.124663 1.000000 0.000088 0.997354 0.000053 0.000136 0.028843 0.046118 0.043717 0.000000 0.240000 0.001996
0.249935
0.167001 1.000000 0.989038 0.011183 0.990642 0.993782 0.683973 0.047534 0.008966 0.059559 0.040000 0.098939
0.331507
0.249386 0.333333 0.000726 0.998585 0.000427 0.000597 0.411161 0.659517 0.276842 0.016459 0.280000 0.030542
0.374179
0.331512 0.333333 0.959953 0.012846 0.992792 0.995275 0.933059 0.285586 0.301346 0.194896 0.040000 0.196809
0.500814
0.249381 0.333333 0.000673 0.998568 0.000371 0.000470 0.420735 0.676114 0.278476 0.016153 0.280000 0.038384
0.374179
0.124662 1.000000 0.000076 0.997340 0.000004 0.000035 0.026677 0.043763 0.045913 0.003823 0.240000 0.008783
0.249935
0.249383 0.333333 0.000692 0.998568 0.000337 0.000386 0.419388 0.675630 0.286233 0.016475 0.200000 0.040323
0.374179
0.124666 1.000000 0.000156 0.997354 0.000058 0.000162 0.030311 0.048096 0.040632 0.001881 0.280000 0.002239
0.249935
0.124662 1.000000 0.000066 0.997340 0.000009 0.000092 0.029573 0.047288 0.041901 0.003407 0.240000 0.005860
0.249935
0.166975 1.000000 0.988451 0.011178 0.990604 0.993176 0.685130 0.048230 0.007695 0.056473 0.000000 0.103131
0.331507
0.166985 1.000000 0.988656 0.011178 0.990621 0.993997 0.684027 0.047607 0.009875 0.061318 0.000000 0.102932
0.331507
0.166999 1.000000 0.989008 0.011183 0.990627 0.992952 0.684759 0.048052 0.008851 0.056679 0.040000 0.099025
0.331507
0.249383 0.333333 0.000689 0.998585 0.000380 0.000443 0.420812 0.676628 0.279172 0.016658 0.240000 0.037457
0.374179
0.249384 0.333333 0.000699 0.998585 0.000421 0.000549 0.419785 0.675529 0.282336 0.017186 0.280000 0.035118
0.374179
0.167022 1.000000 0.989531 0.011187 0.990601 0.993637 0.684239 0.047600 0.009549 0.064447 0.280000 0.109391
0.331507
0.124666 1.000000 0.000156 0.997354 0.000066 0.000141 0.025722 0.041899 0.046673 0.001043 0.360000 0.003080
0.249935
0.124660 1.000000 0.000005 0.997340 0.000007 0.000075 0.024247 0.039389 0.044641 0.002614 0.320000 0.005261
0.249935
0.249386 0.333333 0.000729 0.998568 0.000377 0.000492 0.412277 0.659672 0.270026 0.015654 0.280000 0.045812
0.374179
0.249389 0.333333 0.000774 0.998585 0.000434 0.000606 0.410635 0.658158 0.273632 0.017968 0.200000 0.047167
0.374179
0.124661 1.000000 0.000037 0.997354 0.000051 0.000171 0.029125 0.047187 0.045001 0.002913 0.360000 0.004121
0.249935
0.249384 0.333333 0.000698 0.998568 0.000339 0.000439 0.419517 0.675662 0.284635 0.016348 0.240000 0.038541
0.374179
0.124663 1.000000 0.000091 0.997354 0.000047 0.000154 0.028027 0.044472 0.043852 0.003218 0.320000 0.011492
0.249935
0.331588 0.333333 0.960837 0.012841 0.992827 0.994612 0.931441 0.287456 0.318359 0.206510 0.000000 0.199447
0.500814
0.331531 0.333333 0.960171 0.012846 0.992844 0.994511 0.932043 0.285826 0.306444 0.204180 0.000000 0.204494
0.500814
0.249380 0.333333 0.000655 0.998568 0.000331 0.000400 0.418203 0.675495 0.292757 0.017796 0.280000 0.041991
0.374179
0.124663 1.000000 0.000099 0.997373 0.000051 0.000154 0.029408 0.047912 0.044622 0.003113 0.320000 0.003436
0.249935
0.249382 0.333333 0.000687 0.998568 0.000328 0.000400 0.420132 0.675990 0.284323 0.014322 0.200000 0.038327
0.374179
0.249388 0.333333 0.000755 0.998585 0.000430 0.000540 0.420092 0.677202 0.288692 0.016459 0.280000 0.038098
0.374179
0.166960 1.000000 0.988073 0.011183 0.990591 0.992641 0.685193 0.048446 0.007459 0.057472 0.000000 0.100051
0.331507
0.249383 0.333333 0.000694 0.998672 0.000338 0.000461 0.420675 0.676731 0.282687 0.015138 0.320000 0.036402
0.374179
0.249380 0.333333 0.000663 0.998585 0.000343 0.000457 0.410922 0.659300 0.276746 0.016991 0.320000 0.043346
0.374179
0.331510 0.333333 0.959928 0.012846 0.992796 0.993602 0.933332 0.286081 0.302658 0.200373 0.000000 0.197736
0.500814
0.331441 0.333333 0.959123 0.012846 0.992794 0.994849 0.932203 0.285327 0.305578 0.198442 0.000000 0.196552
0.500814
0.249378 0.333333 0.000631 0.998585 0.000331 0.000435 0.419200 0.676378 0.291761 0.015354 0.240000 0.035290
0.374179
0.124664 1.000000 0.000101 0.997412 0.000055 0.000184 0.027502 0.045033 0.046210 0.000971 0.360000 0.005632
0.249935
0.124661 1.000000 0.000044 0.997340 0.000012 0.000026 0.029062 0.047235 0.043271 0.003135 0.240000 0.008726
0.249935
0.124664 1.000000 0.000085 0.997340 0.000042 0.000075 0.028031 0.045643 0.044065 0.001754 0.240000 0.003394
0.249935
0.124662 1.000000 0.000053 0.997345 0.000050 0.000123 0.027521 0.044628 0.044790 0.003008 0.360000 0.004449
0.249935
0.249387 0.333333 0.000738 0.998585 0.000393 0.000562 0.419661 0.676724 0.288783 0.016775 0.320000 0.035233
0.374179
0.331435 0.333333 0.959051 0.012841 0.992820 0.994516 0.932048 0.285557 0.305955 0.199030 0.000000 0.200602
0.500814
0.124663 1.000000 0.000068 0.997354 0.000053 0.000136 0.027430 0.045471 0.049005 0.005016 0.240000 0.011107
0.249935
0.124664 1.000000 0.000087 0.997377 0.000053 0.000180 0.029362 0.048257 0.047796 0.001903 0.280000 0.001240
0.249935
0.249387 0.333333 0.000734 0.998581 0.000422 0.000566 0.411801 0.658408 0.267144 0.016836 0.360000 0.048550
0.374179
0.166962 1.000000 0.988141 0.011178 0.990628 0.993066 0.684739 0.048025 0.008649 0.057239 0.080000 0.104928
0.331507
0.331444 0.333333 0.959158 0.012850 0.992724 0.994125 0.932494 0.285644 0.306713 0.195079 0.000000 0.205521
0.500814
0.331479 0.333333 0.959569 0.012846 0.992743 0.994191 0.933385 0.286022 0.302795 0.193886 0.040000 0.194756
0.500814
0.331513 0.333333 0.959963 0.012841 0.992744 0.993782 0.932015 0.285448 0.303587 0.200301 0.000000 0.204851
0.500814
0.249386 0.333333 0.000737 0.998668 0.000387 0.000461 0.411094 0.659066 0.275628 0.018789 0.280000 0.045128
0.374179
0.249389 0.333333 0.000759 0.998585 0.000427 0.000523 0.420407 0.676322 0.281713 0.015826 0.240000 0.037086
0.374179
0.249377 0.333333 0.000620 0.998572 0.000329 0.000457 0.420824 0.677290 0.283174 0.016148 0.280000 0.036787
0.374179
0.249386 0.333333 0.000729 0.998572 0.000410 0.000523 0.420922 0.677385 0.281552 0.018162 0.320000 0.036402
0.374179
0.331442 0.333333 0.959131 0.012846 0.992810 0.994472 0.933067 0.285879 0.304295 0.194369 0.000000 0.191804
0.500814
0.166975 1.000000 0.988436 0.011187 0.990571 0.992114 0.684654 0.047997 0.007207 0.058138 0.000000 0.100878
0.331507
0.166999 1.000000 0.989001 0.011187 0.990578 0.992254 0.684426 0.047913 0.009540 0.060458 0.000000 0.102105
0.331507
0.331559 0.333333 0.960500 0.012846 0.992823 0.994507 0.931419 0.287533 0.321742 0.211549 0.000000 0.203240
0.500814
0.249387 0.333333 0.000739 0.998585 0.000434 0.000523 0.419966 0.676663 0.287624 0.016664 0.360000 0.040836
0.374179
0.249378 0.333333 0.000631 0.998585 0.000330 0.000465 0.411167 0.659600 0.275155 0.017480 0.240000 0.041963
0.374179
0.249386 0.333333 0.000729 0.998572 0.000379 0.000470 0.410525 0.657338 0.270472 0.019849 0.240000 0.039852
0.374179
0.166975 1.000000 0.988431 0.011183 0.990647 0.991415 0.683967 0.047392 0.008817 0.058504 0.000000 0.098340
0.331507
0.166973 1.000000 0.988391 0.011187 0.990548 0.993497 0.683875 0.047547 0.009736 0.061995 0.040000 0.101663
0.331507
0.331454 0.333333 0.959276 0.012841 0.992786 0.995798 0.932191 0.285385 0.305348 0.198303 0.000000 0.200231
0.500814
0.249378 0.333333 0.000637 0.998568 0.000343 0.000496 0.410632 0.659167 0.278394 0.017541 0.320000 0.035988
0.374179
0.124663 1.000000 0.000097 0.997340 0.000024 0.000088 0.029599 0.048540 0.047067 0.001271 0.240000 0.008912
0.249935
0.124662 1.000000 0.000052 0.997354 0.000052 0.000154 0.026629 0.043854 0.046376 0.003407 0.280000 0.009510
0.249935
0.166978 1.000000 0.988499 0.011183 0.990580 0.994068 0.684973 0.048498 0.007517 0.058982 0.000000 0.098412
0.331507
0.249387 0.333333 0.000739 0.998585 0.000424 0.000501 0.420337 0.675944 0.280969 0.015432 0.200000 0.035689
0.374179
0.124662 1.000000 0.000049 0.997340 0.000002 0.000018 0.028729 0.046556 0.044989 0.001537 0.280000 0.001383
0.249935
0.124662 1.000000 0.000040 0.997340 0.000005 0.000022 0.028174 0.046528 0.047084 0.003440 0.280000 0.007956
0.249935
0.249387 0.333333 0.000731 0.998585 0.000416 0.000540 0.421364 0.678830 0.285647 0.017019 0.400000 0.038555
0.374179
0.166997 1.000000 0.988962 0.011187 0.990626 0.993782 0.684812 0.048092 0.008877 0.057444 0.000000 0.099966
0.331507
0.166964 1.000000 0.988198 0.011187 0.990596 0.992149 0.684739 0.048198 0.007800 0.062400 0.000000 0.100750
0.331507
0.124662 1.000000 0.000040 0.997340 0.000005 0.000000 0.030619 0.049203 0.043588 0.001493 0.360000 0.001611
0.249935
0.166991 1.000000 0.988822 0.011183 0.990624 0.993523 0.684804 0.048144 0.008525 0.060152 0.000000 0.099110
0.331507
0.167002 1.000000 0.989079 0.011187 0.990571 0.992733 0.684383 0.047952 0.008738 0.061567 0.000000 0.106311
0.331507
0.124661 1.000000 0.000044 0.997341 0.000052 0.000136 0.029696 0.048751 0.047009 0.003052 0.280000 0.011164
0.249935
0.249379 0.333333 0.000650 0.998572 0.000347 0.000474 0.420389 0.676116 0.281077 0.015909 0.280000 0.037899
0.374179
0.124661 1.000000 0.000033 0.997354 0.000048 0.000145 0.028157 0.046558 0.045850 0.004972 0.240000 0.007571
0.249935
0.124661 1.000000 0.000023 0.997337 0.000046 0.000158 0.028025 0.045116 0.044190 0.002941 0.280000 0.003308
0.249935
0.167094 1.000000 0.991220 0.011178 0.990569 0.994467 0.680875 0.049940 0.001197 0.051995 0.000000 0.091924
0.331507
0.331423 0.333333 0.958914 0.012850 0.992789 0.995196 0.932197 0.285318 0.307783 0.198225 0.000000 0.207759
0.500814
0.124664 1.000000 0.000112 0.997350 0.000063 0.000167 0.027242 0.044398 0.047616 0.000316 0.320000 0.002866
0.249935
0.124664 1.000000 0.000105 0.997345 0.000058 0.000154 0.026195 0.041852 0.041805 0.002231 0.240000 0.004434
0.249935
0.166962 1.000000 0.988118 0.011178 0.990598 0.993387 0.684719 0.047918 0.006876 0.058171 0.000000 0.093934
0.331507
0.166920 1.000000 0.987154 0.011178 0.990634 0.993690 0.684925 0.048036 0.008481 0.054764 0.000000 0.100165
0.331507
0.167044 1.000000 0.990045 0.011187 0.990573 0.992614 0.684091 0.048026 0.009916 0.065446 0.000000 0.100508
0.331507
0.249388 0.333333 0.000747 0.998585 0.000427 0.000527 0.418528 0.675483 0.291619 0.017996 0.280000 0.046212
0.374179
0.331549 0.333333 0.960379 0.012846 0.992813 0.994928 0.931494 0.287797 0.319717 0.213336 0.000000 0.196139
0.500814
0.249378 0.333333 0.000643 0.998585 0.000334 0.000382 0.420399 0.675946 0.281055 0.015743 0.280000 0.039154
0.374179
0.166985 1.000000 0.988669 0.011178 0.990603 0.993506 0.685008 0.048212 0.008544 0.056507 0.000000 0.095874
0.331507
0.167058 1.000000 0.990378 0.011183 0.990651 0.995003 0.684738 0.048234 0.010015 0.059969 0.000000 0.101235
0.331507
0.124663 1.000000 0.000078 0.997354 0.000054 0.000132 0.025284 0.041045 0.046256 0.001004 0.280000 0.008569
0.249935
0.331489 0.333333 0.959676 0.012841 0.992768 0.994072 0.932380 0.285622 0.305835 0.197493 0.000000 0.200930
0.500814
0.169223 1.000000 0.000292 0.997793 0.000179 0.000312 0.136528 0.202997 0.054214 0.011032 0.360000 0.015584
0.249935
0.331517 0.333333 0.960008 0.012841 0.992832 0.994134 0.931543 0.287785 0.319816 0.211443 0.000000 0.199589
0.500814
0.124662 1.000000 0.000071 0.997345 0.000049 0.000127 0.026564 0.042981 0.043067 0.001926 0.280000 0.004320
0.249935
0.331449 0.333333 0.959219 0.012850 0.992756 0.994362 0.932828 0.285897 0.306257 0.194879 0.000000 0.200003
0.500814
0.249390 0.333333 0.000784 0.998585 0.000433 0.000483 0.413232 0.663984 0.279193 0.017874 0.280000 0.037243
0.374179
0.249382 0.333333 0.000674 0.998585 0.000356 0.000417 0.420065 0.676723 0.286370 0.016941 0.320000 0.037471
0.374179
0.166947 1.000000 0.987809 0.011178 0.990591 0.992676 0.684851 0.047987 0.007915 0.057628 0.120000 0.102432
0.331507
0.331437 0.333333 0.959072 0.012846 0.992768 0.994485 0.933013 0.285934 0.304535 0.190873 0.040000 0.191975
0.500814
0.124660 1.000000 0.000016 0.997354 0.000020 0.000092 0.026954 0.043371 0.042316 0.001826 0.320000 0.000927
0.249935
0.249384 0.333333 0.000708 0.998585 0.000381 0.000483 0.411914 0.659067 0.272135 0.015116 0.320000 0.047866
0.374179
0.249388 0.333333 0.000750 0.998585 0.000426 0.000523 0.420411 0.677618 0.286427 0.019433 0.240000 0.039924
0.374179
0.331458 0.333333 0.959319 0.012846 0.992718 0.995086 0.932600 0.285667 0.303851 0.197748 0.000000 0.197722
0.500814
0.331524 0.333333 0.960092 0.012846 0.992821 0.994011 0.933319 0.285946 0.303707 0.198819 0.000000 0.196010
0.500814
0.124665 1.000000 0.000130 0.997340 0.000014 0.000044 0.028564 0.046166 0.043773 0.001559 0.280000 0.003479
0.249935
0.124661 1.000000 0.000045 0.997340 0.000005 0.000000 0.030800 0.049820 0.044154 0.002486 0.320000 0.001440
0.249935
0.166946 1.000000 0.987771 0.011183 0.990598 0.993734 0.684663 0.047731 0.007656 0.055796 0.000000 0.102917
0.331507
0.167017 1.000000 0.989421 0.011187 0.990576 0.992096 0.684317 0.047756 0.010571 0.059043 0.000000 0.104985
0.331507
0.166997 1.000000 0.988953 0.011183 0.990594 0.992728 0.684666 0.047995 0.007524 0.059492 0.000000 0.101677
0.331507
0.249381 0.333333 0.000682 0.998585 0.000329 0.000439 0.411505 0.660075 0.277610 0.015138 0.400000 0.047110
0.374179
0.331542 0.333333 0.960302 0.012846 0.992756 0.995249 0.931429 0.287730 0.320886 0.210483 0.040000 0.196524
0.500814
0.167006 1.000000 0.989147 0.011178 0.990605 0.993304 0.684691 0.048132 0.008870 0.059880 0.000000 0.101976
0.331507
0.331500 0.333333 0.959816 0.012841 0.992783 0.994024 0.932809 0.285612 0.304422 0.199751 0.000000 0.204238
0.500814
0.167035 1.000000 0.989832 0.011187 0.990564 0.993747 0.684678 0.048247 0.009055 0.060263 0.000000 0.104471
0.331507
0.331438 0.333333 0.959090 0.012846 0.992640 0.994959 0.932686 0.285893 0.304292 0.196111 0.040000 0.192717
0.500814
0.331500 0.333333 0.959816 0.012841 0.992693 0.994494 0.933131 0.285942 0.303436 0.198364 0.000000 0.190678
0.500814
0.249382 0.333333 0.000680 0.998585 0.000333 0.000413 0.419871 0.676487 0.285427 0.017280 0.320000 0.037386
0.374179
0.331454 0.333333 0.959277 0.012841 0.992709 0.992276 0.932318 0.285558 0.305730 0.199435 0.040000 0.200003
0.500814
0.331454 0.333333 0.959271 0.012846 0.992748 0.993857 0.933076 0.286115 0.305259 0.193647 0.000000 0.194299
0.500814
0.124662 1.000000 0.000044 0.997340 0.000012 0.000079 0.028329 0.045206 0.041560 0.003568 0.320000 0.003878
0.249935
0.124663 1.000000 0.000081 0.997340 0.000049 0.000571 0.000000 0.000000 0.038504 0.003557 1.000000 0.004720
0.249935
0.124667 1.000000 0.000169 0.997340 0.000052 0.000097 0.027042 0.043047 0.046210 0.001987 0.240000 0.008584
0.249935
0.249387 0.333333 0.000732 0.998585 0.000424 0.000496 0.420505 0.675451 0.277869 0.015421 0.240000 0.038797
0.374179
0.331564 0.333333 0.960555 0.012846 0.992787 0.993339 0.931735 0.287865 0.319468 0.205772 0.000000 0.193729
0.500814
0.124665 1.000000 0.000116 0.997354 0.000056 0.000136 0.029573 0.047965 0.042962 0.006454 0.240000 0.004278
0.249935
0.124662 1.000000 0.000055 0.997354 0.000015 0.000079 0.028529 0.046261 0.045481 0.002292 0.240000 0.000856
0.249935
0.331435 0.333333 0.959059 0.012846 0.992667 0.995148 0.933065 0.286197 0.304446 0.195085 0.000000 0.193558
0.500814
0.166975 1.000000 0.988447 0.011183 0.990588 0.993910 0.684212 0.047701 0.008645 0.058305 0.000000 0.097741
0.331507
0.166992 1.000000 0.988843 0.011183 0.990645 0.992588 0.684719 0.048157 0.009686 0.057350 0.000000 0.098711
0.331507
0.331452 0.333333 0.959241 0.012841 0.992789 0.995662 0.933374 0.286116 0.304235 0.193609 0.000000 0.194713
0.500814
0.331512 0.333333 0.959951 0.012850 0.992682 0.993308 0.932105 0.285408 0.305134 0.203075 0.000000 0.205065
0.500814
0.167000 1.000000 0.989036 0.011187 0.990612 0.993409 0.684866 0.048094 0.008964 0.056740 0.000000 0.106681
0.331507
0.249381 0.333333 0.000674 0.998585 0.000373 0.000562 0.411726 0.659199 0.274484 0.016420 0.240000 0.046782
0.374179
0.124664 1.000000 0.000104 0.997354 0.000060 0.000162 0.027488 0.044618 0.045927 0.001243 0.280000 0.001298
0.249935
0.166956 1.000000 0.987998 0.011187 0.990537 0.993321 0.684298 0.047940 0.007563 0.060840 0.000000 0.106111
0.331507
0.166995 1.000000 0.988901 0.011187 0.990592 0.992983 0.684874 0.048343 0.009069 0.060896 0.040000 0.103288
0.331507
0.166992 1.000000 0.988842 0.011183 0.990574 0.993027 0.685139 0.048518 0.007992 0.059176 0.000000 0.098625
0.331507
0.124662 1.000000 0.000058 0.997340 0.000008 0.000057 0.029241 0.047881 0.046412 0.004234 0.320000 0.004249
0.249935
0.166988 1.000000 0.988735 0.011187 0.990538 0.993475 0.684043 0.048042 0.009446 0.062966 0.000000 0.099167
0.331507
0.167014 1.000000 0.989345 0.011187 0.990585 0.993892 0.684993 0.048276 0.008402 0.058471 0.000000 0.103231
0.331507
0.124661 1.000000 0.000023 0.997340 0.000004 0.000061 0.027393 0.044119 0.043552 0.000910 0.280000 0.001041
0.249935
0.331506 0.333333 0.959881 0.012841 0.992820 0.994840 0.932996 0.285609 0.304024 0.198736 0.000000 0.203853
0.500814
0.249380 0.333333 0.000656 0.998585 0.000319 0.000461 0.420134 0.676952 0.286247 0.017513 0.240000 0.036459
0.374179
0.331556 0.333333 0.960458 0.012846 0.992763 0.995126 0.931580 0.287738 0.319981 0.211160 0.000000 0.199989
0.500814
0.124666 1.000000 0.000155 0.997451 0.000063 0.000228 0.028659 0.047219 0.047189 0.003113 0.320000 0.009924
0.249935
0.331522 0.333333 0.960066 0.012846 0.992697 0.994353 0.933161 0.286165 0.304067 0.198908 0.080000 0.190393
0.500814
0.124663 1.000000 0.000079 0.997350 0.000059 0.000158 0.028954 0.047241 0.045613 0.003046 0.240000 0.000670
0.249935
0.249390 0.333333 0.000774 0.998585 0.000441 0.000558 0.420390 0.676544 0.284762 0.015033 0.320000 0.039211
0.374179
0.124664 1.000000 0.000096 0.997340 0.000014 0.000048 0.031687 0.052929 0.051623 0.004317 0.280000 0.012661
0.249935
0.249383 0.333333 0.000697 0.998568 0.000410 0.000496 0.419263 0.675492 0.287027 0.016026 0.280000 0.036174
0.374179
0.167011 1.000000 0.989275 0.011183 0.990625 0.994195 0.684180 0.047806 0.009338 0.062694 0.040000 0.101534
0.331507
0.166963 1.000000 0.988162 0.011178 0.990613 0.992992 0.684896 0.048232 0.008352 0.057439 0.000000 0.100436
0.331507
0.331559 0.333333 0.960497 0.012841 0.992736 0.995161 0.931537 0.287916 0.320132 0.213879 0.000000 0.195511
0.500814
0.331537 0.333333 0.960246 0.012846 0.992779 0.995811 0.932412 0.288046 0.318424 0.206299 0.000000 0.198777
0.500814
0.249381 0.333333 0.000669 0.998585 0.000347 0.000479 0.411007 0.658719 0.276813 0.016975 0.280000 0.044814
0.374179
0.124667 1.000000 0.000153 0.997340 0.000049 0.000132 0.029778 0.048142 0.044140 0.002325 0.360000 0.002937
0.249935
0.249386 0.333333 0.000731 0.998572 0.000408 0.000536 0.411284 0.659025 0.274011 0.016131 0.240000 0.038341
0.374179
0.331502 0.333333 0.959828 0.012841 0.992625 0.994309 0.931269 0.287782 0.320723 0.213641 0.000000 0.197009
0.500814
0.331448 0.333333 0.959210 0.012841 0.992690 0.994590 0.932035 0.285738 0.306495 0.202382 0.040000 0.200759
0.500814
0.167021 1.000000 0.989527 0.011183 0.990630 0.993141 0.684208 0.047987 0.009470 0.060147 0.000000 0.098526
0.331507
0.166984 1.000000 0.988637 0.011187 0.990587 0.992860 0.685088 0.048240 0.008534 0.058055 0.000000 0.102675
0.331507
0.331472 0.333333 0.959484 0.012846 0.992767 0.994551 0.932427 0.285101 0.305586 0.200928 0.000000 0.207631
0.500814
0.124662 1.000000 0.000074 0.997354 0.000015 0.000127 0.025687 0.041942 0.047175 0.003224 0.280000 0.007015
0.249935
0.249383 0.333333 0.000693 0.998585 0.000342 0.000531 0.411194 0.659493 0.275938 0.018290 0.440000 0.041905
0.374179
0.249383 0.333333 0.000691 0.998585 0.000378 0.000452 0.420663 0.676552 0.281173 0.015565 0.200000 0.035019
0.374179
0.166947 1.000000 0.987792 0.011187 0.990589 0.993387 0.685039 0.048452 0.008333 0.059631 0.000000 0.097299
0.331507
0.331498 0.333333 0.959792 0.012846 0.992746 0.995218 0.931397 0.288060 0.320807 0.213896 0.000000 0.198192
0.500814
0.124663 1.000000 0.000089 0.997378 0.000054 0.000184 0.027569 0.043480 0.041395 0.001809 0.240000 0.006630
0.249935
0.166993 1.000000 0.988866 0.011178 0.990610 0.993036 0.684725 0.048047 0.009182 0.060524 0.000000 0.104443
0.331507
0.166935 1.000000 0.987488 0.011187 0.990585 0.992557 0.685005 0.048242 0.008789 0.054059 0.080000 0.100593
0.331507
0.124663 1.000000 0.000078 0.997354 0.000054 0.000141 0.024757 0.040620 0.044051 0.003901 0.320000 0.006587
0.249935
0.124665 1.000000 0.000108 0.997354 0.000052 0.000162 0.028694 0.046860 0.044236 0.003685 0.320000 0.007728
0.249935
0.167024 1.000000 0.989604 0.011178 0.990635 0.993932 0.684709 0.048079 0.008973 0.058360 0.000000 0.105298
0.331507
0.167045 1.000000 0.990069 0.011178 0.990609 0.991947 0.684521 0.048238 0.009648 0.061351 0.000000 0.101748
0.331507
0.167047 1.000000 0.990130 0.011187 0.990615 0.993211 0.684252 0.047951 0.009792 0.062100 0.000000 0.106297
0.331507
0.167052 1.000000 0.990233 0.011178 0.990636 0.994221 0.684649 0.047953 0.007579 0.058526 0.040000 0.103744
0.331507
0.331538 0.333333 0.960261 0.012841 0.992781 0.995025 0.931472 0.287959 0.319689 0.215500 0.040000 0.196909
0.500814
0.167019 1.000000 0.989476 0.011183 0.990601 0.993431 0.685042 0.048066 0.006718 0.057849 0.000000 0.101149
0.331507
0.124663 1.000000 0.000067 0.997350 0.000052 0.000154 0.026747 0.043938 0.047000 0.003435 0.280000 0.006473
0.249935
0.331560 0.333333 0.960518 0.012846 0.992783 0.994524 0.932248 0.288275 0.319190 0.206027 0.000000 0.198434
0.500814
0.249385 0.333333 0.000716 0.998581 0.000411 0.000523 0.411452 0.659763 0.275712 0.016830 0.240000 0.037243
0.374179
0.166992 1.000000 0.988845 0.011183 0.990587 0.993251 0.683955 0.047864 0.009036 0.064908 0.040000 0.094106
0.331507
0.124661 1.000000 0.000048 0.997350 0.000049 0.000149 0.028617 0.044776 0.041268 0.000055 0.280000 0.002524
0.249935
0.249387 0.333333 0.000739 0.998585 0.000430 0.000496 0.420463 0.677099 0.284800 0.016281 0.240000 0.037058
0.374179
0.249387 0.333333 0.000735 0.998585 0.000412 0.000470 0.420781 0.676794 0.281058 0.016536 0.280000 0.038355
0.374179
0.124662 1.000000 0.000060 0.997370 0.000055 0.000189 0.062067 0.104899 0.056211 0.005127 0.280000 0.008227
0.249935
0.249379 0.333333 0.000650 0.998568 0.000333 0.000435 0.420206 0.676721 0.284628 0.015782 0.320000 0.036829
0.374179
0.331419 0.333333 0.958870 0.012850 0.992785 0.994621 0.933253 0.285795 0.304467 0.191106 0.000000 0.202869
0.500814
0.124665 1.000000 0.000131 0.997354 0.000057 0.000145 0.027324 0.043646 0.042427 0.001049 0.280000 0.004007
0.249935
0.249382 0.333333 0.000680 0.998572 0.000337 0.000509 0.410243 0.658412 0.278080 0.020077 0.280000 0.051530
0.374179
0.167010 1.000000 0.989256 0.011187 0.990558 0.993804 0.684560 0.047852 0.009650 0.059209 0.000000 0.106624
0.331507
0.249393 0.333333 0.000822 0.998585 0.000436 0.000536 0.419333 0.676299 0.290021 0.016597 0.240000 0.035361
0.374179
0.331473 0.333333 0.959492 0.012846 0.992771 0.995135 0.933519 0.286369 0.304144 0.196316 0.000000 0.195839
0.500814
0.331539 0.333333 0.960264 0.012841 0.992705 0.994041 0.930968 0.287744 0.323496 0.217608 0.000000 0.198891
0.500814
0.331491 0.333333 0.959705 0.012841 0.992673 0.993721 0.932095 0.285536 0.305943 0.200667 0.000000 0.204694
0.500814
0.249391 0.333333 0.000787 0.998585 0.000444 0.000544 0.419893 0.676717 0.287802 0.016181 0.320000 0.039539
0.374179
0.249385 0.333333 0.000712 0.998585 0.000398 0.000487 0.412040 0.660795 0.274779 0.014899 0.240000 0.035190
0.374179
0.249388 0.333333 0.000738 0.998585 0.000431 0.000558 0.419438 0.674537 0.281331 0.016425 0.320000 0.036544
0.374179
0.331468 0.333333 0.959439 0.012850 0.992704 0.994524 0.932985 0.285867 0.303788 0.195201 0.000000 0.198306
0.500814
0.331485 0.333333 0.959632 0.012850 0.992680 0.995345 0.933112 0.286141 0.304223 0.196849 0.000000 0.197180
0.500814
0.166947 1.000000 0.987799 0.011187 0.990596 0.993857 0.685008 0.048225 0.007970 0.056745 0.000000 0.097684
0.331507
0.331560 0.333333 0.960519 0.012841 0.992744 0.994524 0.931237 0.287930 0.322839 0.214973 0.080000 0.193644
0.500814
0.331483 0.333333 0.959610 0.012841 0.992722 0.993466 0.932987 0.286085 0.304940 0.197116 0.000000 0.194128
0.500814
0.331477 0.333333 0.959548 0.012846 0.992730 0.994164 0.933077 0.285821 0.302435 0.193581 0.080000 0.197023
0.500814
0.124664 1.000000 0.000108 0.997340 0.000016 0.000048 0.025707 0.041971 0.045143 0.002874 0.240000 0.008783
0.249935
0.124663 1.000000 0.000086 0.997354 0.000057 0.000145 0.029662 0.049037 0.047729 0.002741 0.280000 0.007101
0.249935
0.124663 1.000000 0.000078 0.997337 0.000054 0.000158 0.027647 0.044825 0.044910 0.001032 0.320000 0.003593
0.249935
0.249388 0.333333 0.000754 0.998585 0.000422 0.000553 0.421094 0.676263 0.277065 0.016109 0.280000 0.037685
0.374179
0.166960 1.000000 0.988073 0.011187 0.990642 0.992693 0.684645 0.048029 0.008733 0.056917 0.000000 0.096387
0.331507
0.331558 0.333333 0.960493 0.012850 0.992764 0.994129 0.931701 0.287906 0.319729 0.213008 0.000000 0.197023
0.500814
0.331547 0.333333 0.960366 0.012841 0.992721 0.994854 0.931480 0.287867 0.320560 0.213719 0.000000 0.198192
0.500814
0.166981 1.000000 0.988571 0.011178 0.990607 0.993615 0.684526 0.047855 0.008659 0.060541 0.000000 0.097799
0.331507
0.124663 1.000000 0.000058 0.997340 0.000009 0.000040 0.027847 0.046002 0.047057 0.004650 0.280000 0.007044
0.249935
0.249379 0.333333 0.000644 0.998568 0.000318 0.000413 0.411050 0.658342 0.273850 0.017463 0.320000 0.046539
0.374179
0.249388 0.333333 0.000743 0.998585 0.000431 0.000531 0.419970 0.676597 0.285352 0.016076 0.320000 0.034734
0.374179
0.124662 1.000000 0.000048 0.997340 0.000039 0.000070 0.028608 0.046664 0.045750 0.001071 0.280000 0.007101
0.249935
0.331441 0.333333 0.959126 0.012841 0.992692 0.994586 0.932811 0.285854 0.304283 0.196522 0.040000 0.193444
0.500814
0.249386 0.333333 0.000725 0.998585 0.000420 0.000527 0.420135 0.675082 0.278965 0.014328 0.240000 0.037642
0.374179
0.124660 1.000000 0.000004 0.997340 0.000004 0.000000 0.023972 0.037401 0.039639 0.002958 0.360000 0.007300
0.249935
0.249385 0.333333 0.000718 0.998585 0.000381 0.000487 0.419980 0.675556 0.282300 0.016087 0.200000 0.038569
0.374179
0.166988 1.000000 0.988745 0.011178 0.990607 0.994349 0.684576 0.047926 0.008189 0.061368 0.000000 0.098226
0.331507
0.124663 1.000000 0.000084 0.997340 0.000007 0.000004 0.027562 0.045610 0.048907 0.004001 0.320000 0.009097
0.249935
0.331554 0.333333 0.960446 0.012850 0.992714 0.995359 0.930976 0.287837 0.323595 0.216232 0.040000 0.196324
0.500814
0.249389 0.333333 0.000766 0.998585 0.000420 0.000509 0.420422 0.676720 0.281576 0.017274 0.400000 0.043716
0.374179
0.331474 0.333333 0.959507 0.012841 0.992791 0.993975 0.932131 0.285624 0.306742 0.202115 0.040000 0.204936
0.500814
0.331468 0.333333 0.959442 0.012850 0.992679 0.994357 0.932915 0.285669 0.305293 0.196200 0.000000 0.199646
0.500814
0.124660 1.000000 0.000008 0.997340 0.000007 0.000048 0.028022 0.045360 0.042475 0.003119 0.320000 0.000784
0.249935
0.167044 1.000000 0.990045 0.011178 0.990648 0.993782 0.684551 0.048142 0.009446 0.062272 0.000000 0.103188
0.331507
0.166986 1.000000 0.988690 0.011187 0.990598 0.993756 0.684955 0.048295 0.009194 0.057777 0.000000 0.099025
0.331507
0.166985 1.000000 0.988673 0.011187 0.990601 0.992684 0.684340 0.047795 0.010758 0.061040 0.000000 0.110332
0.331507
0.124661 1.000000 0.000043 0.997340 0.000001 0.000097 0.029823 0.047909 0.045524 0.002020 0.280000 0.006744
0.249935
0.249390 0.333333 0.000771 0.998585 0.000435 0.000549 0.411384 0.659917 0.279105 0.015893 0.280000 0.048536
0.374179
0.166974 1.000000 0.988414 0.011178 0.990577 0.992496 0.683809 0.047664 0.008714 0.063093 0.040000 0.094990
0.331507
0.124665 1.000000 0.000108 0.997382 0.000065 0.000193 0.027169 0.043867 0.043190 0.003024 0.360000 0.002452
0.249935
0.249381 0.333333 0.000663 0.998585 0.000334 0.000422 0.420408 0.676217 0.281151 0.015865 0.320000 0.035632
0.374179
0.331573 0.333333 0.960665 0.012850 0.992716 0.995209 0.931238 0.287633 0.323359 0.216099 0.000000 0.200530
0.500814
0.124662 1.000000 0.000051 0.997395 0.000048 0.000176 0.025979 0.042455 0.044860 0.003868 0.320000 0.001283
0.249935
0.166983 1.000000 0.988615 0.011183 0.990660 0.993712 0.684605 0.048072 0.008688 0.061157 0.000000 0.103374
0.331507
0.124665 1.000000 0.000130 0.997354 0.000058 0.000154 0.029276 0.047851 0.046280 0.002031 0.400000 0.004249
0.249935
0.331605 0.333333 0.961043 0.012850 0.992794 0.995495 0.932804 0.288306 0.318511 0.205700 0.000000 0.206747
0.500814
0.249387 0.333333 0.000739 0.998581 0.000413 0.000540 0.411630 0.659751 0.272579 0.019311 0.280000 0.033436
0.374179
0.331570 0.333333 0.960624 0.012846 0.992773 0.994441 0.931738 0.287629 0.320804 0.208741 0.040000 0.206875
0.500814
0.166997 1.000000 0.988959 0.011178 0.990623 0.993940 0.683969 0.047840 0.009792 0.061329 0.040000 0.100279
0.331507
0.249383 0.333333 0.000692 0.998585 0.000377 0.000496 0.420750 0.676267 0.278011 0.017247 0.320000 0.038541
0.374179
0.124663 1.000000 0.000067 0.997358 0.000053 0.000132 0.027694 0.045258 0.044428 0.002708 0.360000 0.005974
0.249935
0.167098 1.000000 0.991301 0.011178 0.990641 0.993444 0.684500 0.048527 0.010835 0.064153 0.000000 0.102147
0.331507
0.124662 1.000000 0.000073 0.997340 0.000005 0.000026 0.029018 0.047842 0.047518 0.002697 0.320000 0.006716
0.249935
0.331601 0.333333 0.960996 0.012850 0.992684 0.993751 0.931835 0.287977 0.319885 0.207992 0.000000 0.206604
0.500814
0.331608 0.333333 0.961073 0.012846 0.992826 0.995012 0.932053 0.287878 0.319732 0.208957 0.000000 0.203425
0.500814
0.124662 1.000000 0.000048 0.997354 0.000047 0.000176 0.030170 0.049106 0.045032 0.002075 0.280000 0.002538
0.249935
0.331513 0.333333 0.959969 0.012846 0.992770 0.993918 0.931185 0.287513 0.320106 0.211582 0.000000 0.199176
0.500814
0.166971 1.000000 0.988349 0.011183 0.990645 0.992667 0.685020 0.048037 0.008086 0.055047 0.000000 0.104029
0.331507
0.124664 1.000000 0.000117 0.997340 0.000014 0.000053 0.026778 0.044492 0.047523 0.005960 0.320000 0.008056
0.249935
0.124665 1.000000 0.000103 0.997340 0.000049 0.000110 0.026684 0.042886 0.042002 0.001776 0.320000 0.002253
0.249935
0.331495 0.333333 0.959756 0.012841 0.992763 0.995446 0.932563 0.285894 0.305293 0.201022 0.000000 0.201001
0.500814
0.124663 1.000000 0.000085 0.997354 0.000016 0.000083 0.027460 0.044552 0.044473 0.002486 0.320000 0.006573
0.249935
0.124661 1.000000 0.000035 0.997340 0.000006 0.000022 0.028539 0.047079 0.046942 0.002747 0.320000 0.005532
0.249935
0.124661 1.000000 0.000015 0.997340 0.000035 0.000097 0.030138 0.048871 0.044704 0.002614 0.400000 0.001469
0.249935
0.331438 0.333333 0.959086 0.012841 0.992726 0.994116 0.933134 0.285945 0.304621 0.192360 0.000000 0.192375
0.500814
0.124663 1.000000 0.000068 0.997341 0.000052 0.000154 0.027754 0.044398 0.044430 0.002381 0.240000 0.005176
0.249935
0.166994 1.000000 0.988891 0.011187 0.990612 0.993233 0.684700 0.048015 0.008880 0.057478 0.040000 0.098740
0.331507
0.331515 0.333333 0.959982 0.012846 0.992794 0.995012 0.933188 0.286055 0.303880 0.203092 0.000000 0.197037
0.500814
0.331689 0.333333 0.962021 0.012850 0.992775 0.996105 0.931705 0.287832 0.320180 0.212437 0.000000 0.209057
0.500814
0.249381 0.333333 0.000669 0.998568 0.000327 0.000404 0.420308 0.676234 0.282437 0.014844 0.240000 0.038797
0.374179
0.331556 0.333333 0.960461 0.012850 0.992713 0.993703 0.931776 0.288266 0.321534 0.213336 0.000000 0.193658
0.500814
0.166993 1.000000 0.988863 0.011183 0.990580 0.993251 0.684381 0.048044 0.009859 0.061706 0.000000 0.103602
0.331507
0.331533 0.333333 0.960195 0.012846 0.992773 0.994498 0.931307 0.288002 0.321205 0.215577 0.000000 0.195925
0.500814
0.167048 1.000000 0.990146 0.011187 0.990589 0.992996 0.684916 0.048673 0.009314 0.060596 0.000000 0.095546
0.331507
0.167006 1.000000 0.989144 0.011187 0.990621 0.993510 0.684573 0.048251 0.010197 0.061579 0.000000 0.097813
0.331507
0.124663 1.000000 0.000061 0.997354 0.000013 0.000092 0.029332 0.047403 0.044358 0.002791 0.320000 0.002909
0.249935
0.331471 0.333333 0.959483 0.012841 0.992786 0.994722 0.932253 0.285837 0.306034 0.200162 0.000000 0.200616
0.500814
0.331539 0.333333 0.960279 0.012846 0.992804 0.994783 0.932164 0.285154 0.304213 0.201427 0.000000 0.207075
0.500814
0.167030 1.000000 0.989724 0.011183 0.990528 0.994037 0.684178 0.048025 0.009410 0.059403 0.000000 0.097057
0.331507
0.167030 1.000000 0.989734 0.011187 0.990552 0.994898 0.684540 0.048017 0.009041 0.059814 0.040000 0.101064
0.331507
0.166978 1.000000 0.988494 0.011187 0.990577 0.993185 0.684635 0.047952 0.009376 0.060313 0.040000 0.104072
0.331507
0.167001 1.000000 0.989046 0.011187 0.990589 0.992781 0.684875 0.048334 0.009516 0.058837 0.000000 0.100579
0.331507
0.249383 0.333333 0.000695 0.998568 0.000339 0.000404 0.420598 0.676245 0.280309 0.013984 0.320000 0.036744
0.374179
0.124663 1.000000 0.000063 0.997340 0.000005 0.000000 0.027430 0.045418 0.046570 0.004167 0.280000 0.009496
0.249935
0.167023 1.000000 0.989560 0.011187 0.990582 0.993088 0.684962 0.048281 0.009230 0.055597 0.000000 0.106368
0.331507
0.124661 1.000000 0.000052 0.997340 0.000012 0.000026 0.027561 0.043775 0.043346 0.000877 0.320000 0.002296
0.249935
0.249377 0.333333 0.000617 0.998585 0.000331 0.000404 0.420655 0.676489 0.281163 0.017646 0.280000 0.038469
0.374179
0.167096 1.000000 0.991262 0.011178 0.990633 0.994090 0.683554 0.047971 0.011785 0.067799 0.040000 0.106311
0.331507
0.331518 0.333333 0.960028 0.012846 0.992816 0.994221 0.932905 0.285801 0.304228 0.200023 0.080000 0.195483
0.500814
0.167016 1.000000 0.989379 0.011183 0.990613 0.992939 0.685134 0.048177 0.007123 0.056545 0.000000 0.107280
0.331507
0.166989 1.000000 0.988741 0.011178 0.990639 0.994072 0.685315 0.048541 0.008148 0.057544 0.040000 0.100394
0.331507
0.331468 0.333333 0.959434 0.012841 0.992720 0.994006 0.932053 0.285541 0.306576 0.202088 0.040000 0.202455
0.500814
0.331533 0.333333 0.960213 0.012850 0.992785 0.995201 0.933332 0.285797 0.303117 0.197476 0.000000 0.202484
0.500814
0.166981 1.000000 0.988573 0.011183 0.990630 0.992320 0.684721 0.048114 0.009408 0.058965 0.000000 0.101777
0.331507
0.249383 0.333333 0.000692 0.998568 0.000341 0.000443 0.419926 0.676519 0.284649 0.017913 0.280000 0.042205
0.374179
0.331473 0.333333 0.959494 0.012841 0.992685 0.995837 0.932729 0.285852 0.305396 0.196344 0.000000 0.197436
0.500814
0.249387 0.333333 0.000738 0.998568 0.000389 0.000505 0.421539 0.678176 0.280602 0.018418 0.280000 0.035689
0.374179
0.124663 1.000000 0.000080 0.997340 0.000039 0.000088 0.029607 0.048739 0.046997 0.002575 0.360000 0.007742
0.249935
0.249381 0.333333 0.000670 0.998585 0.000339 0.000443 0.420025 0.675317 0.281050 0.015515 0.200000 0.036117
0.374179
0.167050 1.000000 0.990194 0.011183 0.990568 0.992891 0.684549 0.048084 0.009139 0.061512 0.000000 0.099310
0.331507
0.124663 1.000000 0.000066 0.997354 0.000054 0.000136 0.027482 0.044452 0.043358 0.003291 0.280000 0.005261
0.249935
0.167021 1.000000 0.989526 0.011183 0.990631 0.993264 0.684699 0.048117 0.009427 0.059470 0.040000 0.098383
0.331507
0.124663 1.000000 0.000090 0.997345 0.000056 0.000127 0.065391 0.110169 0.052103 0.005072 0.320000 0.009496
0.249935
0.167025 1.000000 0.989619 0.011178 0.990644 0.993014 0.684524 0.047788 0.008733 0.059303 0.000000 0.104143
0.331507
0.166995 1.000000 0.988920 0.011178 0.990604 0.993361 0.684492 0.047916 0.008647 0.060114 0.000000 0.102190
0.331507
0.249381 0.333333 0.000671 0.998568 0.000331 0.000408 0.420229 0.677409 0.286610 0.017125 0.280000 0.043574
0.374179
0.249381 0.333333 0.000675 0.998585 0.000386 0.000523 0.419106 0.675343 0.286300 0.017840 0.320000 0.036929
0.374179
0.167012 1.000000 0.989299 0.011191 0.990615 0.992706 0.684328 0.048024 0.008623 0.064231 0.040000 0.096957
0.331507
0.331502 0.333333 0.959829 0.012841 0.992756 0.993532 0.932044 0.285102 0.306507 0.201499 0.000000 0.209157
0.500814
0.331467 0.333333 0.959425 0.012841 0.992783 0.994270 0.932360 0.285399 0.307587 0.198919 0.040000 0.200873
0.500814
0.331508 0.333333 0.959911 0.012846 0.992753 0.994502 0.933139 0.286132 0.303220 0.200234 0.040000 0.193558
0.500814
0.166927 1.000000 0.987306 0.011183 0.990635 0.992693 0.684852 0.047812 0.007668 0.057128 0.000000 0.107409
0.331507
0.124664 1.000000 0.000092 0.997350 0.000055 0.000145 0.029144 0.046860 0.043132 0.001354 0.280000 0.002538
0.249935
