604 12 1
0.035623 1.000000 0.000000 0.000000 0.000000 0.000000 0.000000 0.000000 0.000000 0.333333 0.000000 0.111111
0.285073
0.142493 1.000000 0.351272 0.587724 0.999873 0.092337 0.044121 0.054614 0.018344 1.000000 0.040541 0.333333
0.285073
0.142500 1.000000 0.351298 0.587726 0.999874 0.095021 0.206935 0.085606 0.049002 0.000000 0.049186 0.083333
0.285073
0.142495 1.000000 0.351279 0.587727 0.999875 0.096094 0.076323 0.054643 0.019173 0.166667 0.038853 0.166667
0.285073
0.142499 1.000000 0.351292 0.587727 0.999875 0.095558 0.207820 0.085489 0.049425 0.083333 0.049174 0.111111
0.285073
0.142494 1.000000 0.351278 0.587728 0.999875 0.096631 0.073503 0.054691 0.019578 0.166667 0.040679 0.277778
0.285073
0.142502 1.000000 0.351302 0.587728 0.999875 0.096631 0.208790 0.085381 0.049020 0.000000 0.049201 0.166667
0.285073
0.142495 1.000000 0.351282 0.587728 0.999875 0.096631 0.075082 0.054594 0.018796 0.250000 0.037881 0.194444
0.285073
0.142500 1.000000 0.351300 0.587728 0.999875 0.096631 0.210170 0.085451 0.048223 0.250000 0.048850 0.138889
0.285073
0.142494 1.000000 0.351278 0.587728 0.999875 0.096631 0.072200 0.054587 0.018623 0.166667 0.038326 0.222222
0.285073
0.142501 1.000000 0.351302 0.587728 0.999875 0.096631 0.207561 0.085380 0.049071 0.083333 0.049130 0.138889
0.285073
0.142493 1.000000 0.351279 0.587728 0.999875 0.096631 0.072496 0.054602 0.018940 0.166667 0.038880 0.277778
0.285073
0.142501 1.000000 0.351302 0.587728 0.999875 0.096631 0.208890 0.085494 0.048333 0.000000 0.049145 0.194444
0.285073
0.142496 1.000000 0.351283 0.587728 0.999875 0.096631 0.075009 0.054668 0.019455 0.166667 0.040143 0.138889
0.285073
0.142500 1.000000 0.351297 0.587728 0.999875 0.096631 0.209112 0.085128 0.049163 0.083333 0.048971 0.194444
0.285073
0.142496 1.000000 0.351282 0.587728 0.999875 0.096631 0.076541 0.054748 0.020125 0.166667 0.042008 0.194444
0.285073
0.142501 1.000000 0.351304 0.587728 0.999875 0.096631 0.208858 0.085261 0.049495 0.000000 0.049183 0.194444
0.285073
0.142495 1.000000 0.351281 0.587728 0.999875 0.096631 0.073528 0.054745 0.020003 0.166667 0.041808 0.166667
0.285073
0.142502 1.000000 0.351304 0.587728 0.999875 0.096631 0.208842 0.085693 0.048273 0.250000 0.049215 0.138889
0.285073
0.142495 1.000000 0.351279 0.587728 0.999875 0.096631 0.073543 0.054636 0.019172 0.083333 0.039015 0.194444
0.285073
0.142502 1.000000 0.351305 0.587728 0.999875 0.096631 0.209263 0.085619 0.049033 0.083333 0.049483 0.083333
0.285073
0.142496 1.000000 0.351279 0.587728 0.999875 0.096631 0.074478 0.054528 0.018439 0.083333 0.036942 0.111111
0.285073
0.142501 1.000000 0.351300 0.587728 0.999875 0.096631 0.209318 0.085698 0.048655 0.083333 0.049427 0.138889
0.285073
0.142497 1.000000 0.351284 0.587728 0.999875 0.096631 0.075208 0.054638 0.019608 0.333333 0.040129 0.194444
0.285073
0.142501 1.000000 0.351302 0.587728 0.999875 0.096631 0.210123 0.085052 0.049962 0.083333 0.049230 0.166667
0.285073
0.142495 1.000000 0.351280 0.587728 0.999875 0.096631 0.071342 0.054602 0.018835 0.166667 0.038877 0.194444
0.285073
0.142502 1.000000 0.351303 0.587728 0.999875 0.096631 0.208108 0.085870 0.047737 0.000000 0.049177 0.166667
0.285073
0.142496 1.000000 0.351284 0.587728 0.999875 0.096631 0.073451 0.054529 0.018679 0.250000 0.038005 0.166667
0.285073
0.142502 1.000000 0.351307 0.587728 0.999875 0.096631 0.209740 0.085523 0.049029 0.000000 0.048965 0.250000
0.285073
0.142495 1.000000 0.351279 0.587728 0.999875 0.096631 0.072751 0.054628 0.019506 0.083333 0.040429 0.111111
0.285073
0.142499 1.000000 0.351294 0.587728 0.999875 0.096631 0.207769 0.085500 0.048353 0.250000 0.049071 0.083333
0.285073
0.142496 1.000000 0.351280 0.587728 0.999875 0.096631 0.075371 0.054684 0.019758 0.083333 0.040547 0.138889
0.285073
0.142501 1.000000 0.351302 0.587728 0.999875 0.096631 0.209589 0.085106 0.049899 0.000000 0.049233 0.194444
0.285073
0.142496 1.000000 0.351283 0.587728 0.999875 0.096631 0.074520 0.054643 0.019282 0.083333 0.039504 0.166667
0.285073
0.142502 1.000000 0.351306 0.587728 0.999875 0.096631 0.208930 0.085225 0.049728 0.166667 0.049180 0.138889
0.285073
0.142495 1.000000 0.351277 0.587728 0.999875 0.096631 0.072360 0.054685 0.019860 0.250000 0.041448 0.166667
0.285073
0.142501 1.000000 0.351302 0.587728 0.999875 0.096631 0.208908 0.085599 0.047591 0.166667 0.049177 0.194444
0.285073
0.142495 1.000000 0.351282 0.587728 0.999875 0.096631 0.073886 0.054738 0.020001 0.083333 0.041737 0.222222
0.285073
0.142500 1.000000 0.351301 0.587728 0.999875 0.096631 0.207785 0.085340 0.049199 0.000000 0.048880 0.194444
0.285073
0.142495 1.000000 0.351278 0.587728 0.999875 0.096631 0.073146 0.054585 0.018626 0.166667 0.037831 0.222222
0.285073
0.142499 1.000000 0.351299 0.587728 0.999875 0.096631 0.207979 0.085400 0.048948 0.250000 0.049092 0.083333
0.285073
0.142496 1.000000 0.351281 0.587728 0.999875 0.096631 0.073131 0.054526 0.018338 0.000000 0.036877 0.194444
0.285073
0.142498 1.000000 0.351296 0.587728 0.999875 0.096631 0.208393 0.085326 0.049499 0.166667 0.048877 0.166667
0.285073
0.142495 1.000000 0.351275 0.587728 0.999875 0.096631 0.074969 0.054701 0.019928 0.083333 0.041009 0.194444
0.285073
0.142503 1.000000 0.351306 0.587728 0.999875 0.096631 0.207285 0.085592 0.048545 0.166667 0.049115 0.194444
0.285073
0.142494 1.000000 0.351281 0.587728 0.999875 0.096631 0.072100 0.054632 0.019046 0.083333 0.039195 0.222222
0.285073
0.142501 1.000000 0.351298 0.587728 0.999875 0.096631 0.208173 0.085587 0.048731 0.083333 0.048888 0.222222
0.285073
0.142495 1.000000 0.351279 0.587728 0.999875 0.096631 0.074285 0.054614 0.019137 0.250000 0.039330 0.166667
0.285073
0.142502 1.000000 0.351305 0.587728 0.999875 0.096631 0.208611 0.085190 0.049951 0.000000 0.049315 0.222222
0.285073
0.142493 1.000000 0.351276 0.587728 0.999875 0.096631 0.073901 0.054622 0.019570 0.333333 0.039911 0.222222
0.285073
0.142500 1.000000 0.351299 0.587728 0.999875 0.096631 0.208835 0.085324 0.049317 0.083333 0.049195 0.194444
0.285073
0.142495 1.000000 0.351277 0.587728 0.999875 0.096631 0.072927 0.054650 0.019440 0.250000 0.040408 0.138889
0.285073
0.142502 1.000000 0.351301 0.587728 0.999875 0.096631 0.209302 0.085669 0.048362 0.250000 0.049074 0.166667
0.285073
0.142496 1.000000 0.351283 0.587728 0.999875 0.096631 0.073449 0.054674 0.019534 0.166667 0.040565 0.277778
0.285073
0.142498 1.000000 0.351291 0.587727 0.999875 0.096094 0.207362 0.085337 0.049464 0.166667 0.049112 0.222222
0.285073
0.142495 1.000000 0.351281 0.587725 0.999874 0.094484 0.072348 0.054510 0.017773 0.166667 0.035602 0.194444
0.285073
0.142503 1.000000 0.351305 0.587725 0.999874 0.094484 0.207140 0.085445 0.048763 0.083333 0.048915 0.166667
0.285073
0.142494 1.000000 0.351277 0.587725 0.999874 0.094484 0.073040 0.054643 0.018980 0.083333 0.039104 0.194444
0.285073
0.142501 1.000000 0.351298 0.587725 0.999874 0.094484 0.207174 0.085466 0.049527 0.083333 0.049171 0.138889
0.285073
0.142493 1.000000 0.351282 0.587725 0.999874 0.094484 0.072538 0.054571 0.018887 0.333333 0.038680 0.222222
0.285073
0.142500 1.000000 0.351298 0.587725 0.999874 0.094484 0.207266 0.085671 0.048559 0.083333 0.048950 0.222222
0.285073
0.142493 1.000000 0.351274 0.587725 0.999874 0.094484 0.073742 0.054686 0.019599 0.083333 0.040953 0.138889
0.285073
0.142498 1.000000 0.351294 0.587725 0.999874 0.094484 0.205732 0.085647 0.048649 0.250000 0.049047 0.083333
0.285073
0.142492 1.000000 0.351274 0.587725 0.999874 0.094484 0.073230 0.054751 0.020154 0.166667 0.042403 0.194444
0.285073
0.142499 1.000000 0.351295 0.587725 0.999874 0.094484 0.209638 0.085564 0.049159 0.000000 0.049106 0.194444
0.285073
0.142495 1.000000 0.351282 0.587725 0.999874 0.094484 0.074806 0.054755 0.020317 0.250000 0.042190 0.083333
0.285073
0.142498 1.000000 0.351295 0.587725 0.999874 0.094484 0.208921 0.085233 0.049216 0.250000 0.048771 0.166667
0.285073
0.142496 1.000000 0.351285 0.587725 0.999874 0.094484 0.072708 0.054597 0.018912 0.166667 0.038759 0.138889
0.285073
0.142500 1.000000 0.351300 0.587725 0.999874 0.094484 0.207696 0.085426 0.048647 0.166667 0.049374 0.194444
0.285073
0.142493 1.000000 0.351275 0.587725 0.999874 0.094484 0.073227 0.054549 0.018731 0.083333 0.037834 0.194444
0.285073
0.142499 1.000000 0.351299 0.587725 0.999874 0.094484 0.208183 0.085320 0.048775 0.083333 0.049254 0.111111
0.285073
0.142495 1.000000 0.351282 0.587725 0.999874 0.094484 0.072634 0.054583 0.018755 0.250000 0.038238 0.305556
0.285073
0.142497 1.000000 0.351291 0.587725 0.999874 0.094484 0.210987 0.085496 0.049152 0.166667 0.049145 0.055556
0.285073
0.142494 1.000000 0.351280 0.587725 0.999874 0.094484 0.075071 0.054494 0.018146 0.083333 0.036167 0.166667
0.285073
0.142499 1.000000 0.351293 0.587725 0.999874 0.094484 0.208757 0.085589 0.049409 0.166667 0.049528 0.166667
0.285073
0.142494 1.000000 0.351279 0.587725 0.999874 0.094484 0.075149 0.054626 0.019243 0.416667 0.038842 0.166667
0.285073
0.142501 1.000000 0.351302 0.587725 0.999874 0.094484 0.207996 0.085357 0.049294 0.083333 0.049136 0.111111
0.285073
0.142493 1.000000 0.351280 0.587725 0.999874 0.094484 0.072642 0.054465 0.017462 0.083333 0.034306 0.166667
0.285073
0.142498 1.000000 0.351293 0.587725 0.999874 0.094484 0.208944 0.085330 0.049491 0.166667 0.049192 0.250000
0.285073
0.142495 1.000000 0.351277 0.587725 0.999874 0.094484 0.071966 0.054651 0.019403 0.166667 0.040155 0.166667
0.285073
0.142501 1.000000 0.351302 0.587725 0.999874 0.094484 0.210628 0.085464 0.049172 0.083333 0.049242 0.194444
0.285073
0.142495 1.000000 0.351277 0.587727 0.999875 0.095558 0.073611 0.054557 0.018634 0.250000 0.037687 0.111111
0.285073
0.142500 1.000000 0.351301 0.587727 0.999875 0.096094 0.209399 0.085370 0.049027 0.166667 0.049183 0.083333
0.285073
0.142498 1.000000 0.351285 0.587728 0.999875 0.096631 0.071394 0.054619 0.018798 0.250000 0.038724 0.083333
0.285073
0.142500 1.000000 0.351295 0.587728 0.999875 0.096631 0.209334 0.085601 0.048551 0.083333 0.049018 0.083333
0.285073
0.142495 1.000000 0.351279 0.587728 0.999875 0.096631 0.073329 0.054592 0.018906 0.083333 0.038515 0.194444
0.285073
0.142501 1.000000 0.351302 0.587728 0.999875 0.096631 0.209679 0.085457 0.049227 0.083333 0.049083 0.166667
0.285073
0.142495 1.000000 0.351281 0.587728 0.999875 0.096631 0.074484 0.054579 0.018577 0.250000 0.037375 0.250000
0.285073
0.142498 1.000000 0.351294 0.587728 0.999875 0.096631 0.209614 0.085328 0.049446 0.166667 0.049100 0.138889
0.285073
0.142496 1.000000 0.351282 0.587728 0.999875 0.096631 0.073021 0.054603 0.019240 0.083333 0.039460 0.277778
0.285073
0.142502 1.000000 0.351308 0.587728 0.999875 0.096631 0.208835 0.085452 0.049416 0.083333 0.049127 0.194444
0.285073
0.142495 1.000000 0.351282 0.587728 0.999875 0.096631 0.071826 0.054595 0.018768 0.166667 0.038506 0.194444
0.285073
0.142501 1.000000 0.351303 0.587728 0.999875 0.096631 0.208324 0.085021 0.050433 0.416667 0.049006 0.111111
0.285073
0.142498 1.000000 0.351285 0.587728 0.999875 0.096631 0.075831 0.054712 0.020041 0.333333 0.041731 0.194444
0.285073
0.142499 1.000000 0.351294 0.587728 0.999875 0.096631 0.211291 0.084956 0.049992 0.166667 0.048956 0.138889
0.285073
0.142496 1.000000 0.351281 0.587728 0.999875 0.096631 0.074039 0.054528 0.018025 0.166667 0.035814 0.166667
0.285073
0.142501 1.000000 0.351299 0.587728 0.999875 0.096631 0.209906 0.085613 0.048464 0.083333 0.048829 0.250000
0.285073
0.142495 1.000000 0.351280 0.587728 0.999875 0.096631 0.074202 0.054512 0.017944 0.250000 0.035204 0.222222
0.285073
0.142501 1.000000 0.351303 0.587728 0.999875 0.096631 0.209448 0.085610 0.049214 0.250000 0.049021 0.138889
0.285073
0.142496 1.000000 0.351283 0.587728 0.999875 0.096631 0.073784 0.054572 0.018653 0.250000 0.037719 0.166667
0.285073
0.142500 1.000000 0.351296 0.587728 0.999875 0.096631 0.209187 0.085533 0.048349 0.250000 0.049383 0.138889
0.285073
0.142497 1.000000 0.351288 0.587728 0.999875 0.096631 0.073267 0.054636 0.019203 0.000000 0.039389 0.222222
0.285073
0.142501 1.000000 0.351304 0.587728 0.999875 0.096631 0.208283 0.085301 0.049189 0.083333 0.049024 0.138889
0.285073
0.142495 1.000000 0.351282 0.587728 0.999875 0.096631 0.073983 0.054595 0.019012 0.166667 0.038326 0.138889
0.285073
0.142500 1.000000 0.351298 0.587728 0.999875 0.096631 0.208687 0.085457 0.049251 0.083333 0.049327 0.138889
0.285073
0.142497 1.000000 0.351287 0.587728 0.999875 0.096631 0.074015 0.054739 0.019839 0.250000 0.041301 0.138889
0.285073
0.142501 1.000000 0.351301 0.587728 0.999875 0.096631 0.208496 0.085393 0.049180 0.083333 0.049354 0.111111
0.285073
0.142494 1.000000 0.351278 0.587728 0.999875 0.096631 0.073123 0.054729 0.019627 0.083333 0.040868 0.250000
0.285073
0.142502 1.000000 0.351302 0.587728 0.999875 0.096631 0.207384 0.085443 0.048846 0.000000 0.049121 0.166667
0.285073
0.142496 1.000000 0.351284 0.587728 0.999875 0.096631 0.074533 0.054588 0.019224 0.333333 0.039319 0.055556
0.285073
0.142502 1.000000 0.351306 0.587728 0.999875 0.096631 0.208987 0.085595 0.048825 0.250000 0.049151 0.111111
0.285073
0.142497 1.000000 0.351283 0.587728 0.999875 0.096631 0.073188 0.054538 0.018275 0.166667 0.036459 0.194444
0.285073
0.142502 1.000000 0.351308 0.587728 0.999875 0.096631 0.209560 0.085389 0.049487 0.250000 0.048909 0.194444
0.285073
0.142495 1.000000 0.351280 0.587728 0.999875 0.096631 0.073565 0.054674 0.019621 0.000000 0.040750 0.111111
0.285073
0.142503 1.000000 0.351307 0.587728 0.999875 0.096631 0.210388 0.085482 0.048972 0.000000 0.049139 0.194444
0.285073
0.142494 1.000000 0.351279 0.587728 0.999875 0.096631 0.074864 0.054591 0.019077 0.083333 0.038356 0.222222
0.285073
0.142501 1.000000 0.351302 0.587728 0.999875 0.096631 0.209827 0.085259 0.049277 0.166667 0.049233 0.083333
0.285073
0.142494 1.000000 0.351278 0.587728 0.999875 0.096631 0.073279 0.054667 0.019503 0.500000 0.040297 0.166667
0.285073
0.142501 1.000000 0.351304 0.587728 0.999875 0.096631 0.207931 0.085358 0.049463 0.166667 0.049265 0.111111
0.285073
0.142494 1.000000 0.351277 0.587728 0.999875 0.096631 0.071998 0.054600 0.018975 0.000000 0.039398 0.138889
0.285073
0.142500 1.000000 0.351297 0.587728 0.999875 0.096631 0.206958 0.085665 0.048500 0.000000 0.049339 0.194444
0.285073
0.142496 1.000000 0.351281 0.587728 0.999875 0.096631 0.073272 0.054638 0.018796 0.166667 0.038694 0.194444
0.285073
0.142499 1.000000 0.351297 0.587728 0.999875 0.096631 0.206629 0.085343 0.049019 0.083333 0.049242 0.111111
0.285073
0.142495 1.000000 0.351279 0.587728 0.999875 0.096631 0.071959 0.054641 0.019306 0.250000 0.040108 0.111111
0.285073
0.142501 1.000000 0.351306 0.587740 0.999925 0.096631 0.210211 0.085203 0.049476 0.166667 0.049168 0.111111
0.285073
0.142496 1.000000 0.351283 0.587728 0.999875 0.096631 0.069822 0.054556 0.018369 0.250000 0.037666 0.166667
0.285073
0.142504 1.000000 0.351307 0.587728 0.999875 0.096631 0.209144 0.085736 0.048360 0.166667 0.049195 0.166667
0.285073
0.142496 1.000000 0.351282 0.587728 0.999875 0.096631 0.074557 0.054825 0.020682 0.083333 0.043740 0.194444
0.285073
0.142500 1.000000 0.351298 0.587728 0.999875 0.096631 0.210349 0.085350 0.049124 0.250000 0.049248 0.111111
0.285073
0.142495 1.000000 0.351279 0.587728 0.999875 0.096631 0.074168 0.054609 0.018879 0.083333 0.038512 0.305556
0.285073
0.142501 1.000000 0.351301 0.587728 0.999875 0.096631 0.207246 0.085529 0.048664 0.000000 0.049036 0.111111
0.285073
0.142496 1.000000 0.351279 0.587728 0.999874 0.096631 0.074253 0.054627 0.019186 0.250000 0.039528 0.194444
0.285073
0.142500 1.000000 0.351302 0.587727 0.999874 0.096094 0.209026 0.085500 0.048293 0.166667 0.049033 0.083333
0.285073
0.142495 1.000000 0.351280 0.587726 0.999873 0.095558 0.073785 0.054491 0.017955 0.250000 0.035708 0.111111
0.285073
0.142498 1.000000 0.351292 0.587726 0.999873 0.095558 0.212238 0.085216 0.050005 0.000000 0.049448 0.222222
0.285073
0.142496 1.000000 0.351285 0.587725 0.999873 0.094484 0.074101 0.054636 0.019087 0.166667 0.039198 0.250000
0.285073
0.142500 1.000000 0.351301 0.587725 0.999873 0.094484 0.209212 0.085628 0.048948 0.083333 0.048950 0.111111
0.285073
0.142493 1.000000 0.351282 0.587725 0.999873 0.094484 0.073876 0.054738 0.019824 0.000000 0.041566 0.138889
0.285073
0.142500 1.000000 0.351299 0.587725 0.999873 0.094484 0.208393 0.085408 0.050086 0.166667 0.049009 0.111111
0.285073
0.142494 1.000000 0.351280 0.587725 0.999873 0.094484 0.073766 0.054672 0.019402 0.083333 0.040167 0.166667
0.285073
0.142500 1.000000 0.351297 0.587725 0.999873 0.094484 0.209752 0.085291 0.049595 0.083333 0.049133 0.166667
0.285073
0.142494 1.000000 0.351279 0.587725 0.999873 0.094484 0.075596 0.054692 0.019815 0.166667 0.041024 0.277778
0.285073
0.142500 1.000000 0.351297 0.587725 0.999873 0.094484 0.207977 0.085864 0.047967 0.083333 0.048991 0.111111
0.285073
0.142494 1.000000 0.351280 0.587725 0.999873 0.094484 0.074678 0.054610 0.019066 0.166667 0.039009 0.222222
0.285073
0.142502 1.000000 0.351302 0.587725 0.999873 0.094484 0.207240 0.085227 0.049658 0.083333 0.049174 0.194444
0.285073
0.142493 1.000000 0.351277 0.587725 0.999873 0.094484 0.075078 0.054664 0.019562 0.250000 0.040052 0.250000
0.285073
0.142502 1.000000 0.351304 0.587725 0.999873 0.094484 0.205497 0.085725 0.049088 0.166667 0.049227 0.083333
0.285073
0.142495 1.000000 0.351276 0.587725 0.999873 0.094484 0.073667 0.054526 0.018020 0.166667 0.036141 0.250000
0.285073
0.142499 1.000000 0.351297 0.587725 0.999873 0.094484 0.209354 0.085387 0.048981 0.083333 0.049003 0.138889
0.285073
0.142496 1.000000 0.351284 0.587725 0.999873 0.094484 0.073117 0.054572 0.018470 0.000000 0.037201 0.194444
0.285073
0.142499 1.000000 0.351297 0.587725 0.999873 0.094484 0.209241 0.085630 0.048065 0.166667 0.049651 0.083333
0.285073
0.226823 1.000000 0.351357 0.587799 0.999907 0.157294 0.241459 0.088900 0.031826 0.333333 0.049616 0.194444
0.285073
0.285071 0.333333 0.351414 0.587853 0.999932 0.202926 0.448750 0.132584 0.070356 0.083333 0.053542 0.055556
0.426935
0.285075 0.333333 0.351418 0.587855 0.999932 0.203999 0.479003 0.139254 0.072035 0.083333 0.050243 0.000000
0.426935
0.285070 0.333333 0.351412 0.587853 0.999931 0.202389 0.449099 0.132601 0.071425 0.166667 0.053354 0.083333
0.426935
0.285072 0.333333 0.351412 0.587852 0.999931 0.201852 0.478216 0.139509 0.070379 0.083333 0.049887 0.222222
0.426935
0.285071 0.333333 0.351412 0.587852 0.999931 0.201852 0.448244 0.132455 0.072241 0.166667 0.053619 0.083333
0.426935
0.285073 0.333333 0.351416 0.587852 0.999931 0.201852 0.478162 0.139658 0.069466 0.000000 0.050105 0.083333
0.426935
0.285073 0.333333 0.351413 0.587852 0.999931 0.201852 0.449163 0.132468 0.073127 0.166667 0.053115 0.138889
0.426935
0.285080 0.333333 0.351425 0.587855 0.999932 0.203999 0.478990 0.139207 0.070216 0.166667 0.050252 0.083333
0.426935
0.285078 0.333333 0.351422 0.587855 0.999932 0.203999 0.449734 0.132617 0.071698 0.166667 0.053292 0.055556
0.426935
0.285076 0.333333 0.351420 0.587852 0.999931 0.201852 0.478956 0.139347 0.071431 0.083333 0.050078 0.027778
0.426935
0.285076 0.333333 0.351419 0.587852 0.999931 0.201852 0.449111 0.132579 0.071089 0.000000 0.053133 0.111111
0.426935
0.285074 0.333333 0.351417 0.587852 0.999931 0.201852 0.478729 0.139326 0.070774 0.000000 0.050164 0.083333
0.426935
0.285070 0.333333 0.351410 0.587852 0.999931 0.201852 0.449361 0.132541 0.071927 0.083333 0.053371 0.055556
0.426935
0.285076 0.333333 0.351418 0.587853 0.999931 0.202389 0.479039 0.139295 0.070723 0.000000 0.050037 0.055556
0.426935
0.285076 0.333333 0.351419 0.587855 0.999932 0.203999 0.449030 0.132609 0.070364 0.000000 0.053192 0.055556
0.426935
0.285075 0.333333 0.351417 0.587853 0.999931 0.202389 0.478489 0.139407 0.069947 0.083333 0.049940 0.111111
0.426935
0.285076 0.333333 0.351420 0.587852 0.999931 0.201852 0.449913 0.132500 0.072169 0.166667 0.053580 0.138889
0.426935
0.285068 0.333333 0.351409 0.587852 0.999931 0.201852 0.478862 0.139320 0.070822 0.166667 0.049822 0.055556
0.426935
0.285075 0.333333 0.351418 0.587852 0.999931 0.201852 0.450108 0.132573 0.071266 0.000000 0.053377 0.166667
0.426935
0.285074 0.333333 0.351417 0.587852 0.999931 0.201852 0.478390 0.139474 0.070229 0.083333 0.049866 0.111111
0.426935
0.285073 0.333333 0.351415 0.587855 0.999932 0.203999 0.449802 0.132543 0.071355 0.083333 0.053525 0.111111
0.426935
0.285072 0.333333 0.351415 0.587854 0.999932 0.203463 0.478676 0.139438 0.070390 0.083333 0.050028 0.111111
0.426935
0.285071 0.333333 0.351411 0.587852 0.999931 0.201852 0.449913 0.132528 0.072223 0.166667 0.053321 0.055556
0.426935
0.285074 0.333333 0.351416 0.587852 0.999931 0.201852 0.478557 0.139435 0.070256 0.000000 0.050005 0.055556
0.426935
0.285069 0.333333 0.351408 0.587852 0.999931 0.201852 0.449457 0.132552 0.072431 0.000000 0.053536 0.166667
0.426935
0.285070 0.333333 0.351411 0.587852 0.999931 0.201852 0.478944 0.139374 0.069975 0.166667 0.049946 0.027778
0.426935
0.285072 0.333333 0.351413 0.587853 0.999932 0.202926 0.449671 0.132654 0.070309 0.000000 0.053118 0.111111
0.426935
0.285075 0.333333 0.351417 0.587855 0.999932 0.203999 0.478729 0.139421 0.071442 0.166667 0.049881 0.055556
0.426935
0.285069 0.333333 0.351410 0.587853 0.999931 0.202389 0.448328 0.132532 0.071663 0.000000 0.053245 0.111111
0.426935
0.285074 0.333333 0.351418 0.587852 0.999931 0.201852 0.478276 0.139544 0.069965 0.166667 0.050040 0.055556
0.426935
0.285073 0.333333 0.351416 0.587852 0.999931 0.201852 0.450049 0.132505 0.071735 0.000000 0.053174 0.055556
0.426935
0.285077 0.333333 0.351421 0.587852 0.999931 0.201852 0.479110 0.139251 0.070536 0.083333 0.050102 0.083333
0.426935
0.285077 0.333333 0.351422 0.587852 0.999931 0.201852 0.449507 0.132625 0.071287 0.000000 0.053277 0.055556
0.426935
0.285076 0.333333 0.351420 0.587855 0.999932 0.203463 0.478884 0.139402 0.070878 0.166667 0.050367 0.083333
0.426935
0.285069 0.333333 0.351408 0.587854 0.999932 0.203999 0.450211 0.132546 0.071785 0.083333 0.053460 0.083333
0.426935
0.285070 0.333333 0.351413 0.587852 0.999931 0.201852 0.478976 0.139431 0.070592 0.166667 0.049928 0.083333
0.426935
0.285066 0.333333 0.351405 0.587852 0.999931 0.201852 0.449671 0.132468 0.072088 0.083333 0.053139 0.166667
0.426935
0.285067 0.333333 0.351407 0.587852 0.999931 0.201852 0.478834 0.139375 0.068689 0.083333 0.049910 0.083333
0.426935
0.285070 0.333333 0.351410 0.587852 0.999931 0.201852 0.449467 0.132588 0.071885 0.083333 0.053572 0.055556
0.426935
0.285072 0.333333 0.351416 0.587853 0.999931 0.202389 0.478072 0.139520 0.070769 0.166667 0.050223 0.027778
0.426935
0.285069 0.333333 0.351408 0.587855 0.999932 0.203999 0.449530 0.132533 0.071010 0.000000 0.053283 0.055556
0.426935
0.285074 0.333333 0.351416 0.587853 0.999931 0.202389 0.478582 0.139258 0.070467 0.083333 0.050117 0.055556
0.426935
0.285073 0.333333 0.351416 0.587852 0.999931 0.201852 0.450607 0.132581 0.070881 0.166667 0.053062 0.027778
0.426935
0.285078 0.333333 0.351422 0.587852 0.999931 0.201852 0.478671 0.139392 0.070277 0.250000 0.049922 0.027778
0.426935
0.285074 0.333333 0.351417 0.587852 0.999931 0.201852 0.451040 0.131993 0.074626 0.000000 0.053433 0.083333
0.426935
0.285076 0.333333 0.351420 0.587852 0.999931 0.201852 0.476702 0.139870 0.075593 0.083333 0.050193 0.055556
0.426935
0.285075 0.333333 0.351417 0.587855 0.999932 0.203999 0.445174 0.131668 0.070098 0.083333 0.053195 0.111111
0.426935
0.285075 0.333333 0.351416 0.587854 0.999932 0.203463 0.475909 0.139525 0.072840 0.000000 0.049966 0.083333
0.426935
0.285072 0.333333 0.351414 0.587852 0.999931 0.201852 0.445891 0.131708 0.070852 0.000000 0.053262 0.111111
0.426935
0.285078 0.333333 0.351422 0.587852 0.999931 0.201852 0.475414 0.139601 0.072906 0.083333 0.050067 0.083333
0.426935
0.285069 0.333333 0.351409 0.587852 0.999931 0.201852 0.445650 0.131696 0.071334 0.083333 0.053133 0.111111
0.426935
0.285068 0.333333 0.351408 0.587852 0.999931 0.201852 0.475753 0.139626 0.071676 0.000000 0.050152 0.083333
0.426935
0.285071 0.333333 0.351409 0.587853 0.999932 0.202926 0.445765 0.131641 0.071580 0.083333 0.053563 0.083333
0.426935
0.285072 0.333333 0.351411 0.587855 0.999932 0.203999 0.474940 0.139613 0.070928 0.000000 0.050237 0.111111
0.426935
0.285074 0.333333 0.351417 0.587853 0.999931 0.202389 0.445970 0.131651 0.070642 0.166667 0.052891 0.166667
0.426935
0.285076 0.333333 0.351419 0.587852 0.999931 0.201852 0.475768 0.139615 0.070728 0.083333 0.049857 0.083333
0.426935
0.285075 0.333333 0.351417 0.587852 0.999931 0.201852 0.445958 0.131620 0.072023 0.083333 0.053377 0.138889
0.426935
0.285080 0.333333 0.351426 0.587852 0.999931 0.201852 0.475602 0.139651 0.071299 0.000000 0.050058 0.055556
0.426935
0.285072 0.333333 0.351414 0.587852 0.999931 0.201852 0.445549 0.131587 0.071417 0.083333 0.053183 0.083333
0.426935
0.285079 0.333333 0.351423 0.587855 0.999932 0.203999 0.474582 0.139724 0.069316 0.083333 0.050249 0.166667
0.426935
0.285073 0.333333 0.351414 0.587854 0.999932 0.203463 0.445821 0.131559 0.072883 0.000000 0.053395 0.194444
0.426935
0.285076 0.333333 0.351419 0.587852 0.999931 0.201852 0.476656 0.139465 0.072026 0.000000 0.049922 0.138889
0.426935
0.285076 0.333333 0.351420 0.587852 0.999931 0.201852 0.445862 0.131619 0.072817 0.083333 0.053309 0.055556
0.426935
0.285074 0.333333 0.351416 0.587852 0.999931 0.201852 0.476257 0.139349 0.072748 0.166667 0.049937 0.138889
0.426935
0.285074 0.333333 0.351418 0.587852 0.999931 0.201852 0.445991 0.131636 0.070846 0.083333 0.053203 0.138889
0.426935
0.285080 0.333333 0.351425 0.587853 0.999932 0.202926 0.475727 0.139570 0.071223 0.166667 0.049660 0.083333
0.426935
0.285073 0.333333 0.351415 0.587855 0.999932 0.203999 0.444864 0.131798 0.069816 0.000000 0.053327 0.138889
0.426935
0.285079 0.333333 0.351424 0.587853 0.999931 0.202389 0.476583 0.139570 0.070919 0.000000 0.050205 0.055556
0.426935
0.285073 0.333333 0.351415 0.587852 0.999931 0.201852 0.444831 0.131710 0.070766 0.250000 0.053383 0.083333
0.426935
0.285070 0.333333 0.351412 0.587852 0.999931 0.201852 0.475511 0.139594 0.071912 0.000000 0.050128 0.111111
0.426935
0.285072 0.333333 0.351413 0.587852 0.999931 0.201852 0.444865 0.131765 0.070927 0.083333 0.053156 0.083333
0.426935
0.285076 0.333333 0.351420 0.587853 0.999931 0.202389 0.475508 0.139670 0.071061 0.083333 0.050184 0.083333
0.426935
0.285071 0.333333 0.351412 0.587855 0.999932 0.203999 0.445208 0.131661 0.070444 0.083333 0.052691 0.083333
0.426935
0.285070 0.333333 0.351410 0.587853 0.999932 0.202926 0.475796 0.139586 0.072053 0.083333 0.050049 0.083333
0.426935
0.285073 0.333333 0.351415 0.587852 0.999931 0.201852 0.445643 0.131582 0.070906 0.000000 0.053307 0.194444
0.426935
0.285070 0.333333 0.351411 0.587852 0.999931 0.201852 0.475746 0.139584 0.071740 0.083333 0.049940 0.111111
0.426935
0.285071 0.333333 0.351411 0.587852 0.999931 0.201852 0.444657 0.131681 0.071648 0.166667 0.053041 0.083333
0.426935
0.285069 0.333333 0.351409 0.587852 0.999931 0.201852 0.476105 0.139618 0.070271 0.000000 0.049810 0.027778
0.426935
0.285073 0.333333 0.351416 0.587854 0.999932 0.203463 0.445152 0.131613 0.070583 0.000000 0.053439 0.111111
0.426935
0.285083 0.333333 0.351430 0.587855 0.999932 0.203999 0.475213 0.139646 0.070818 0.000000 0.049810 0.138889
0.426935
0.285072 0.333333 0.351413 0.587853 0.999931 0.202389 0.445502 0.131739 0.070586 0.083333 0.053271 0.027778
0.426935
0.285076 0.333333 0.351418 0.587852 0.999931 0.201852 0.476048 0.139537 0.071646 0.333333 0.050193 0.083333
0.426935
0.285070 0.333333 0.351409 0.587852 0.999931 0.201852 0.444944 0.131653 0.070569 0.083333 0.053183 0.111111
0.426935
0.285069 0.333333 0.351408 0.587852 0.999931 0.201852 0.475377 0.139639 0.071124 0.000000 0.049610 0.111111
0.426935
0.285069 0.333333 0.351407 0.587853 0.999931 0.202389 0.445358 0.131641 0.071094 0.083333 0.053333 0.111111
0.426935
0.285073 0.333333 0.351416 0.587855 0.999932 0.203999 0.475734 0.139537 0.071148 0.166667 0.050438 0.083333
0.426935
0.285074 0.333333 0.351415 0.587853 0.999932 0.202926 0.446473 0.131785 0.070599 0.083333 0.053147 0.027778
0.426935
0.285068 0.333333 0.351406 0.587852 0.999931 0.201852 0.475819 0.139595 0.071056 0.083333 0.049852 0.138889
0.426935
0.285068 0.333333 0.351409 0.587852 0.999931 0.201852 0.444991 0.131683 0.070096 0.083333 0.053277 0.055556
0.426935
0.285072 0.333333 0.351412 0.587852 0.999931 0.201852 0.475696 0.139529 0.072804 0.166667 0.050423 0.083333
0.426935
0.285072 0.333333 0.351413 0.587852 0.999931 0.201852 0.445367 0.131741 0.070670 0.083333 0.053492 0.111111
0.426935
0.285078 0.333333 0.351422 0.587854 0.999932 0.203463 0.475463 0.139536 0.072639 0.000000 0.049966 0.055556
0.426935
0.285076 0.333333 0.351420 0.587855 0.999932 0.203999 0.446153 0.131781 0.070986 0.000000 0.053074 0.027778
0.426935
0.285079 0.333333 0.351423 0.587852 0.999931 0.201852 0.474868 0.139703 0.071416 0.083333 0.050052 0.027778
0.426935
0.285075 0.333333 0.351417 0.587852 0.999931 0.201852 0.445764 0.131645 0.070718 0.083333 0.053692 0.083333
0.426935
0.285072 0.333333 0.351413 0.587852 0.999931 0.201852 0.476541 0.139488 0.071318 0.083333 0.049943 0.027778
0.426935
0.285075 0.333333 0.351419 0.587852 0.999931 0.201852 0.445822 0.131674 0.070217 0.083333 0.053189 0.166667
0.426935
0.285078 0.333333 0.351423 0.587853 0.999931 0.202389 0.475140 0.139650 0.071769 0.000000 0.050193 0.055556
0.426935
0.285072 0.333333 0.351415 0.587855 0.999932 0.203999 0.445139 0.131710 0.071331 0.000000 0.053533 0.027778
0.426935
0.285076 0.333333 0.351421 0.587853 0.999932 0.202926 0.475482 0.139580 0.073150 0.333333 0.049972 0.111111
0.426935
0.285069 0.333333 0.351409 0.587852 0.999931 0.201852 0.446197 0.131605 0.072612 0.083333 0.053692 0.111111
0.426935
0.285077 0.333333 0.351419 0.587852 0.999931 0.201852 0.475360 0.139601 0.072582 0.083333 0.049866 0.166667
0.426935
0.285073 0.333333 0.351418 0.587852 0.999931 0.201852 0.445246 0.131717 0.070083 0.250000 0.053377 0.083333
0.426935
0.285079 0.333333 0.351425 0.587852 0.999931 0.201852 0.475832 0.139563 0.071655 0.000000 0.050373 0.166667
0.426935
0.285070 0.333333 0.351410 0.587854 0.999932 0.203463 0.445973 0.131610 0.072292 0.083333 0.053430 0.083333
0.426935
0.285077 0.333333 0.351422 0.587855 0.999932 0.203999 0.475623 0.139629 0.069840 0.083333 0.050181 0.055556
0.426935
0.285073 0.333333 0.351416 0.587853 0.999931 0.202389 0.445491 0.131666 0.071005 0.083333 0.053678 0.083333
0.426935
0.285076 0.333333 0.351420 0.587852 0.999931 0.201852 0.476018 0.139592 0.069738 0.083333 0.049934 0.111111
0.426935
0.285074 0.333333 0.351418 0.587852 0.999931 0.201852 0.446108 0.131593 0.071981 0.250000 0.053919 0.194444
0.426935
0.285074 0.333333 0.351416 0.587852 0.999931 0.201852 0.475824 0.139648 0.071709 0.083333 0.050258 0.138889
0.426935
0.285072 0.333333 0.351415 0.587852 0.999931 0.201852 0.445676 0.131654 0.071429 0.083333 0.053548 0.111111
0.426935
0.285078 0.333333 0.351421 0.587855 0.999932 0.203999 0.476360 0.139527 0.072014 0.000000 0.050190 0.111111
0.426935
0.285073 0.333333 0.351414 0.587854 0.999932 0.203463 0.445686 0.131637 0.071462 0.083333 0.053097 0.083333
0.426935
0.285078 0.333333 0.351424 0.587852 0.999931 0.201852 0.476451 0.139542 0.072259 0.166667 0.049946 0.083333
0.426935
0.285075 0.333333 0.351419 0.587852 0.999931 0.201852 0.445127 0.131623 0.072173 0.000000 0.053483 0.138889
0.426935
0.285077 0.333333 0.351423 0.587852 0.999931 0.201852 0.475000 0.139664 0.069896 0.000000 0.049816 0.027778
0.426935
0.285069 0.333333 0.351409 0.587852 0.999931 0.201852 0.445029 0.131731 0.069945 0.000000 0.052983 0.111111
0.426935
0.285073 0.333333 0.351414 0.587854 0.999932 0.203463 0.474842 0.139648 0.071142 0.083333 0.049887 0.083333
0.426935
0.285072 0.333333 0.351413 0.587855 0.999932 0.203999 0.446111 0.131702 0.070043 0.000000 0.052959 0.138889
0.426935
0.285073 0.333333 0.351416 0.587853 0.999931 0.202389 0.475216 0.139616 0.071189 0.250000 0.050285 0.111111
0.426935
0.285070 0.333333 0.351410 0.587852 0.999931 0.201852 0.446911 0.131676 0.070710 0.000000 0.052882 0.083333
0.426935
0.285073 0.333333 0.351414 0.587852 0.999931 0.201852 0.474702 0.139663 0.069607 0.083333 0.050290 0.055556
0.426935
0.285067 0.333333 0.351406 0.587852 0.999931 0.201852 0.445275 0.131791 0.070498 0.083333 0.053301 0.055556
0.426935
0.285069 0.333333 0.351410 0.587852 0.999931 0.201852 0.474955 0.139655 0.071792 0.250000 0.050237 0.027778
0.426935
0.285068 0.333333 0.351406 0.587855 0.999932 0.203999 0.445171 0.131636 0.070768 0.083333 0.053377 0.138889
0.426935
0.285073 0.333333 0.351414 0.587854 0.999932 0.203463 0.475144 0.139663 0.071177 0.000000 0.050123 0.083333
0.426935
0.285066 0.333333 0.351404 0.587852 0.999931 0.201852 0.445139 0.131611 0.070674 0.083333 0.052930 0.194444
0.426935
0.285077 0.333333 0.351423 0.587852 0.999931 0.201852 0.475743 0.139570 0.071190 0.166667 0.050072 0.055556
0.426935
0.285069 0.333333 0.351408 0.587852 0.999931 0.201852 0.445490 0.131669 0.071040 0.166667 0.053348 0.027778
0.426935
0.285076 0.333333 0.351418 0.587852 0.999931 0.201852 0.476772 0.139447 0.071379 0.000000 0.049910 0.055556
0.426935
0.285076 0.333333 0.351419 0.587853 0.999932 0.202926 0.444656 0.131730 0.069329 0.000000 0.053039 0.083333
0.426935
0.285077 0.333333 0.351422 0.587855 0.999932 0.203999 0.476032 0.139564 0.071517 0.083333 0.050155 0.138889
0.426935
0.285070 0.333333 0.351409 0.587853 0.999931 0.202389 0.446199 0.131621 0.071291 0.083333 0.052985 0.055556
0.426935
0.285070 0.333333 0.351410 0.587852 0.999931 0.201852 0.474596 0.139704 0.070442 0.083333 0.050087 0.055556
0.426935
0.285066 0.333333 0.351404 0.587852 0.999931 0.201852 0.444746 0.131703 0.071446 0.000000 0.053271 0.083333
0.426935
0.285071 0.333333 0.351413 0.587852 0.999931 0.201852 0.476439 0.139470 0.072427 0.083333 0.050102 0.027778
0.426935
0.285065 0.333333 0.351402 0.587852 0.999931 0.201852 0.445811 0.131610 0.071517 0.083333 0.053333 0.027778
0.426935
0.285070 0.333333 0.351409 0.587855 0.999932 0.203999 0.475329 0.139579 0.071087 0.000000 0.050326 0.055556
0.426935
0.285071 0.333333 0.351412 0.587854 0.999932 0.203463 0.445350 0.131601 0.071677 0.166667 0.053363 0.083333
0.426935
0.285077 0.333333 0.351420 0.587852 0.999931 0.201852 0.476459 0.139409 0.073403 0.166667 0.049910 0.055556
0.426935
0.285071 0.333333 0.351413 0.587852 0.999931 0.201852 0.446204 0.131605 0.071065 0.250000 0.053374 0.027778
0.426935
0.285075 0.333333 0.351418 0.587852 0.999931 0.201852 0.475572 0.139655 0.070804 0.000000 0.050273 0.111111
0.426935
0.285075 0.333333 0.351419 0.587852 0.999931 0.201852 0.445671 0.131611 0.071826 0.166667 0.053224 0.027778
0.426935
0.285077 0.333333 0.351422 0.587854 0.999932 0.203463 0.474910 0.139815 0.069269 0.250000 0.049631 0.083333
0.426935
0.285073 0.333333 0.351415 0.587855 0.999932 0.203999 0.445037 0.131757 0.071204 0.000000 0.052980 0.166667
0.426935
0.285079 0.333333 0.351425 0.587852 0.999931 0.201852 0.474683 0.139684 0.071731 0.083333 0.049787 0.083333
0.426935
0.285072 0.333333 0.351416 0.587852 0.999931 0.201852 0.445695 0.131594 0.072496 0.083333 0.053283 0.055556
0.426935
0.285076 0.333333 0.351422 0.587852 0.999931 0.201852 0.476397 0.139587 0.072221 0.083333 0.050323 0.027778
0.426935
0.285069 0.333333 0.351407 0.587852 0.999931 0.201852 0.445591 0.131639 0.071302 0.000000 0.053486 0.111111
0.426935
0.285068 0.333333 0.351407 0.587853 0.999931 0.202389 0.475774 0.139563 0.071405 0.000000 0.050134 0.083333
0.426935
0.326907 1.000000 0.957402 0.999265 0.510850 0.432694 0.524654 0.662502 0.048177 0.916667 0.111176 0.388889
0.653383
0.333335 1.000000 0.978532 0.999270 0.510853 0.438062 0.712290 0.897795 0.168255 0.083333 0.386294 0.055556
0.653383
0.326886 1.000000 0.957332 0.999265 0.510850 0.432694 0.524553 0.662296 0.047749 0.083333 0.109617 0.027778
0.653383
0.333224 1.000000 0.978170 0.999270 0.510853 0.438062 0.712397 0.897815 0.167605 0.000000 0.384745 0.111111
0.653383
0.326907 1.000000 0.957404 0.999265 0.510850 0.432694 0.524690 0.662489 0.048234 0.166667 0.110981 0.055556
0.653383
0.333189 1.000000 0.978054 0.999270 0.510853 0.438062 0.712260 0.897621 0.167591 0.000000 0.385520 0.083333
0.653383
0.326889 1.000000 0.957342 0.999264 0.510850 0.432157 0.524514 0.662241 0.047927 0.000000 0.109956 0.111111
0.653383
0.333237 1.000000 0.978209 0.999270 0.510853 0.438062 0.712178 0.897435 0.167575 0.083333 0.385119 0.083333
0.653383
0.326903 1.000000 0.957391 0.999264 0.510850 0.432157 0.524537 0.662286 0.047962 0.166667 0.110669 0.055556
0.653383
0.333229 1.000000 0.978183 0.999270 0.510853 0.438062 0.712477 0.897898 0.167336 0.083333 0.384969 0.083333
0.653383
0.326937 1.000000 0.957501 0.999264 0.510850 0.432157 0.524596 0.662304 0.048152 0.166667 0.110448 0.055556
0.653383
0.333294 1.000000 0.978398 0.999270 0.510853 0.438062 0.712468 0.897802 0.168263 0.083333 0.386801 0.055556
0.653383
0.326912 1.000000 0.957419 0.999264 0.510850 0.432157 0.524648 0.662415 0.048005 0.000000 0.111022 0.111111
0.653383
0.333202 1.000000 0.978093 0.999270 0.510853 0.437525 0.712289 0.897813 0.167764 0.000000 0.387782 0.055556
0.653383
0.326947 1.000000 0.957535 0.999264 0.510850 0.432157 0.524770 0.662566 0.048058 0.083333 0.110919 0.055556
0.653383
0.333307 1.000000 0.978437 0.999270 0.510853 0.437525 0.712386 0.897974 0.168134 0.083333 0.388023 0.055556
0.653383
0.326900 1.000000 0.957380 0.999263 0.510850 0.431620 0.524821 0.662580 0.047941 0.083333 0.110693 0.055556
0.653383
0.333449 1.000000 0.978907 0.999270 0.510853 0.437525 0.712387 0.897743 0.168982 0.000000 0.388671 0.083333
0.653383
0.326886 1.000000 0.957334 0.999263 0.510850 0.431620 0.524548 0.662330 0.047954 0.083333 0.110548 0.083333
0.653383
0.333305 1.000000 0.978434 0.999270 0.510853 0.437525 0.712351 0.897679 0.168401 0.000000 0.386998 0.111111
0.653383
0.326897 1.000000 0.957369 0.999263 0.510850 0.431620 0.524371 0.662140 0.048148 0.166667 0.110386 0.055556
0.653383
0.333320 1.000000 0.978484 0.999270 0.510853 0.437525 0.712326 0.897547 0.167701 0.000000 0.386612 0.111111
0.653383
0.326860 1.000000 0.957249 0.999263 0.510850 0.431620 0.524641 0.662419 0.047735 0.083333 0.109921 0.055556
0.653383
0.333316 1.000000 0.978469 0.999270 0.510853 0.437525 0.712306 0.897999 0.168070 0.083333 0.387785 0.055556
0.653383
0.326871 1.000000 0.957284 0.999263 0.510850 0.431620 0.524570 0.662325 0.048073 0.166667 0.110701 0.055556
0.653383
0.333346 1.000000 0.978568 0.999270 0.510853 0.437525 0.712259 0.897555 0.168481 0.000000 0.388639 0.083333
0.653383
0.326876 1.000000 0.957300 0.999263 0.510850 0.431620 0.524537 0.662249 0.047800 0.166667 0.110351 0.027778
0.653383
0.333343 1.000000 0.978564 0.999270 0.510853 0.437525 0.712449 0.897859 0.168637 0.000000 0.389066 0.111111
0.653383
0.326888 1.000000 0.957338 0.999263 0.510850 0.431620 0.524671 0.662470 0.048144 0.083333 0.111190 0.083333
0.653383
0.333271 1.000000 0.978324 0.999270 0.510853 0.437525 0.712440 0.897789 0.168150 0.083333 0.386692 0.083333
0.653383
0.326889 1.000000 0.957346 0.999263 0.510850 0.431620 0.524699 0.662486 0.047946 0.083333 0.110327 0.083333
0.653383
0.333221 1.000000 0.978158 0.999268 0.510853 0.437525 0.712123 0.897687 0.167931 0.083333 0.387414 0.055556
0.653383
0.326839 1.000000 0.957181 0.999263 0.510850 0.431620 0.524613 0.662284 0.047650 0.083333 0.109983 0.083333
0.653383
0.333279 1.000000 0.978348 0.999270 0.510853 0.437525 0.712267 0.897843 0.167381 0.083333 0.385210 0.055556
0.653383
0.326923 1.000000 0.957454 0.999263 0.510850 0.431620 0.524729 0.662549 0.047948 0.000000 0.110796 0.111111
0.653383
0.333395 1.000000 0.978730 0.999270 0.510853 0.437525 0.712414 0.897791 0.168950 0.000000 0.389128 0.111111
0.653383
0.326876 1.000000 0.957298 0.999263 0.510850 0.431620 0.524766 0.662540 0.048019 0.083333 0.110928 0.055556
0.653383
0.333291 1.000000 0.978387 0.999268 0.510852 0.434841 0.712387 0.897719 0.168447 0.000000 0.388321 0.055556
0.653383
0.326917 1.000000 0.957435 0.999263 0.510850 0.431620 0.524503 0.662193 0.048062 0.083333 0.110722 0.055556
0.653383
0.333302 1.000000 0.978424 0.999268 0.510852 0.434841 0.712465 0.897777 0.168520 0.000000 0.388026 0.111111
0.653383
0.326892 1.000000 0.957354 0.999263 0.510850 0.431620 0.524380 0.662135 0.047809 0.000000 0.109924 0.111111
0.653383
0.333380 1.000000 0.978679 0.999270 0.510853 0.437525 0.712394 0.897953 0.168026 0.000000 0.387375 0.083333
0.653383
0.326849 1.000000 0.957216 0.999263 0.510850 0.431620 0.524676 0.662469 0.047436 0.083333 0.109835 0.055556
0.653383
0.333367 1.000000 0.978640 0.999270 0.510853 0.437525 0.712467 0.897805 0.168815 0.000000 0.388710 0.055556
0.653383
0.326848 1.000000 0.957211 0.999263 0.510850 0.431620 0.524602 0.662324 0.047819 0.166667 0.110321 0.027778
0.653383
0.333279 1.000000 0.978352 0.999268 0.510852 0.434841 0.712365 0.897612 0.168329 0.000000 0.386880 0.055556
0.653383
0.326846 1.000000 0.957200 0.999263 0.510850 0.431620 0.524606 0.662334 0.047769 0.000000 0.110274 0.111111
0.653383
0.333251 1.000000 0.978258 0.999268 0.510852 0.434841 0.712238 0.897836 0.167937 0.000000 0.386913 0.055556
0.653383
0.326838 1.000000 0.957175 0.999263 0.510850 0.431620 0.524647 0.662394 0.047597 0.083333 0.110307 0.027778
0.653383
0.333340 1.000000 0.978549 0.999268 0.510852 0.434841 0.712366 0.897959 0.167958 0.000000 0.387278 0.111111
0.653383
0.326863 1.000000 0.957261 0.999263 0.510850 0.431620 0.524680 0.662421 0.047791 0.083333 0.110637 0.055556
0.653383
0.333367 1.000000 0.978637 0.999268 0.510852 0.434841 0.712337 0.897602 0.168701 0.000000 0.388126 0.083333
0.653383
0.326866 1.000000 0.957267 0.999263 0.510850 0.431620 0.524668 0.662426 0.047856 0.166667 0.110513 0.055556
0.653383
0.333195 1.000000 0.978074 0.999268 0.510852 0.434841 0.712248 0.897732 0.167456 0.166667 0.385832 0.055556
0.653383
0.326862 1.000000 0.957253 0.999263 0.510850 0.431620 0.524217 0.661974 0.047523 0.083333 0.109143 0.083333
0.653383
0.333285 1.000000 0.978367 0.999268 0.510852 0.434841 0.712490 0.897883 0.168169 0.000000 0.387920 0.083333
0.653383
0.326886 1.000000 0.957332 0.999265 0.510850 0.432694 0.524578 0.662327 0.048084 0.000000 0.110669 0.083333
0.653383
0.333271 1.000000 0.978319 0.999270 0.510853 0.438062 0.712431 0.897803 0.167539 0.000000 0.385903 0.055556
0.653383
0.326868 1.000000 0.957273 0.999265 0.510850 0.432694 0.524529 0.662310 0.047823 0.083333 0.110154 0.083333
0.653383
0.333494 1.000000 0.979055 0.999270 0.510853 0.438062 0.712471 0.897839 0.168581 0.000000 0.389313 0.083333
0.653383
0.326891 1.000000 0.957350 0.999265 0.510850 0.432694 0.524608 0.662462 0.048246 0.000000 0.111273 0.111111
0.653383
0.333490 1.000000 0.979040 0.999270 0.510853 0.438062 0.712503 0.897823 0.168969 0.000000 0.390200 0.111111
0.653383
0.326902 1.000000 0.957385 0.999265 0.510850 0.432694 0.524838 0.662585 0.047709 0.250000 0.109732 0.027778
0.653383
0.333269 1.000000 0.978316 0.999270 0.510853 0.438062 0.712529 0.897875 0.167822 0.083333 0.387004 0.083333
0.653383
0.326906 1.000000 0.957400 0.999265 0.510850 0.432694 0.524809 0.662589 0.047871 0.000000 0.110751 0.055556
0.653383
0.333301 1.000000 0.978418 0.999270 0.510853 0.438062 0.712326 0.897977 0.168223 0.000000 0.387847 0.083333
0.653383
0.326870 1.000000 0.957278 0.999265 0.510850 0.432694 0.524596 0.662318 0.047689 0.000000 0.109862 0.055556
0.653383
0.333308 1.000000 0.978443 0.999270 0.510853 0.438062 0.712576 0.897946 0.168030 0.166667 0.387022 0.027778
0.653383
0.326898 1.000000 0.957373 0.999265 0.510850 0.432694 0.524525 0.662235 0.047860 0.166667 0.110439 0.027778
0.653383
0.333197 1.000000 0.978079 0.999270 0.510853 0.438062 0.712253 0.897561 0.168583 0.000000 0.388780 0.111111
0.653383
0.326883 1.000000 0.957326 0.999265 0.510850 0.432694 0.524582 0.662292 0.047884 0.083333 0.110265 0.027778
0.653383
0.333175 1.000000 0.978008 0.999270 0.510853 0.438062 0.712308 0.897572 0.167784 0.083333 0.386091 0.083333
0.653383
0.326884 1.000000 0.957325 0.999265 0.510850 0.432694 0.524299 0.662081 0.047923 0.083333 0.110083 0.083333
0.653383
0.333283 1.000000 0.978359 0.999270 0.510853 0.438062 0.712538 0.897904 0.168130 0.000000 0.386274 0.111111
0.653383
0.326891 1.000000 0.957349 0.999265 0.510850 0.432694 0.524578 0.662247 0.047857 0.000000 0.110295 0.111111
0.653383
0.333138 1.000000 0.977886 0.999270 0.510853 0.438062 0.712092 0.897371 0.168330 0.083333 0.387090 0.055556
0.653383
0.326872 1.000000 0.957287 0.999265 0.510850 0.432694 0.524138 0.661879 0.047670 0.083333 0.109782 0.083333
0.653383
0.333219 1.000000 0.978153 0.999270 0.510853 0.438062 0.712392 0.897803 0.167373 0.083333 0.385340 0.055556
0.653383
0.326857 1.000000 0.957236 0.999265 0.510850 0.432694 0.524653 0.662447 0.047670 0.083333 0.110271 0.055556
0.653383
0.333322 1.000000 0.978489 0.999270 0.510853 0.438062 0.712614 0.897966 0.167894 0.000000 0.387452 0.083333
0.653383
0.326853 1.000000 0.957227 0.999264 0.510850 0.432157 0.524530 0.662207 0.047634 0.166667 0.109768 0.027778
0.653383
0.333071 1.000000 0.977664 0.999270 0.510853 0.438062 0.711965 0.897228 0.167808 0.000000 0.386792 0.055556
0.653383
0.326903 1.000000 0.957391 0.999265 0.510850 0.432694 0.524563 0.662302 0.048106 0.083333 0.110628 0.083333
0.653383
0.333265 1.000000 0.978303 0.999270 0.510853 0.438062 0.712294 0.897632 0.168194 0.083333 0.386904 0.083333
0.653383
0.326859 1.000000 0.957247 0.999264 0.510850 0.432157 0.524592 0.662290 0.047754 0.083333 0.109800 0.055556
0.653383
0.333348 1.000000 0.978576 0.999270 0.510853 0.438062 0.712434 0.897770 0.168084 0.000000 0.387305 0.083333
0.653383
0.326882 1.000000 0.957324 0.999264 0.510850 0.432157 0.524480 0.662203 0.047803 0.083333 0.110204 0.027778
0.653383
0.333159 1.000000 0.977954 0.999270 0.510853 0.438062 0.712199 0.897678 0.167767 0.166667 0.386930 0.027778
0.653383
0.326884 1.000000 0.957327 0.999264 0.510850 0.432157 0.524606 0.662350 0.047983 0.083333 0.110483 0.083333
0.653383
0.333248 1.000000 0.978249 0.999270 0.510853 0.438062 0.712546 0.897821 0.167745 0.000000 0.386530 0.083333
0.653383
0.326864 1.000000 0.957259 0.999264 0.510850 0.432157 0.524558 0.662304 0.047924 0.000000 0.110480 0.083333
0.653383
0.333154 1.000000 0.977936 0.999270 0.510853 0.437525 0.712284 0.897780 0.167682 0.000000 0.388041 0.027778
0.653383
0.326916 1.000000 0.957432 0.999264 0.510850 0.432157 0.524790 0.662565 0.047744 0.083333 0.110410 0.083333
0.653383
0.333103 1.000000 0.977771 0.999270 0.510853 0.437525 0.712251 0.897589 0.167156 0.000000 0.387561 0.083333
0.653383
0.326881 1.000000 0.957317 0.999263 0.510850 0.431620 0.524242 0.662009 0.047700 0.083333 0.109503 0.083333
0.653383
0.333396 1.000000 0.978732 0.999270 0.510853 0.437525 0.712500 0.897941 0.167851 0.000000 0.386291 0.083333
0.653383
0.326886 1.000000 0.957336 0.999263 0.510850 0.431620 0.524140 0.661895 0.047844 0.000000 0.109809 0.111111
0.653383
0.333239 1.000000 0.978215 0.999270 0.510853 0.437525 0.712416 0.897800 0.167659 0.000000 0.385991 0.055556
0.653383
0.326903 1.000000 0.957393 0.999263 0.510850 0.431620 0.524502 0.662202 0.048122 0.083333 0.110902 0.083333
0.653383
0.333366 1.000000 0.978635 0.999270 0.510853 0.437525 0.712387 0.897844 0.168670 0.000000 0.388524 0.083333
0.653383
0.326864 1.000000 0.957260 0.999263 0.510850 0.431620 0.524601 0.662353 0.047636 0.083333 0.109750 0.083333
0.653383
0.333199 1.000000 0.978088 0.999270 0.510853 0.437525 0.712154 0.897690 0.167245 0.083333 0.385437 0.027778
0.653383
0.326851 1.000000 0.957219 0.999263 0.510850 0.431620 0.524558 0.662275 0.047636 0.000000 0.109971 0.111111
0.653383
0.333337 1.000000 0.978537 0.999270 0.510853 0.437525 0.712610 0.898019 0.168016 0.000000 0.387107 0.111111
0.653383
0.326881 1.000000 0.957319 0.999263 0.510850 0.431620 0.524672 0.662495 0.048032 0.166667 0.110763 0.055556
0.653383
0.333344 1.000000 0.978561 0.999270 0.510853 0.437525 0.712522 0.897993 0.168525 0.000000 0.388356 0.083333
0.653383
0.326839 1.000000 0.957178 0.999263 0.510850 0.431620 0.524663 0.662468 0.047700 0.000000 0.110195 0.111111
0.653383
0.333130 1.000000 0.977860 0.999268 0.510852 0.434841 0.712345 0.897726 0.166977 0.000000 0.384400 0.055556
0.653383
0.326888 1.000000 0.957339 0.999263 0.510850 0.431620 0.524592 0.662347 0.047929 0.083333 0.110327 0.083333
0.653383
0.333270 1.000000 0.978319 0.999270 0.510853 0.437525 0.712391 0.897791 0.167760 0.083333 0.386972 0.027778
0.653383
0.326879 1.000000 0.957312 0.999263 0.510850 0.431620 0.524337 0.662096 0.047861 0.083333 0.110109 0.083333
0.653383
0.333237 1.000000 0.978211 0.999270 0.510853 0.437525 0.712322 0.897868 0.167872 0.083333 0.386262 0.055556
0.653383
0.326876 1.000000 0.957297 0.999263 0.510850 0.431620 0.524686 0.662463 0.047817 0.000000 0.110669 0.111111
0.653383
0.333293 1.000000 0.978393 0.999270 0.510853 0.437525 0.712494 0.897932 0.168262 0.083333 0.387337 0.083333
0.653383
0.326875 1.000000 0.957299 0.999263 0.510850 0.431620 0.524569 0.662268 0.048008 0.166667 0.110601 0.055556
0.653383
0.333295 1.000000 0.978401 0.999270 0.510853 0.437525 0.712190 0.897830 0.168420 0.000000 0.388191 0.083333
0.653383
0.326844 1.000000 0.957197 0.999263 0.510850 0.431620 0.524678 0.662456 0.047765 0.166667 0.110127 0.055556
0.653383
0.333176 1.000000 0.978009 0.999268 0.510852 0.434841 0.712213 0.897536 0.168474 0.000000 0.388489 0.083333
0.653383
0.326845 1.000000 0.957197 0.999263 0.510850 0.431620 0.524658 0.662235 0.047765 0.166667 0.110024 0.027778
0.653383
0.333430 1.000000 0.978845 0.999270 0.510853 0.437525 0.712529 0.897871 0.168223 0.000000 0.388506 0.111111
0.653383
0.326882 1.000000 0.957324 0.999263 0.510850 0.431620 0.524511 0.662271 0.047883 0.000000 0.110142 0.055556
0.653383
0.333272 1.000000 0.978324 0.999278 0.510896 0.434841 0.712240 0.897915 0.167967 0.000000 0.386833 0.083333
0.653383
0.326872 1.000000 0.957286 0.999263 0.510850 0.431620 0.524558 0.662410 0.047938 0.166667 0.110893 0.055556
0.653383
0.333146 1.000000 0.977910 0.999268 0.510852 0.434841 0.712091 0.897670 0.167118 0.083333 0.385953 0.083333
0.653383
0.326896 1.000000 0.957367 0.999263 0.510850 0.431620 0.524494 0.662193 0.047945 0.000000 0.110156 0.111111
0.653383
0.333357 1.000000 0.978607 0.999270 0.510853 0.437525 0.712464 0.897757 0.167682 0.000000 0.386925 0.083333
0.653383
0.326887 1.000000 0.957337 0.999263 0.510850 0.431620 0.524934 0.662680 0.047671 0.083333 0.110159 0.055556
0.653383
0.333147 1.000000 0.977912 0.999268 0.510852 0.434841 0.712193 0.897462 0.168148 0.000000 0.386403 0.055556
0.653383
0.326882 1.000000 0.957322 0.999263 0.510850 0.431620 0.524534 0.662270 0.048184 0.083333 0.110863 0.055556
0.653383
0.333109 1.000000 0.977788 0.999268 0.510852 0.434841 0.712196 0.897433 0.168281 0.000000 0.388059 0.083333
0.653383
0.326858 1.000000 0.957245 0.999262 0.510847 0.431620 0.524617 0.662252 0.047781 0.166667 0.110516 0.027778
0.653383
0.333250 1.000000 0.978255 0.999267 0.510848 0.434841 0.712472 0.897784 0.167622 0.166667 0.385372 0.027778
0.653383
0.326919 1.000000 0.957440 0.999262 0.510847 0.431620 0.524175 0.661962 0.047982 0.000000 0.109947 0.111111
0.653383
0.333206 1.000000 0.978106 0.999267 0.510848 0.434841 0.712292 0.897905 0.167101 0.083333 0.385567 0.055556
0.653383
0.326856 1.000000 0.957235 0.999264 0.510847 0.432694 0.524612 0.662181 0.047929 0.166667 0.110825 0.055556
0.653383
0.333374 1.000000 0.978657 0.999270 0.510850 0.438062 0.712359 0.897780 0.168957 0.000000 0.389143 0.083333
0.653383
0.326854 1.000000 0.957232 0.999264 0.510847 0.432694 0.524698 0.662521 0.047428 0.000000 0.109541 0.083333
0.653383
0.333174 1.000000 0.978004 0.999270 0.510850 0.438062 0.712294 0.897780 0.166881 0.083333 0.384766 0.000000
0.653383
0.326829 1.000000 0.957146 0.999264 0.510847 0.432694 0.524618 0.662419 0.047727 0.166667 0.110115 0.027778
0.653383
0.333372 1.000000 0.978657 0.999270 0.510850 0.438062 0.712325 0.898023 0.167566 0.000000 0.387249 0.055556
0.653383
0.326828 1.000000 0.957144 0.999264 0.510847 0.432694 0.524641 0.662488 0.047553 0.083333 0.109726 0.111111
0.653383
0.333346 1.000000 0.978570 0.999270 0.510850 0.438062 0.712165 0.897481 0.168049 0.000000 0.387393 0.083333
0.653383
0.326859 1.000000 0.957247 0.999264 0.510847 0.432694 0.524498 0.662329 0.047732 0.166667 0.109880 0.027778
0.653383
0.333193 1.000000 0.978064 0.999270 0.510850 0.438062 0.712170 0.897843 0.167588 0.083333 0.386209 0.027778
0.653383
0.326887 1.000000 0.957337 0.999264 0.510847 0.432694 0.524653 0.662438 0.047924 0.166667 0.110919 0.027778
0.653383
0.333357 1.000000 0.978606 0.999270 0.510850 0.438062 0.712372 0.897698 0.168229 0.000000 0.387776 0.055556
0.653383
0.326890 1.000000 0.957346 0.999264 0.510847 0.432694 0.524261 0.662050 0.048041 0.166667 0.110274 0.027778
0.653383
0.333173 1.000000 0.978000 0.999270 0.510850 0.438062 0.712446 0.897749 0.167172 0.000000 0.384960 0.083333
0.653383
0.326886 1.000000 0.957332 0.999264 0.510847 0.432694 0.524341 0.662123 0.047723 0.083333 0.109491 0.083333
0.653383
0.333289 1.000000 0.978380 0.999270 0.510850 0.438062 0.712250 0.897550 0.168230 0.000000 0.387808 0.055556
0.653383
0.163475 1.000000 0.420229 0.401678 0.088778 0.201047 0.190372 0.239377 0.021175 0.083333 0.048903 0.000000
0.653383
0.649726 0.333333 0.950688 0.999557 0.510983 0.684203 0.516724 0.631403 0.101173 0.083333 0.122518 0.527778
0.574087
0.660350 0.333333 0.968153 0.999564 0.510987 0.690646 0.824636 0.998771 0.303762 0.166667 0.473568 0.250000
0.574087
0.650128 0.333333 0.951345 0.999556 0.510983 0.683667 0.519351 0.632652 0.103436 0.250000 0.123084 0.472222
0.574087
0.660245 0.333333 0.967981 0.999567 0.510988 0.692793 0.824531 0.999035 0.303780 0.083333 0.473939 0.277778
0.574087
0.649867 0.333333 0.950917 0.999558 0.510984 0.684740 0.518839 0.632784 0.101625 0.250000 0.122197 0.500000
0.574087
0.660260 0.333333 0.968001 0.999567 0.510988 0.692256 0.824678 0.999636 0.304055 0.166667 0.474431 0.277778
0.574087
0.649845 0.333333 0.950880 0.999557 0.510983 0.684203 0.518746 0.632695 0.102053 0.000000 0.122890 0.583333
0.574087
0.660516 0.333333 0.968421 0.999565 0.510987 0.691182 0.825348 0.999644 0.306604 0.250000 0.478271 0.333333
0.574087
0.650068 0.333333 0.951247 0.999555 0.510983 0.683130 0.519220 0.632782 0.103268 0.166667 0.123043 0.472222
0.574087
0.660150 0.333333 0.967820 0.999566 0.510988 0.691719 0.824352 0.999096 0.302700 0.083333 0.473132 0.361111
0.574087
0.650149 0.333333 0.951383 0.999558 0.510984 0.684740 0.519250 0.632494 0.103435 0.000000 0.122598 0.555556
0.574087
0.660121 0.333333 0.967771 0.999566 0.510988 0.692256 0.824210 0.999383 0.302978 0.083333 0.474834 0.277778
0.574087
0.650118 0.333333 0.951330 0.999558 0.510984 0.684740 0.519132 0.632491 0.103508 0.166667 0.123688 0.472222
0.574087
0.660387 0.333333 0.968210 0.999566 0.510988 0.691719 0.824948 0.999420 0.305095 0.166667 0.476204 0.416667
0.574087
0.650026 0.333333 0.951177 0.999555 0.510983 0.683130 0.519113 0.632910 0.102778 0.333333 0.122601 0.444444
0.574087
0.660302 0.333333 0.968073 0.999565 0.510987 0.691182 0.824548 0.999149 0.304647 0.000000 0.477429 0.250000
0.574087
0.650161 0.333333 0.951401 0.999558 0.510984 0.684740 0.519135 0.632397 0.103941 0.083333 0.124012 0.527778
0.574087
0.660305 0.333333 0.968078 0.999567 0.510988 0.692793 0.824661 0.999717 0.304267 0.000000 0.475877 0.388889
0.574087
0.650110 0.333333 0.951317 0.999558 0.510984 0.684740 0.519086 0.632616 0.103442 0.250000 0.123317 0.500000
0.574087
0.660084 0.333333 0.967713 0.999565 0.510988 0.691719 0.824072 0.999456 0.302808 0.166667 0.474493 0.333333
0.574087
0.649891 0.333333 0.950955 0.999556 0.510983 0.683667 0.518819 0.632818 0.102301 0.416667 0.122660 0.444444
0.574087
0.660405 0.333333 0.968239 0.999564 0.510987 0.690646 0.824630 0.998846 0.303799 0.083333 0.475358 0.277778
0.574087
0.649876 0.333333 0.950930 0.999558 0.510984 0.684740 0.518772 0.632847 0.102122 0.083333 0.122312 0.500000
0.574087
0.660306 0.333333 0.968076 0.999566 0.510988 0.692256 0.824620 0.999275 0.304225 0.166667 0.475812 0.388889
0.574087
0.649910 0.333333 0.950989 0.999558 0.510984 0.684740 0.518867 0.632846 0.102453 0.083333 0.123010 0.555556
0.574087
0.660382 0.333333 0.968203 0.999566 0.510988 0.691719 0.824872 0.999595 0.305010 0.083333 0.475135 0.361111
0.574087
0.650070 0.333333 0.951250 0.999557 0.510983 0.684203 0.519023 0.632549 0.103324 0.166667 0.123057 0.472222
0.574087
0.660234 0.333333 0.967959 0.999564 0.510987 0.690646 0.824440 0.999360 0.303924 0.166667 0.475565 0.277778
0.574087
0.649888 0.333333 0.950955 0.999556 0.510983 0.683667 0.518886 0.632844 0.102049 0.083333 0.122571 0.472222
0.574087
0.660174 0.333333 0.967864 0.999567 0.510988 0.692793 0.824380 0.999665 0.303452 0.000000 0.475500 0.388889
0.574087
0.649887 0.333333 0.950951 0.999558 0.510984 0.684740 0.518787 0.632779 0.102054 0.166667 0.122306 0.472222
0.574087
0.660229 0.333333 0.967950 0.999567 0.510988 0.692256 0.824564 0.999619 0.303377 0.250000 0.473794 0.305556
0.574087
0.650154 0.333333 0.951388 0.999558 0.510984 0.684740 0.519188 0.632619 0.103696 0.083333 0.123087 0.500000
0.574087
0.660358 0.333333 0.968162 0.999565 0.510987 0.691182 0.824565 0.998920 0.304500 0.083333 0.475697 0.333333
0.574087
0.649924 0.333333 0.951011 0.999555 0.510983 0.683130 0.518936 0.632832 0.102437 0.166667 0.123022 0.472222
0.574087
0.660336 0.333333 0.968127 0.999566 0.510988 0.691719 0.824661 0.999302 0.304373 0.250000 0.475691 0.333333
0.574087
0.649839 0.333333 0.950873 0.999558 0.510984 0.684740 0.518779 0.632868 0.101715 0.166667 0.122577 0.527778
0.574087
0.660420 0.333333 0.968265 0.999567 0.510988 0.692793 0.825195 0.999996 0.305748 0.083333 0.477721 0.444444
0.574087
0.650151 0.333333 0.951384 0.999558 0.510984 0.684740 0.519200 0.632480 0.103749 0.166667 0.122831 0.500000
0.574087
0.660142 0.333333 0.967809 0.999566 0.510988 0.691719 0.824357 0.999457 0.303934 0.000000 0.477350 0.333333
0.574087
0.649966 0.333333 0.951080 0.999555 0.510983 0.683130 0.519002 0.632804 0.102476 0.250000 0.122778 0.444444
0.574087
0.660106 0.333333 0.967750 0.999565 0.510987 0.691182 0.824281 0.999534 0.302555 0.166667 0.474248 0.333333
0.574087
0.650098 0.333333 0.951295 0.999558 0.510984 0.684740 0.519098 0.632762 0.103274 0.000000 0.123305 0.555556
0.574087
0.660367 0.333333 0.968177 0.999567 0.510988 0.692256 0.824674 0.999010 0.304256 0.083333 0.474030 0.444444
0.574087
0.650138 0.333333 0.951365 0.999558 0.510984 0.684740 0.519245 0.632437 0.103582 0.416667 0.123705 0.416667
0.574087
0.659979 0.333333 0.967539 0.999566 0.510988 0.692256 0.822724 0.997204 0.299085 0.083333 0.465527 0.333333
0.574087
0.650437 0.333333 0.951855 0.999556 0.510983 0.683667 0.523170 0.632533 0.115437 0.166667 0.128495 0.500000
0.574087
0.661038 0.333333 0.969280 0.999564 0.510987 0.690646 0.828823 0.998889 0.319284 0.083333 0.479282 0.333333
0.574087
0.650667 0.333333 0.952232 0.999558 0.510984 0.684740 0.523600 0.632430 0.116379 0.166667 0.128029 0.472222
0.574087
0.661104 0.333333 0.969390 0.999567 0.510988 0.692793 0.829218 0.999356 0.320385 0.000000 0.482006 0.361111
0.574087
0.650422 0.333333 0.951832 0.999558 0.510984 0.685277 0.523183 0.632621 0.114748 0.083333 0.127258 0.527778
0.574087
0.661083 0.333333 0.969356 0.999567 0.510988 0.692793 0.828945 0.999294 0.320086 0.083333 0.481797 0.361111
0.574087
0.650485 0.333333 0.951936 0.999557 0.510983 0.684203 0.523245 0.632623 0.115541 0.250000 0.128286 0.472222
0.574087
0.661117 0.333333 0.969410 0.999564 0.510987 0.690646 0.829235 0.999819 0.319920 0.083333 0.479126 0.250000
0.574087
0.650458 0.333333 0.951889 0.999556 0.510983 0.683667 0.523176 0.632598 0.115257 0.166667 0.128112 0.472222
0.574087
0.660978 0.333333 0.969184 0.999567 0.510988 0.692793 0.828922 0.999851 0.319257 0.166667 0.478183 0.361111
0.574087
0.650374 0.333333 0.951752 0.999558 0.510984 0.685277 0.523194 0.632600 0.114711 0.083333 0.127479 0.583333
0.574087
0.661137 0.333333 0.969445 0.999567 0.510988 0.692793 0.829222 0.999432 0.320012 0.166667 0.478663 0.444444
0.574087
0.650352 0.333333 0.951716 0.999557 0.510983 0.684203 0.523042 0.632613 0.114627 0.166667 0.127614 0.527778
0.574087
0.661051 0.333333 0.969301 0.999565 0.510987 0.691182 0.829045 0.999072 0.318603 0.166667 0.479358 0.333333
0.574087
0.650323 0.333333 0.951666 0.999555 0.510983 0.683130 0.523007 0.632534 0.114445 0.250000 0.127352 0.472222
0.574087
0.661209 0.333333 0.969563 0.999566 0.510988 0.692256 0.829499 0.999804 0.320754 0.000000 0.479856 0.333333
0.574087
0.650437 0.333333 0.951857 0.999558 0.510984 0.685277 0.523303 0.632760 0.115103 0.083333 0.127287 0.583333
0.574087
0.661114 0.333333 0.969407 0.999567 0.510988 0.692793 0.829379 0.999935 0.320779 0.000000 0.479727 0.305556
0.574087
0.650678 0.333333 0.952250 0.999558 0.510984 0.684740 0.523619 0.632435 0.116661 0.083333 0.129034 0.555556
0.574087
0.661036 0.333333 0.969279 0.999566 0.510988 0.692256 0.828756 0.999110 0.319106 0.083333 0.478451 0.222222
0.574087
0.650640 0.333333 0.952187 0.999556 0.510983 0.683667 0.523392 0.632206 0.116522 0.083333 0.129104 0.500000
0.574087
0.661065 0.333333 0.969324 0.999565 0.510987 0.691182 0.828873 0.999437 0.320245 0.333333 0.482422 0.361111
0.574087
0.650561 0.333333 0.952060 0.999558 0.510984 0.685277 0.523466 0.632688 0.115783 0.000000 0.127906 0.555556
0.574087
0.660869 0.333333 0.969004 0.999567 0.510988 0.692793 0.828776 0.999567 0.319108 0.083333 0.481064 0.444444
0.574087
0.650494 0.333333 0.951950 0.999558 0.510984 0.684740 0.523305 0.632645 0.115445 0.166667 0.128283 0.500000
0.574087
0.661080 0.333333 0.969350 0.999567 0.510988 0.692793 0.829126 0.999596 0.320810 0.000000 0.482710 0.361111
0.574087
0.650465 0.333333 0.951899 0.999555 0.510983 0.683130 0.523179 0.632555 0.115342 0.250000 0.127856 0.527778
0.574087
0.661105 0.333333 0.969391 0.999564 0.510987 0.690646 0.829108 0.999098 0.318952 0.166667 0.477950 0.305556
0.574087
0.650428 0.333333 0.951842 0.999558 0.510984 0.684740 0.523154 0.632641 0.115283 0.000000 0.128303 0.583333
0.574087
0.661135 0.333333 0.969439 0.999567 0.510988 0.692793 0.829147 0.999232 0.319325 0.250000 0.477983 0.222222
0.574087
0.650385 0.333333 0.951770 0.999558 0.510984 0.684740 0.523187 0.632613 0.114954 0.250000 0.127679 0.527778
0.574087
0.661059 0.333333 0.969317 0.999567 0.510988 0.692793 0.828792 0.999088 0.320017 0.000000 0.480663 0.361111
0.574087
0.650440 0.333333 0.951858 0.999556 0.510983 0.683667 0.523097 0.632626 0.115313 0.000000 0.127859 0.583333
0.574087
0.660851 0.333333 0.968975 0.999565 0.510992 0.690646 0.828609 0.999311 0.317736 0.166667 0.478389 0.444444
0.574087
0.650625 0.333333 0.952166 0.999556 0.510983 0.683667 0.523563 0.632340 0.116628 0.000000 0.128951 0.527778
0.574087
0.661098 0.333333 0.969378 0.999567 0.510988 0.692793 0.829152 0.999144 0.320237 0.166667 0.480151 0.333333
0.574087
0.650673 0.333333 0.952244 0.999558 0.510984 0.685277 0.523671 0.632380 0.116595 0.083333 0.129196 0.555556
0.574087
0.661010 0.333333 0.969234 0.999567 0.510988 0.692793 0.828955 0.999439 0.318981 0.166667 0.480053 0.333333
0.574087
0.650692 0.333333 0.952275 0.999558 0.510984 0.684740 0.523542 0.632142 0.116996 0.000000 0.129788 0.611111
0.574087
0.661073 0.333333 0.969341 0.999566 0.510988 0.691719 0.829015 0.999503 0.319640 0.083333 0.478510 0.416667
0.574087
0.650416 0.333333 0.951822 0.999555 0.510983 0.683130 0.523140 0.632637 0.115052 0.250000 0.127811 0.472222
0.574087
0.661139 0.333333 0.969445 0.999566 0.510988 0.692256 0.829261 1.000000 0.322678 0.166667 0.485553 0.277778
0.574087
0.650412 0.333333 0.951813 0.999558 0.510984 0.685277 0.523204 0.632629 0.115319 0.083333 0.128062 0.527778
0.574087
0.661092 0.333333 0.969369 0.999567 0.510988 0.692793 0.829160 0.999296 0.319820 0.166667 0.480136 0.416667
0.574087
0.650477 0.333333 0.951920 0.999558 0.510984 0.684740 0.523221 0.632686 0.115388 0.083333 0.128197 0.583333
0.574087
0.661069 0.333333 0.969330 0.999566 0.510988 0.692256 0.829093 0.999730 0.320412 0.083333 0.480056 0.361111
0.574087
0.650702 0.333333 0.952291 0.999555 0.510983 0.683130 0.523645 0.632174 0.116758 0.250000 0.129060 0.527778
0.574087
0.660995 0.333333 0.969211 0.999565 0.510987 0.691182 0.829075 0.999827 0.319735 0.083333 0.480893 0.388889
0.574087
0.650461 0.333333 0.951894 0.999558 0.510984 0.685277 0.523235 0.632548 0.115401 0.000000 0.128436 0.500000
0.574087
0.660820 0.333333 0.968922 0.999567 0.510988 0.692793 0.828548 0.999533 0.318456 0.083333 0.480145 0.388889
0.574087
0.650713 0.333333 0.952308 0.999558 0.510984 0.684740 0.523666 0.632325 0.116859 0.166667 0.128598 0.527778
0.574087
0.661064 0.333333 0.969323 0.999584 0.511059 0.692793 0.828974 0.999589 0.319917 0.083333 0.479721 0.361111
0.574087
0.650441 0.333333 0.951861 0.999555 0.510983 0.683130 0.523136 0.632580 0.115422 0.000000 0.128038 0.444444
0.574087
0.661108 0.333333 0.969397 0.999564 0.510987 0.690646 0.829197 0.999200 0.320063 0.000000 0.481721 0.388889
0.574087
0.650533 0.333333 0.952015 0.999558 0.510984 0.685277 0.523456 0.632549 0.115753 0.166667 0.128259 0.527778
0.574087
0.661081 0.333333 0.969351 0.999567 0.510988 0.692793 0.829152 0.999681 0.320598 0.000000 0.481791 0.388889
0.574087
0.650418 0.333333 0.951826 0.999558 0.510984 0.684740 0.523161 0.632627 0.114698 0.166667 0.127119 0.500000
0.574087
0.660844 0.333333 0.968962 0.999566 0.510988 0.692256 0.828536 0.999538 0.318119 0.083333 0.479429 0.444444
0.574087
0.650447 0.333333 0.951870 0.999556 0.510983 0.683667 0.523229 0.632714 0.115270 0.083333 0.128068 0.555556
0.574087
0.661085 0.333333 0.969358 0.999564 0.510987 0.690646 0.829188 0.999480 0.320192 0.000000 0.481129 0.305556
0.574087
0.650673 0.333333 0.952241 0.999556 0.510983 0.683667 0.523596 0.632166 0.116175 0.166667 0.128183 0.500000
0.574087
0.661068 0.333333 0.969329 0.999567 0.510988 0.692793 0.829170 0.999787 0.319599 0.166667 0.479777 0.361111
0.574087
0.650677 0.333333 0.952248 0.999558 0.510984 0.685277 0.523628 0.632154 0.116347 0.166667 0.128995 0.500000
0.574087
0.661000 0.333333 0.969217 0.999567 0.510988 0.692793 0.828992 0.999299 0.319224 0.083333 0.480858 0.305556
0.574087
0.650484 0.333333 0.951930 0.999558 0.510984 0.684740 0.523335 0.632636 0.115604 0.166667 0.128286 0.555556
0.574087
0.660896 0.333333 0.969048 0.999565 0.510987 0.691182 0.828912 0.999677 0.318517 0.000000 0.478242 0.333333
0.574087
0.650595 0.333333 0.952112 0.999555 0.510983 0.683130 0.523522 0.632510 0.116151 0.083333 0.128333 0.527778
0.574087
0.661083 0.333333 0.969354 0.999566 0.510988 0.692256 0.828964 0.999238 0.319796 0.166667 0.481249 0.277778
0.574087
0.650500 0.333333 0.951958 0.999558 0.510984 0.685277 0.523230 0.632726 0.115873 0.083333 0.128592 0.583333
0.574087
0.661230 0.333333 0.969597 0.999567 0.510988 0.692793 0.829329 0.999780 0.321727 0.166667 0.482366 0.333333
0.574087
0.650473 0.333333 0.951913 0.999558 0.510984 0.684740 0.523213 0.632566 0.115361 0.083333 0.127897 0.527778
0.574087
0.661097 0.333333 0.969376 0.999566 0.510988 0.692256 0.828988 0.999638 0.320170 0.000000 0.480065 0.361111
0.574087
0.650654 0.333333 0.952212 0.999555 0.510983 0.683130 0.523416 0.632061 0.116374 0.000000 0.129152 0.583333
0.574087
0.660864 0.333333 0.968995 0.999565 0.510987 0.691182 0.828672 0.999529 0.318268 0.250000 0.478163 0.333333
0.574087
0.650684 0.333333 0.952259 0.999558 0.510984 0.685277 0.523513 0.632290 0.116740 0.083333 0.129157 0.527778
0.574087
0.660805 0.333333 0.968897 0.999567 0.510988 0.692793 0.828631 0.999510 0.317722 0.000000 0.478286 0.361111
0.574087
0.650398 0.333333 0.951793 0.999558 0.510984 0.684740 0.523163 0.632603 0.114820 0.083333 0.127755 0.500000
0.574087
0.660841 0.333333 0.968955 0.999566 0.510988 0.692256 0.828443 0.999293 0.318690 0.000000 0.480651 0.444444
0.574087
0.650390 0.333333 0.951775 0.999555 0.510983 0.683130 0.523163 0.632623 0.114969 0.083333 0.128015 0.472222
0.574087
0.660851 0.333333 0.968974 0.999564 0.510987 0.690646 0.828698 0.999401 0.318029 0.000000 0.479897 0.333333
0.574087
0.650396 0.333333 0.951788 0.999558 0.510984 0.684740 0.523053 0.632591 0.114980 0.083333 0.128059 0.472222
0.574087
0.660824 0.333333 0.968929 0.999567 0.510988 0.692793 0.828599 0.999420 0.318131 0.083333 0.479768 0.361111
0.574087
0.650382 0.333333 0.951765 0.999558 0.510984 0.684740 0.523162 0.632668 0.114632 0.166667 0.127160 0.555556
0.574087
0.661071 0.333333 0.969333 0.999567 0.510988 0.692793 0.828937 0.999617 0.320014 0.083333 0.480775 0.277778
0.574087
0.650726 0.333333 0.952330 0.999557 0.510983 0.684203 0.523615 0.632317 0.116398 0.000000 0.128347 0.472222
0.574087
0.661023 0.333333 0.969257 0.999564 0.510987 0.690646 0.828867 0.999096 0.319517 0.083333 0.480684 0.333333
0.574087
0.650451 0.333333 0.951879 0.999556 0.510983 0.683667 0.523281 0.632682 0.115082 0.250000 0.127714 0.472222
0.574087
0.660912 0.333333 0.969075 0.999567 0.510988 0.692793 0.828677 0.999320 0.318345 0.083333 0.479005 0.333333
0.574087
0.650396 0.333333 0.951787 0.999558 0.510984 0.685277 0.523136 0.632507 0.114734 0.166667 0.127596 0.472222
0.574087
0.661099 0.333333 0.969382 0.999567 0.510988 0.692793 0.829226 0.999881 0.320744 0.166667 0.481741 0.361111
0.574087
0.650489 0.333333 0.951940 0.999558 0.510984 0.684740 0.523407 0.632788 0.115492 0.000000 0.127876 0.527778
0.574087
0.661011 0.333333 0.969236 0.999565 0.510987 0.691182 0.829036 0.999264 0.318745 0.083333 0.479347 0.250000
0.574087
0.650421 0.333333 0.951828 0.999555 0.510983 0.683130 0.523190 0.632637 0.115115 0.250000 0.128300 0.472222
0.574087
0.661129 0.333333 0.969431 0.999566 0.510988 0.692256 0.829286 0.999875 0.320544 0.083333 0.480696 0.361111
0.574087
0.650637 0.333333 0.952181 0.999558 0.510984 0.685277 0.523664 0.632313 0.116206 0.166667 0.128309 0.555556
0.574087
0.661014 0.333333 0.969242 0.999567 0.510988 0.692793 0.828974 0.999522 0.319445 0.083333 0.479768 0.277778
0.574087
0.650439 0.333333 0.951858 0.999558 0.510984 0.684740 0.523179 0.632566 0.115239 0.250000 0.127994 0.444444
0.574087
0.661073 0.333333 0.969338 0.999566 0.510988 0.692256 0.828990 0.998955 0.318784 0.166667 0.477420 0.305556
0.574087
0.650351 0.333333 0.951714 0.999555 0.510983 0.683130 0.522981 0.632419 0.114647 0.083333 0.127367 0.555556
0.574087
0.660835 0.333333 0.968948 0.999565 0.510987 0.691182 0.828748 0.999705 0.318596 0.000000 0.479794 0.361111
0.574087
0.650373 0.333333 0.951749 0.999558 0.510984 0.685277 0.522967 0.632528 0.114300 0.166667 0.127155 0.555556
0.574087
0.660908 0.333333 0.969066 0.999567 0.510988 0.692793 0.828634 0.999635 0.317739 0.000000 0.477732 0.444444
0.574087
0.650502 0.333333 0.951962 0.999558 0.510984 0.684740 0.523352 0.632693 0.115727 0.250000 0.128521 0.527778
0.574087
0.661132 0.333333 0.969435 0.999573 0.511012 0.692793 0.829118 0.999548 0.319999 0.083333 0.479394 0.333333
0.574087
0.325320 0.333333 0.417550 0.401824 0.088846 0.326265 0.320537 0.392544 0.062326 0.083333 0.071966 0.250000
0.574087
