527 11 1
0.075456 1.000000 0.020183 0.000000 0.000000 0.921813 0.000000 0.337028 0.909394 0.000000 0.391666
0.145762
0.091572 1.000000 0.082485 0.000056 0.019599 0.936492 0.170521 0.599989 1.000000 0.250526 0.565551
0.145762
0.078340 1.000000 0.031328 0.000004 0.008522 0.921759 0.000570 0.379007 0.090934 0.000798 0.304611
0.145762
0.091721 1.000000 0.083062 0.000009 0.020452 0.936638 0.172349 0.602376 0.363678 0.251621 0.261054
0.145762
0.078177 1.000000 0.030699 0.000004 0.008522 0.921775 0.000416 0.376800 0.454670 0.000621 0.217580
0.145762
0.091734 1.000000 0.083113 0.000009 0.020452 0.936589 0.168098 0.602329 0.000000 0.249098 0.609125
0.145762
0.078164 1.000000 0.030652 0.000004 0.008522 0.921778 0.000349 0.376772 0.000000 0.000545 0.174064
0.145762
0.091771 1.000000 0.083256 0.000144 0.023008 0.936207 0.168711 0.602481 0.363546 0.249701 0.304452
0.145762
0.077901 1.000000 0.029632 0.000005 0.010226 0.921767 0.000544 0.373403 0.090932 0.001255 0.261089
0.145762
0.091655 1.000000 0.082812 0.000012 0.025565 0.936683 0.172624 0.601294 0.000000 0.249595 0.435072
0.145762
0.077972 1.000000 0.029903 0.000005 0.010226 0.921764 0.000410 0.374513 0.000000 0.000519 0.435149
0.145762
0.091665 1.000000 0.082848 0.000012 0.024712 0.936660 0.172534 0.601545 0.272751 0.250916 0.609108
0.145762
0.078288 1.000000 0.031127 0.000005 0.010226 0.921771 0.000374 0.378890 0.181864 0.000405 0.435149
0.145762
0.091816 1.000000 0.083433 0.000012 0.025565 0.936678 0.172665 0.604045 0.000000 0.250774 0.565593
0.145762
0.078535 1.000000 0.032083 0.000005 0.010226 0.921779 0.000539 0.381702 0.090932 0.000874 0.348119
0.145762
0.091827 1.000000 0.083473 0.000012 0.025565 0.936699 0.172953 0.604534 0.090916 0.250862 0.565594
0.145762
0.078246 1.000000 0.030965 0.000005 0.010226 0.921765 0.000343 0.378096 0.090932 0.000316 0.391634
0.145762
0.091628 1.000000 0.082703 0.000012 0.024712 0.936594 0.169007 0.601437 0.454585 0.249788 0.522092
0.145762
0.078097 1.000000 0.030389 0.000005 0.010226 0.921757 0.000456 0.376201 0.000000 0.000900 0.348119
0.145762
0.091755 1.000000 0.083197 0.000012 0.024712 0.936684 0.172719 0.603928 0.090917 0.251639 0.478585
0.145762
0.078037 1.000000 0.030159 0.000005 0.010226 0.921749 0.000713 0.375258 0.090932 0.001001 0.261089
0.145762
0.091707 1.000000 0.083009 0.000012 0.024712 0.936659 0.172349 0.602472 0.000000 0.251081 0.522092
0.145762
0.078302 1.000000 0.031184 0.000005 0.010226 0.921762 0.000467 0.379104 0.272796 0.000608 0.348119
0.145762
0.092009 1.000000 0.084180 0.000012 0.025565 0.936707 0.172922 0.606660 0.363664 0.250888 0.696115
0.145762
0.077864 1.000000 0.029487 0.000005 0.010226 0.921769 0.000595 0.373562 0.000000 0.000912 0.348119
0.145762
0.091477 1.000000 0.082120 0.000012 0.024712 0.936718 0.172847 0.599201 0.090917 0.249788 0.435077
0.145762
0.077988 1.000000 0.029972 0.000005 0.010226 0.921763 0.000549 0.375162 0.000000 0.000735 0.304604
0.145762
0.091838 1.000000 0.083516 0.000012 0.024712 0.936753 0.172914 0.603755 0.000000 0.250358 0.783138
0.145762
0.078086 1.000000 0.030348 0.000005 0.010226 0.921767 0.000549 0.376117 0.000000 0.001026 0.348119
0.145762
0.091584 1.000000 0.082535 0.000012 0.024712 0.936658 0.171584 0.600561 0.181834 0.249433 0.609108
0.145762
0.078358 1.000000 0.031400 0.000005 0.010226 0.921752 0.000508 0.380267 0.000000 0.000671 0.348119
0.145762
0.091960 1.000000 0.083987 0.000012 0.025565 0.936655 0.172860 0.606085 0.000000 0.251699 0.609101
0.145762
0.078194 1.000000 0.030767 0.000005 0.010226 0.921761 0.000395 0.377400 0.090932 0.000811 0.261089
0.145762
0.091854 1.000000 0.083580 0.000012 0.024712 0.936701 0.172985 0.605540 0.090917 0.250992 0.435077
0.145762
0.078100 1.000000 0.030401 0.000005 0.010226 0.921774 0.000431 0.375907 0.181864 0.000646 0.435149
0.145762
0.091560 1.000000 0.082438 0.000012 0.024712 0.936678 0.172683 0.599804 0.181834 0.250612 0.478585
0.145762
0.078283 1.000000 0.031111 0.000005 0.010226 0.921772 0.000600 0.379481 0.090932 0.000887 0.261089
0.145762
0.091715 1.000000 0.083039 0.000012 0.024712 0.936582 0.168966 0.601881 0.000000 0.249445 0.478585
0.145762
0.077974 1.000000 0.029914 0.000005 0.010226 0.921768 0.000374 0.374132 0.090932 0.000354 0.348119
0.145762
0.091684 1.000000 0.082922 0.000012 0.024712 0.936512 0.167836 0.601901 0.181834 0.248875 0.435077
0.145762
0.077912 1.000000 0.029674 0.000005 0.010226 0.921743 0.000646 0.373480 0.000000 0.001166 0.304604
0.145762
0.091799 1.000000 0.083364 0.000012 0.024712 0.936607 0.171420 0.604249 0.363668 0.251106 0.522092
0.145762
0.078350 1.000000 0.031368 0.000005 0.010226 0.921751 0.000441 0.380128 0.000000 0.000380 0.391634
0.145762
0.091546 1.000000 0.082383 0.000012 0.024712 0.936535 0.167436 0.600144 0.181834 0.249712 0.391569
0.145762
0.077967 1.000000 0.029889 0.000005 0.010226 0.921753 0.000713 0.374399 0.000000 0.001140 0.348119
0.145762
0.091658 1.000000 0.082818 0.000012 0.024712 0.936677 0.172564 0.602136 0.181834 0.251626 0.696123
0.145762
0.078161 1.000000 0.030637 0.000005 0.010226 0.921753 0.000390 0.377339 0.181864 0.000405 0.217575
0.145762
0.091860 1.000000 0.083599 0.000012 0.024712 0.936633 0.169392 0.604750 0.090917 0.250586 0.565600
0.145762
0.078172 1.000000 0.030675 0.000005 0.010226 0.921766 0.000575 0.377520 0.000000 0.000988 0.304604
0.145762
0.091821 1.000000 0.083449 0.000012 0.024712 0.936700 0.172950 0.604310 0.090917 0.250815 0.435077
0.145762
0.078088 1.000000 0.030350 0.000005 0.010226 0.921774 0.000343 0.375930 0.181864 0.000304 0.304604
0.145762
0.091708 1.000000 0.083017 0.000012 0.024712 0.936558 0.168170 0.602378 0.272751 0.249851 0.348062
0.145762
0.078146 1.000000 0.030581 0.000005 0.010226 0.921761 0.000410 0.376917 0.000000 0.000608 0.348119
0.145762
0.091688 1.000000 0.082933 0.000012 0.024712 0.936593 0.169730 0.602838 0.090917 0.250244 0.435077
0.145762
0.077764 1.000000 0.029107 0.000005 0.009374 0.921767 0.000405 0.371947 0.000000 0.000950 0.304608
0.145762
0.091588 1.000000 0.082545 0.000012 0.024712 0.936619 0.170254 0.601103 0.363668 0.250257 0.522092
0.145762
0.078055 1.000000 0.030228 0.000005 0.010226 0.921760 0.000487 0.375802 0.272796 0.000481 0.478664
0.145762
0.091676 1.000000 0.082893 0.000012 0.024712 0.936645 0.171851 0.602510 0.090917 0.251144 0.348062
0.145762
0.077958 1.000000 0.029855 0.000005 0.010226 0.921759 0.000600 0.374729 0.272796 0.000976 0.304604
0.145762
0.091570 1.000000 0.082478 0.000012 0.024712 0.936625 0.170726 0.600983 0.090917 0.250079 0.522092
0.145762
0.078204 1.000000 0.030806 0.000005 0.010226 0.921767 0.000426 0.377626 0.090932 0.000392 0.348119
0.145762
0.091419 1.000000 0.081893 0.000012 0.024712 0.936614 0.169556 0.598881 0.272751 0.250003 0.435077
0.145762
0.078246 1.000000 0.030964 0.000005 0.010226 0.921764 0.000441 0.378296 0.181864 0.000367 0.348119
0.145762
0.091833 1.000000 0.083497 0.000012 0.024712 0.936664 0.172775 0.605115 0.090917 0.251347 0.522092
0.145762
0.078401 1.000000 0.031564 0.000005 0.010226 0.921765 0.000441 0.380271 0.000000 0.000329 0.348119
0.145762
0.091824 1.000000 0.083460 0.000012 0.024712 0.936503 0.167441 0.604449 0.454585 0.250333 0.391569
0.145762
0.077985 1.000000 0.029957 0.000005 0.010226 0.921772 0.000426 0.374368 0.090932 0.000405 0.217575
0.145762
0.091589 1.000000 0.082551 0.000012 0.024712 0.936581 0.169710 0.601130 0.272751 0.249876 0.522092
0.145762
0.077978 1.000000 0.029929 0.000005 0.009374 0.921787 0.000359 0.375001 0.000000 0.000392 0.261092
0.145762
0.091671 1.000000 0.082866 0.000012 0.024712 0.936670 0.170696 0.602042 0.272751 0.250650 0.348062
0.145762
0.077955 1.000000 0.029841 0.000005 0.009374 0.921767 0.000364 0.374803 0.090933 0.000430 0.478669
0.145762
0.091953 1.000000 0.083961 0.000012 0.024712 0.936644 0.171815 0.606131 0.181834 0.250067 0.478585
0.145762
0.078035 1.000000 0.030152 0.000005 0.009374 0.921775 0.000575 0.375331 0.000000 0.000697 0.435154
0.145762
0.091765 1.000000 0.083234 0.000012 0.024712 0.936670 0.172138 0.603950 0.090917 0.250878 0.435077
0.145762
0.078235 1.000000 0.030924 0.000005 0.009374 0.921745 0.000400 0.378393 0.090933 0.000380 0.304608
0.145762
0.091730 1.000000 0.083099 0.000012 0.024712 0.936544 0.167266 0.603366 0.000000 0.249585 0.478585
0.145762
0.077734 1.000000 0.028987 0.000005 0.009374 0.921767 0.000585 0.371320 0.090933 0.001128 0.391639
0.145762
0.091825 1.000000 0.083465 0.000012 0.024712 0.936578 0.170136 0.604425 0.090917 0.251056 0.696123
0.145762
0.078009 1.000000 0.030049 0.000005 0.010226 0.921766 0.000446 0.375425 0.090932 0.000671 0.261089
0.145762
0.091916 1.000000 0.083816 0.000012 0.024712 0.936714 0.172749 0.605846 0.272751 0.249750 0.565600
0.145762
0.078008 1.000000 0.030047 0.000005 0.009374 0.921771 0.000451 0.374669 0.090933 0.000608 0.174062
0.145762
0.091829 1.000000 0.083479 0.000012 0.024712 0.936509 0.167117 0.604789 0.272751 0.249965 0.435077
0.145762
0.077853 1.000000 0.029446 0.000005 0.009374 0.921759 0.000292 0.372969 0.000000 0.000468 0.348123
0.145762
0.091717 1.000000 0.083049 0.000012 0.024712 0.936579 0.168863 0.603296 0.090917 0.250764 0.391569
0.145762
0.078034 1.000000 0.030146 0.000005 0.009374 0.921765 0.000292 0.375687 0.181866 0.000545 0.217577
0.145762
0.091848 1.000000 0.083557 0.000012 0.024712 0.936584 0.169248 0.605317 0.363668 0.250333 0.478585
0.145762
0.078088 1.000000 0.030353 0.000005 0.009374 0.921778 0.000503 0.376656 0.090933 0.000621 0.261092
0.145762
0.091888 1.000000 0.083708 0.000012 0.024712 0.936615 0.172221 0.606060 0.090917 0.251702 0.696123
0.145762
0.078048 1.000000 0.030199 0.000005 0.009374 0.921780 0.000446 0.375919 0.181866 0.000621 0.304608
0.145762
0.091788 1.000000 0.083327 0.000012 0.024712 0.936713 0.173016 0.604681 0.181834 0.251563 0.522092
0.145762
0.077896 1.000000 0.029612 0.000005 0.009374 0.921776 0.000513 0.373641 0.000000 0.001039 0.348123
0.145762
0.091946 1.000000 0.083932 0.000012 0.024712 0.936544 0.168924 0.606031 0.272751 0.251144 0.565600
0.145762
0.078436 1.000000 0.031703 0.000005 0.010226 0.921767 0.000631 0.381735 0.090932 0.000912 0.348119
0.145762
0.092141 1.000000 0.084688 0.000012 0.024712 0.936518 0.166783 0.608791 0.181834 0.249293 0.391569
0.145762
0.077951 1.000000 0.029827 0.000005 0.009374 0.921784 0.000559 0.375158 0.000000 0.000849 0.304608
0.145762
0.091765 1.000000 0.083236 0.000012 0.024712 0.936571 0.168873 0.604121 0.090917 0.249914 0.565600
0.145762
0.077931 1.000000 0.029748 0.000005 0.009374 0.921785 0.000503 0.374166 0.090933 0.000760 0.261092
0.145762
0.091828 1.000000 0.083477 0.000012 0.024712 0.936703 0.173037 0.605445 0.181834 0.252159 0.609108
0.145762
0.078010 1.000000 0.030052 0.000005 0.009374 0.921774 0.000472 0.375428 0.000000 0.000735 0.435154
0.145762
0.091679 1.000000 0.082901 0.000012 0.024712 0.936549 0.168355 0.602551 0.000000 0.249623 0.478585
0.145762
0.078072 1.000000 0.030291 0.000005 0.009374 0.921774 0.000559 0.376074 0.000000 0.000824 0.261092
0.145762
0.091733 1.000000 0.083107 0.000012 0.024712 0.936616 0.171512 0.602838 0.090917 0.249953 0.478585
0.145762
0.078094 1.000000 0.030379 0.000005 0.009374 0.921782 0.000446 0.376681 0.090933 0.000468 0.304608
0.145762
0.091772 1.000000 0.083262 0.000012 0.024712 0.936678 0.171959 0.604508 0.181834 0.251360 0.565600
0.145762
0.078256 1.000000 0.031004 0.000005 0.009374 0.921777 0.000467 0.379224 0.090933 0.000824 0.304608
0.145762
0.091733 1.000000 0.083107 0.000012 0.024712 0.936721 0.173268 0.603304 0.545502 0.251043 0.435077
0.145762
0.078173 1.000000 0.030684 0.000005 0.009374 0.921739 0.000590 0.377884 0.272799 0.000976 0.304608
0.145762
0.091591 1.000000 0.082562 0.000012 0.024712 0.936638 0.172472 0.601811 0.272759 0.251913 0.435090
0.145762
0.078177 1.000000 0.030701 0.000005 0.009374 0.921777 0.000400 0.377684 0.181866 0.000735 0.261092
0.145762
0.091725 1.000000 0.083079 0.000012 0.024712 0.936706 0.173093 0.603732 0.181834 0.251791 0.565600
0.145762
0.077905 1.000000 0.029647 0.000005 0.009374 0.921767 0.000400 0.373370 0.181866 0.000671 0.304608
0.145762
0.091878 1.000000 0.083670 0.000012 0.024712 0.936695 0.172796 0.605685 0.181834 0.251246 0.478585
0.145762
0.078183 1.000000 0.030723 0.000005 0.009374 0.921783 0.000621 0.377353 0.090933 0.001115 0.348123
0.145762
0.091871 1.000000 0.083642 0.000012 0.024712 0.936674 0.172667 0.605771 0.181834 0.252564 0.652615
0.145762
0.078172 1.000000 0.030684 0.000005 0.009374 0.921767 0.000508 0.377636 0.090933 0.000976 0.348123
0.145762
0.091871 1.000000 0.083643 0.000012 0.024712 0.936581 0.170685 0.605223 0.181834 0.249712 0.348062
0.145762
0.078145 1.000000 0.030574 0.000005 0.009374 0.921765 0.000395 0.377444 0.181866 0.000519 0.348123
0.145762
0.091730 1.000000 0.083097 0.000012 0.024712 0.936595 0.170044 0.603748 0.272751 0.251639 0.391569
0.145762
0.077940 1.000000 0.029784 0.000004 0.008522 0.921786 0.000374 0.374384 0.000000 0.000735 0.304611
0.145762
0.091494 1.000000 0.082192 0.000012 0.024712 0.936616 0.170619 0.600181 0.181834 0.249927 0.391569
0.145762
0.078023 1.000000 0.030100 0.000005 0.009374 0.921766 0.000487 0.375852 0.272799 0.000747 0.261092
0.145762
0.091543 1.000000 0.082376 0.000009 0.020452 0.936666 0.170942 0.600773 0.090920 0.250708 0.522108
0.145762
0.077993 1.000000 0.029986 0.000004 0.008522 0.921778 0.000405 0.375619 0.090934 0.000659 0.348127
0.145762
0.091946 1.000000 0.083934 0.000012 0.024712 0.936590 0.170018 0.606115 0.272751 0.249775 0.391569
0.145762
0.077642 1.000000 0.028629 0.000004 0.008522 0.921780 0.000236 0.370181 0.000000 0.000177 0.348127
0.145762
0.091662 1.000000 0.082835 0.000012 0.024712 0.936625 0.172554 0.602920 0.090917 0.252298 0.609108
0.145762
0.078442 1.000000 0.031722 0.000005 0.009374 0.921793 0.000498 0.381296 0.272799 0.000747 0.348123
0.145762
0.091885 1.000000 0.083697 0.000012 0.024712 0.936636 0.172246 0.605946 0.181834 0.251537 0.261046
0.145762
0.078115 1.000000 0.030459 0.000005 0.009374 0.921782 0.000467 0.376803 0.090933 0.000633 0.304608
0.145762
0.091564 1.000000 0.082459 0.000009 0.020452 0.936659 0.172518 0.601392 0.272759 0.252433 0.478599
0.145762
0.078171 1.000000 0.030676 0.000004 0.009374 0.921784 0.000436 0.377551 0.272800 0.000735 0.304609
0.145762
0.091664 1.000000 0.082841 0.000008 0.020452 0.936645 0.172375 0.603054 0.090920 0.252154 0.478600
0.145762
0.077894 1.000000 0.029605 0.000004 0.009374 0.921776 0.000421 0.374193 0.181867 0.000545 0.261093
0.145762
0.092170 1.000000 0.084799 0.000010 0.024712 0.936706 0.172950 0.609902 0.090917 0.250866 0.478586
0.145762
0.078142 1.000000 0.030563 0.000004 0.009374 0.921784 0.000308 0.377280 0.090933 0.000443 0.348124
0.145762
0.091771 1.000000 0.083252 0.000010 0.024712 0.936542 0.167426 0.603689 0.272752 0.249624 0.391570
0.145762
0.078255 1.000000 0.031002 0.000003 0.008522 0.921778 0.000184 0.378904 0.000000 0.000063 0.391644
0.145762
0.091849 1.000000 0.083559 0.000010 0.024712 0.936723 0.172996 0.606351 0.272752 0.252185 0.609110
0.145762
0.078180 1.000000 0.030708 0.000003 0.008522 0.921796 0.000436 0.377677 0.181869 0.000963 0.304612
0.145762
0.091920 1.000000 0.083829 0.000010 0.024712 0.936717 0.172349 0.606646 0.181834 0.250993 0.348063
0.145762
0.078388 1.000000 0.031510 0.000004 0.009374 0.921772 0.000508 0.380859 0.181867 0.001103 0.348124
0.145762
0.091517 1.000000 0.082274 0.000008 0.020452 0.936606 0.168032 0.600189 0.272760 0.249809 0.391582
0.145762
0.078175 1.000000 0.030693 0.000004 0.009374 0.921779 0.000328 0.377838 0.090933 0.000405 0.348124
0.145762
0.091702 1.000000 0.082990 0.000008 0.020452 0.936569 0.168062 0.603490 0.181840 0.250963 0.478600
0.145762
0.078303 1.000000 0.031185 0.000004 0.009374 0.921763 0.000302 0.379856 0.181867 0.000190 0.348124
0.145762
0.091450 1.000000 0.082015 0.000008 0.020452 0.936650 0.171523 0.599427 0.181840 0.250684 0.478600
0.145762
0.077926 1.000000 0.029727 0.000003 0.008522 0.921781 0.000482 0.374482 0.272803 0.000811 0.304612
0.145762
0.091801 1.000000 0.083371 0.000008 0.020452 0.936731 0.173032 0.604697 0.181840 0.251432 0.391582
0.145762
0.077926 1.000000 0.029727 0.000003 0.008522 0.921771 0.000344 0.373627 0.090934 0.000786 0.391644
0.145762
0.091632 1.000000 0.082720 0.000008 0.020452 0.936621 0.169557 0.602274 0.181840 0.249948 0.478600
0.145762
0.104345 1.000000 0.008688 0.000016 0.037495 0.921554 0.001891 0.379865 0.272713 0.001289 0.522019
0.145762
0.142385 0.333333 0.003686 0.000035 0.080954 0.941529 0.226929 0.565812 0.272577 0.242679 0.521760
0.224281
0.147009 0.333333 0.012626 0.000040 0.091180 0.959909 0.394243 0.651957 0.363407 0.406904 0.391288
0.224281
0.142624 0.333333 0.004151 0.000035 0.081807 0.941585 0.224151 0.569376 0.181716 0.245565 0.608713
0.224281
0.146617 0.333333 0.011868 0.000040 0.092032 0.960362 0.405622 0.647409 0.181701 0.411790 0.782568
0.224281
0.142592 0.333333 0.004089 0.000035 0.081807 0.941523 0.227383 0.568023 0.363432 0.242638 0.608713
0.224281
0.146448 0.333333 0.011540 0.000038 0.087772 0.960298 0.405634 0.644936 0.090853 0.409382 0.434773
0.224281
0.142922 0.333333 0.004727 0.000035 0.081807 0.941464 0.223094 0.572426 0.090858 0.242917 0.695672
0.224281
0.146768 0.333333 0.012159 0.000040 0.092032 0.960095 0.396408 0.647841 0.272552 0.404277 0.565188
0.224281
0.142757 0.333333 0.004405 0.000036 0.081807 0.941517 0.224874 0.570911 0.272574 0.244703 0.739150
0.224281
0.146930 0.333333 0.012472 0.000038 0.087772 0.960260 0.403644 0.650231 0.363413 0.407557 0.521727
0.224281
0.142592 0.333333 0.004087 0.000035 0.080954 0.941538 0.222368 0.568454 0.181718 0.245986 0.521760
0.224281
0.146797 0.333333 0.012216 0.000038 0.087772 0.959971 0.401197 0.646972 0.090853 0.402604 0.565205
0.224281
0.142728 0.333333 0.004351 0.000037 0.086067 0.941452 0.218172 0.569872 0.181711 0.244075 0.652174
0.224281
0.146869 0.333333 0.012356 0.000040 0.092032 0.959928 0.397634 0.649111 0.090851 0.406012 0.521712
0.224281
0.142454 0.333333 0.003821 0.000037 0.081807 0.941583 0.229835 0.566231 0.181716 0.244500 0.565232
0.224281
0.146641 0.333333 0.011914 0.000040 0.092032 0.959923 0.398158 0.646195 0.090851 0.405366 0.652140
0.224281
0.142886 0.333333 0.004658 0.000035 0.081807 0.941570 0.224561 0.571960 0.272574 0.247086 0.869591
0.224281
0.146851 0.333333 0.012320 0.000040 0.092032 0.960185 0.404155 0.648948 0.181701 0.407267 0.478236
0.224281
0.142756 0.333333 0.004405 0.000035 0.081807 0.941513 0.223058 0.570389 0.090858 0.244539 0.695672
0.224281
0.146657 0.333333 0.011943 0.000038 0.087772 0.959878 0.401145 0.645205 0.272560 0.400412 0.478250
0.224281
0.142741 0.333333 0.004377 0.000041 0.080954 0.941567 0.230948 0.569773 0.454289 0.243892 0.695670
0.224281
0.146733 0.333333 0.012093 0.000038 0.087772 0.959756 0.390217 0.644795 0.090853 0.401071 0.608682
0.224281
0.142893 0.333333 0.004671 0.000040 0.080954 0.941515 0.229301 0.571474 0.181716 0.243119 0.434794
0.224281
0.146691 0.333333 0.012012 0.000041 0.092885 0.959930 0.398892 0.646673 0.272549 0.406730 0.347804
0.224281
0.142837 0.333333 0.004562 0.000038 0.086067 0.941523 0.228187 0.570533 0.181711 0.243188 0.826086
0.224281
0.146735 0.333333 0.012095 0.000040 0.092032 0.960513 0.406223 0.648059 0.272552 0.410067 0.565188
0.224281
0.142574 0.333333 0.004055 0.000035 0.081807 0.941548 0.223617 0.567389 0.000000 0.243424 0.913070
0.224281
0.146911 0.333333 0.012436 0.000040 0.092032 0.960211 0.406166 0.649761 0.454254 0.411118 0.434760
0.224281
0.142527 0.333333 0.003962 0.000035 0.080954 0.941581 0.230095 0.567321 0.272577 0.243389 0.652200
0.224281
0.146569 0.333333 0.011776 0.000038 0.087772 0.960041 0.403079 0.644563 0.090853 0.404099 0.608682
0.224281
0.142853 0.333333 0.004594 0.000036 0.080954 0.941570 0.229930 0.570536 0.181718 0.242298 0.739158
0.224281
0.146822 0.333333 0.012264 0.000038 0.087772 0.960068 0.403685 0.648618 0.181707 0.409737 0.521727
0.224281
0.142682 0.333333 0.004262 0.000035 0.080954 0.941549 0.225903 0.569027 0.272577 0.244972 0.695680
0.224281
0.146809 0.333333 0.012238 0.000038 0.087772 0.960410 0.404916 0.649503 0.181707 0.412600 0.521727
0.224281
0.142860 0.333333 0.004604 0.000035 0.081807 0.941529 0.228071 0.570755 0.272574 0.243335 0.826111
0.224281
0.146804 0.333333 0.012229 0.000041 0.092885 0.960040 0.399425 0.647570 0.363399 0.404285 0.565182
0.224281
0.142873 0.333333 0.004631 0.000037 0.081807 0.941472 0.224734 0.570714 0.363431 0.241623 0.826107
0.224281
0.146527 0.333333 0.011694 0.000040 0.092032 0.960049 0.400856 0.643873 0.000000 0.404695 0.565188
0.224281
0.142747 0.333333 0.004389 0.000035 0.081807 0.941569 0.223925 0.570215 0.090858 0.245641 0.782631
0.224281
0.146665 0.333333 0.011961 0.000038 0.087772 0.959959 0.402320 0.646411 0.272560 0.403972 0.478250
0.224281
0.142629 0.333333 0.004160 0.000035 0.080954 0.941555 0.230818 0.568214 0.090859 0.244592 0.608720
0.224281
0.146723 0.333333 0.012072 0.000038 0.087772 0.959914 0.401797 0.647237 0.090853 0.404910 0.391295
0.224281
0.142805 0.333333 0.004499 0.000035 0.080954 0.941527 0.225046 0.569981 0.272577 0.243756 0.521760
0.224281
0.146705 0.333333 0.012038 0.000038 0.087772 0.960301 0.401392 0.646917 0.454267 0.408634 0.391295
0.224281
0.143496 0.333333 0.005836 0.000037 0.086067 0.942257 0.230526 0.581356 0.181711 0.256568 0.608696
0.224281
0.148117 0.333333 0.014767 0.000041 0.093737 0.960903 0.404146 0.665696 0.181697 0.417088 0.434750
0.224281
0.143796 0.333333 0.006415 0.000037 0.086067 0.942731 0.243076 0.588292 0.272566 0.277486 0.739130
0.224281
0.148641 0.333333 0.015779 0.000041 0.094589 0.963110 0.420758 0.675568 0.090848 0.441889 0.521694
0.224281
0.144049 0.333333 0.006905 0.000037 0.086067 0.942651 0.235744 0.591313 0.181711 0.278246 0.652174
0.224281
0.148564 0.333333 0.015631 0.000041 0.092885 0.963350 0.427683 0.675356 0.272549 0.441760 0.608657
0.224281
0.144107 0.333333 0.007016 0.000037 0.086067 0.942763 0.241167 0.591541 0.090855 0.275091 0.826087
0.224281
0.148431 0.333333 0.015374 0.000041 0.092885 0.963324 0.426903 0.673051 0.090850 0.444788 0.521706
0.224281
0.144134 0.333333 0.007068 0.000037 0.086067 0.942713 0.242322 0.591903 0.272566 0.275864 0.695652
0.224281
0.148155 0.333333 0.014842 0.000041 0.092885 0.963645 0.437143 0.671182 0.272549 0.445953 0.565182
0.224281
0.144062 0.333333 0.006929 0.000037 0.086067 0.942765 0.243117 0.590634 0.363422 0.275636 1.000000
0.224281
0.148329 0.333333 0.015176 0.000042 0.093737 0.963569 0.438666 0.672458 0.090848 0.439093 0.608648
0.224281
0.144218 0.333333 0.007231 0.000038 0.086919 0.942749 0.242478 0.593437 0.181709 0.275797 0.739122
0.224281
0.148333 0.333333 0.015187 0.000042 0.093737 0.963666 0.431693 0.671977 0.090848 0.439979 0.608648
0.224281
0.144079 0.333333 0.006964 0.000037 0.086067 0.942683 0.241219 0.590938 0.090855 0.274002 0.739130
0.224281
0.147832 0.333333 0.014217 0.000042 0.092885 0.963298 0.421695 0.665419 0.090849 0.442531 0.565180
0.224281
0.144371 0.333333 0.007529 0.000037 0.086067 0.942722 0.242116 0.595158 0.363422 0.275116 0.739130
0.224281
0.148672 0.333333 0.015841 0.000042 0.092885 0.963544 0.433233 0.676862 0.000000 0.443367 0.478229
0.224281
0.144379 0.333333 0.007543 0.000037 0.086067 0.942795 0.243081 0.594274 0.181711 0.274432 0.608696
0.224281
0.148730 0.333333 0.015952 0.000041 0.092885 0.963655 0.436312 0.678107 0.363399 0.442773 0.478231
0.224281
0.144096 0.333333 0.006995 0.000037 0.086067 0.942786 0.238669 0.591194 0.181711 0.277714 0.869565
0.224281
0.148393 0.333333 0.015300 0.000060 0.092885 0.963254 0.423972 0.671747 0.181690 0.438075 0.521679
0.224281
0.143720 0.333333 0.006269 0.000037 0.086067 0.942739 0.237499 0.586418 0.272566 0.277410 0.782609
0.224281
0.148457 0.333333 0.015427 0.000041 0.093737 0.963326 0.430428 0.673136 0.181697 0.444922 0.391275
0.224281
0.143854 0.333333 0.006526 0.000037 0.086067 0.942777 0.244184 0.588724 0.363422 0.277118 0.521739
0.224281
0.148404 0.333333 0.015323 0.000041 0.092885 0.963341 0.431992 0.673302 0.090850 0.440860 0.521706
0.224281
0.143893 0.333333 0.006604 0.000037 0.086067 0.942703 0.240198 0.588928 0.181711 0.275357 0.695652
0.224281
0.148295 0.333333 0.015111 0.000041 0.092885 0.963532 0.431782 0.672152 0.090850 0.441582 0.478231
0.224281
0.143918 0.333333 0.006651 0.000037 0.086067 0.942712 0.242552 0.588794 0.181711 0.275446 0.521739
0.224281
0.148464 0.333333 0.015437 0.000041 0.092885 0.963120 0.421813 0.673230 0.272548 0.442595 0.478229
0.224281
0.144041 0.333333 0.006889 0.000037 0.086067 0.942716 0.242440 0.590624 0.090855 0.275332 0.782609
0.224281
0.148451 0.333333 0.015411 0.000041 0.092885 0.963442 0.425862 0.673263 0.272549 0.442228 0.478230
0.224281
0.143964 0.333333 0.006739 0.000137 0.085215 0.942457 0.242278 0.590061 0.181664 0.276056 0.565072
0.224281
0.148280 0.333333 0.015082 0.000041 0.093737 0.963356 0.424010 0.670220 0.181697 0.438815 0.347800
0.224281
0.143882 0.333333 0.006584 0.000037 0.086067 0.942792 0.243101 0.588702 0.090855 0.275877 0.913043
0.224281
0.148197 0.333333 0.014922 0.000041 0.092885 0.963192 0.426082 0.670131 0.090850 0.441760 0.608657
0.224281
0.143954 0.333333 0.006720 0.000037 0.086067 0.942792 0.240080 0.589517 0.454277 0.277473 0.565217
0.224281
0.148435 0.333333 0.015383 0.000044 0.092885 0.963434 0.430469 0.674030 0.545093 0.443554 0.434751
0.224281
0.143850 0.333333 0.006519 0.000037 0.086067 0.942731 0.237504 0.588038 0.090855 0.277676 0.652174
0.224281
0.148300 0.333333 0.015120 0.000041 0.092885 0.963298 0.427934 0.670591 0.000000 0.441810 0.434755
0.224281
0.144004 0.333333 0.006818 0.000037 0.086067 0.942763 0.237119 0.590387 0.181711 0.278335 0.826087
0.224281
0.148341 0.333333 0.015201 0.000041 0.092885 0.963438 0.431336 0.672001 0.272549 0.439999 0.434755
0.224281
0.144120 0.333333 0.007042 0.000035 0.081807 0.942644 0.238609 0.590891 0.090858 0.276037 0.652193
0.224281
0.148352 0.333333 0.015223 0.000041 0.094589 0.963551 0.437436 0.673375 0.363391 0.446044 0.608643
0.224281
0.143799 0.333333 0.006420 0.000037 0.086067 0.942750 0.242758 0.587208 0.181711 0.275104 0.695652
0.224281
0.148554 0.333333 0.015613 0.000041 0.093737 0.963367 0.426749 0.675273 0.181697 0.443300 0.391275
0.224281
0.143909 0.333333 0.006634 0.000037 0.086067 0.942695 0.240208 0.588985 0.272566 0.274901 0.608696
0.224281
0.148545 0.333333 0.015593 0.000042 0.092885 0.963479 0.435393 0.675311 0.000000 0.442265 0.391279
0.224281
0.144154 0.333333 0.007107 0.000037 0.086067 0.942642 0.232599 0.591598 0.272566 0.277853 0.608696
0.224281
0.148221 0.333333 0.014969 0.000041 0.092885 0.963562 0.436569 0.670571 0.181699 0.441772 0.478231
0.224281
0.143979 0.333333 0.006770 0.000037 0.086067 0.942771 0.243071 0.589674 0.181711 0.274610 0.652174
0.224281
0.148517 0.333333 0.015541 0.000041 0.092885 0.963317 0.430176 0.673528 0.090850 0.441063 0.521706
0.224281
0.143936 0.333333 0.006686 0.000037 0.086067 0.942751 0.234739 0.589156 0.181711 0.277942 0.695652
0.224281
0.148318 0.333333 0.015156 0.000040 0.088624 0.963397 0.430716 0.672359 0.090852 0.442455 0.434766
0.224281
0.143995 0.333333 0.006802 0.000037 0.086067 0.942734 0.242840 0.590169 0.090855 0.275497 0.608696
0.224281
0.148587 0.333333 0.015675 0.000041 0.094589 0.963336 0.425226 0.675552 0.363391 0.445955 0.565169
0.224281
0.144339 0.333333 0.007466 0.000038 0.086919 0.942818 0.242221 0.594639 0.363418 0.275240 0.739122
0.224281
0.148490 0.333333 0.015489 0.000042 0.093737 0.963457 0.432196 0.674669 0.090848 0.444274 0.565173
0.224281
0.143824 0.333333 0.006469 0.000037 0.086067 0.942701 0.242599 0.587983 0.635988 0.275915 0.478261
0.224281
0.148407 0.333333 0.015328 0.000044 0.092885 0.963303 0.430398 0.672827 0.181698 0.441768 0.739077
0.224281
0.144277 0.333333 0.007345 0.000037 0.086067 0.942808 0.243322 0.593522 0.272566 0.275497 0.695652
0.224281
0.148099 0.333333 0.014733 0.000043 0.092885 0.963351 0.428271 0.669604 0.090849 0.444468 0.565179
0.224281
0.144001 0.333333 0.006813 0.000037 0.086067 0.942702 0.233420 0.589766 0.090855 0.277093 0.695652
0.224281
0.148181 0.333333 0.014892 0.000044 0.092885 0.963510 0.434041 0.669847 0.090849 0.442642 0.521702
0.224281
0.144234 0.333333 0.007261 0.000037 0.086067 0.942775 0.236842 0.592963 0.363422 0.277815 0.956522
0.224281
0.148425 0.333333 0.015364 0.000043 0.094589 0.963281 0.425383 0.672396 0.363389 0.443356 0.478218
0.224281
0.144094 0.333333 0.006993 0.000037 0.086067 0.942763 0.242670 0.591213 0.363422 0.276041 0.608696
0.224281
0.148573 0.333333 0.015649 0.000042 0.094589 0.963360 0.432988 0.675132 0.000000 0.440229 0.565168
0.224281
0.144136 0.333333 0.007072 0.000037 0.086067 0.942776 0.240788 0.592225 0.363422 0.279082 0.565217
0.224281
0.148626 0.333333 0.015752 0.000044 0.092885 0.963172 0.423928 0.674968 0.272546 0.441312 0.478226
0.224281
0.144116 0.333333 0.007034 0.000037 0.086067 0.942844 0.243799 0.591671 0.272566 0.275002 0.695652
0.224281
0.148036 0.333333 0.014610 0.000041 0.092885 0.963653 0.434747 0.668934 0.090850 0.444585 0.304329
0.224281
0.143748 0.333333 0.006324 0.000037 0.086067 0.942688 0.240531 0.586481 0.090855 0.274622 0.652174
0.224281
0.148198 0.333333 0.014923 0.000041 0.092885 0.963625 0.435563 0.670577 0.181699 0.443331 0.434755
0.224281
0.143990 0.333333 0.006790 0.000035 0.081807 0.942869 0.236639 0.589550 0.363432 0.276759 0.913070
0.224281
0.148233 0.333333 0.014993 0.000044 0.092885 0.963269 0.430655 0.670528 0.272547 0.440932 0.391276
0.224281
0.144228 0.333333 0.007250 0.000038 0.086919 0.942795 0.239774 0.592102 0.181709 0.277115 0.652167
0.224281
0.147900 0.333333 0.014350 0.000041 0.092885 0.963300 0.428945 0.667314 0.181699 0.445130 0.521706
0.224281
0.143857 0.333333 0.006534 0.000037 0.086067 0.942690 0.241429 0.588131 0.181711 0.275281 0.521739
0.224281
0.148295 0.333333 0.015110 0.000041 0.092885 0.963268 0.428109 0.671052 0.454248 0.441430 0.434755
0.224281
0.143910 0.333333 0.006637 0.000037 0.086067 0.942769 0.242645 0.588879 0.454277 0.274648 0.565217
0.224281
0.148214 0.333333 0.014956 0.000041 0.092885 0.963221 0.426395 0.669882 0.090850 0.440974 0.478231
0.224281
0.143914 0.333333 0.006642 0.000037 0.086067 0.942665 0.242091 0.588841 0.272566 0.275509 0.869565
0.224281
0.148359 0.333333 0.015235 0.000041 0.092885 0.963287 0.428668 0.672401 0.181699 0.441962 0.478231
0.224281
0.144032 0.333333 0.006872 0.000037 0.086067 0.942606 0.239448 0.590190 0.090855 0.274724 0.782609
0.224281
0.148556 0.333333 0.015615 0.000041 0.092885 0.963317 0.430392 0.674013 0.181699 0.443191 0.304329
0.224281
0.143611 0.333333 0.006059 0.000041 0.086067 0.942761 0.237173 0.585034 0.272563 0.277331 0.521734
0.224281
0.148467 0.333333 0.015445 0.000041 0.094589 0.963310 0.428376 0.673306 0.090848 0.442649 0.695592
0.224281
0.144185 0.333333 0.007168 0.000037 0.086067 0.942811 0.243343 0.592109 0.181711 0.274724 0.869565
0.224281
0.148022 0.333333 0.014585 0.000041 0.092885 0.963145 0.426339 0.667752 0.272549 0.442723 0.608657
0.224281
0.143952 0.333333 0.006717 0.000037 0.086067 0.942584 0.238484 0.588887 0.090855 0.275826 0.652174
0.224281
0.148659 0.333333 0.015814 0.000044 0.092885 0.963541 0.436488 0.676589 0.454244 0.444378 0.347801
0.224281
0.144152 0.333333 0.007104 0.000037 0.086067 0.942759 0.243461 0.591973 0.272566 0.277562 0.608696
0.224281
0.148237 0.333333 0.015000 0.000041 0.092885 0.963388 0.426123 0.670836 0.090850 0.442773 0.347804
0.224281
0.144097 0.333333 0.006997 0.000037 0.086067 0.942767 0.242717 0.591147 0.181711 0.274306 0.695652
0.224281
0.148841 0.333333 0.016167 0.000041 0.092885 0.963609 0.436846 0.679721 0.181699 0.445750 0.565182
0.224281
0.144123 0.333333 0.007047 0.000035 0.081807 0.942818 0.237224 0.591358 0.545149 0.278178 0.652193
0.224281
0.148241 0.333333 0.015007 0.000041 0.093737 0.963354 0.429710 0.669951 0.272546 0.440918 0.347800
0.224281
0.144180 0.333333 0.007158 0.000037 0.086067 0.942736 0.243204 0.592352 0.363422 0.276295 0.521739
0.224281
0.147919 0.333333 0.014384 0.000041 0.092885 0.963051 0.419192 0.665812 0.272549 0.441405 0.565181
0.224281
0.143993 0.333333 0.006797 0.000037 0.086067 0.942562 0.238289 0.589698 0.272566 0.275015 0.826087
0.224281
0.148238 0.333333 0.015002 0.000041 0.092885 0.963446 0.436640 0.671600 0.090850 0.444610 0.695608
0.224281
0.144310 0.333333 0.007411 0.000037 0.086067 0.942687 0.242655 0.593660 0.272566 0.276637 0.608696
0.224281
0.148611 0.333333 0.015722 0.000041 0.092885 0.963333 0.430818 0.674722 0.181699 0.443217 0.434755
0.224281
0.144077 0.333333 0.006960 0.000037 0.086067 0.942790 0.243743 0.591166 0.181711 0.277638 0.652174
0.224281
0.148385 0.333333 0.015287 0.000043 0.092885 0.963525 0.432097 0.673255 0.272547 0.444101 0.478228
0.224281
0.164699 1.000000 0.365185 0.453553 0.239455 0.004988 0.672997 0.000204 0.092321 0.043947 0.083451
0.653220
0.171401 1.000000 0.391100 0.453557 0.248828 0.036738 0.998997 0.026140 0.000000 0.176248 0.009818
0.653220
0.164614 1.000000 0.364859 0.453553 0.239455 0.004948 0.672478 0.000057 0.020516 0.043103 0.039271
0.653220
0.171402 1.000000 0.391102 0.453556 0.247976 0.036844 0.999578 0.025970 0.000000 0.175523 0.014726
0.653220
0.164680 1.000000 0.365114 0.453553 0.239455 0.005001 0.673052 0.000153 0.010258 0.043802 0.058906
0.653220
0.171445 1.000000 0.391271 0.453556 0.247976 0.036834 0.999505 0.025979 0.010258 0.175760 0.009818
0.653220
0.164608 1.000000 0.364837 0.453552 0.238602 0.004933 0.672301 0.000107 0.010258 0.043359 0.053998
0.653220
0.171274 1.000000 0.390608 0.453557 0.248828 0.036709 0.998924 0.025988 0.000000 0.175629 0.019635
0.653220
0.164615 1.000000 0.364860 0.453552 0.238602 0.004939 0.672356 0.000120 0.020516 0.043635 0.044180
0.653220
0.171449 1.000000 0.391283 0.453556 0.247976 0.036878 0.999828 0.025948 0.000000 0.175683 0.014727
0.653220
0.164649 1.000000 0.364993 0.453552 0.238602 0.004956 0.672453 0.000153 0.020516 0.043592 0.039271
0.653220
0.171481 1.000000 0.391410 0.453557 0.248828 0.036872 0.999642 0.026091 0.000000 0.176408 0.014726
0.653220
0.164609 1.000000 0.364839 0.453553 0.239455 0.004972 0.672647 0.000104 0.010258 0.043858 0.034362
0.653220
0.171451 1.000000 0.391295 0.453556 0.247976 0.036868 1.000000 0.026013 0.000000 0.176869 0.009821
0.653220
0.164733 1.000000 0.365317 0.453553 0.239455 0.005026 0.673265 0.000117 0.020516 0.043749 0.044180
0.653220
0.171428 1.000000 0.391204 0.453556 0.247976 0.036851 0.999829 0.026105 0.000000 0.177044 0.014729
0.653220
0.164763 1.000000 0.365435 0.453553 0.239455 0.005046 0.673442 0.000120 0.030774 0.043618 0.034362
0.653220
0.171389 1.000000 0.391055 0.453557 0.248828 0.036675 0.998413 0.026291 0.000000 0.177342 0.014726
0.653220
0.164617 1.000000 0.364872 0.453552 0.238602 0.004948 0.672502 0.000124 0.010258 0.043532 0.044180
0.653220
0.171400 1.000000 0.391095 0.453557 0.248828 0.036735 0.998791 0.026189 0.010258 0.176646 0.014726
0.653220
0.164613 1.000000 0.364855 0.453552 0.238602 0.004877 0.672188 0.000158 0.010258 0.043612 0.039271
0.653220
0.171342 1.000000 0.390872 0.453557 0.248828 0.036696 0.998569 0.026023 0.010258 0.176445 0.014726
0.653220
0.164633 1.000000 0.364931 0.453552 0.238602 0.004971 0.672712 0.000113 0.030774 0.043564 0.044180
0.653220
0.171312 1.000000 0.390755 0.453556 0.247976 0.036808 0.999587 0.026112 0.000000 0.177050 0.014731
0.653220
0.164653 1.000000 0.365011 0.453552 0.238602 0.004965 0.672623 0.000133 0.020516 0.043652 0.039271
0.653220
0.171378 1.000000 0.391012 0.453557 0.248828 0.036666 0.998293 0.026178 0.000000 0.177268 0.004909
0.653220
0.164629 1.000000 0.364917 0.453552 0.238602 0.004935 0.672289 0.000147 0.020516 0.043765 0.034362
0.653220
0.171481 1.000000 0.391412 0.453557 0.248828 0.036815 0.999189 0.026245 0.000000 0.177674 0.014726
0.653220
0.164717 1.000000 0.365257 0.453553 0.239455 0.004995 0.672976 0.000209 0.010258 0.044166 0.039271
0.653220
0.171473 1.000000 0.391378 0.453557 0.248828 0.036860 0.999591 0.026088 0.000000 0.176350 0.014726
0.653220
0.164629 1.000000 0.364916 0.453552 0.238602 0.004991 0.672845 0.000098 0.000000 0.043521 0.049089
0.653220
0.171389 1.000000 0.391055 0.453556 0.247976 0.036829 0.999693 0.026038 0.010261 0.176648 0.004910
0.653220
0.164637 1.000000 0.364948 0.453552 0.238602 0.004973 0.672571 0.000066 0.000000 0.043450 0.039271
0.653220
0.171355 1.000000 0.390925 0.453556 0.247976 0.036824 0.999561 0.025938 0.010261 0.175634 0.009820
0.653220
0.164700 1.000000 0.365190 0.453553 0.239455 0.005006 0.673066 0.000140 0.020516 0.043781 0.044180
0.653220
0.171339 1.000000 0.390861 0.453557 0.248828 0.036690 0.998496 0.026249 0.000000 0.177575 0.014726
0.653220
0.164722 1.000000 0.365276 0.453553 0.239455 0.005026 0.673243 0.000141 0.010258 0.043831 0.039271
0.653220
0.171324 1.000000 0.390800 0.453557 0.248828 0.036765 0.999241 0.026103 0.010258 0.176947 0.009818
0.653220
0.164624 1.000000 0.364898 0.453552 0.238602 0.004915 0.672174 0.000125 0.020516 0.043665 0.049089
0.653220
0.171380 1.000000 0.391019 0.453557 0.248828 0.036781 0.999203 0.026173 0.000000 0.177043 0.019635
0.653220
0.164594 1.000000 0.364781 0.453552 0.238602 0.004874 0.672200 0.000086 0.000000 0.043337 0.039271
0.653220
0.171432 1.000000 0.391222 0.453557 0.248828 0.036829 0.999610 0.026026 0.000000 0.176551 0.004909
0.653220
0.164616 1.000000 0.364868 0.453552 0.238602 0.004992 0.672908 0.000028 0.010258 0.043250 0.029453
0.653220
0.171437 1.000000 0.391238 0.453557 0.248828 0.036763 0.998976 0.026239 0.000000 0.177334 0.009818
0.653220
0.164656 1.000000 0.365020 0.453552 0.238602 0.004972 0.672678 0.000106 0.010258 0.043672 0.039271
0.653220
0.171317 1.000000 0.390776 0.453557 0.248828 0.036731 0.998849 0.026112 0.000000 0.176365 0.014726
0.653220
0.164614 1.000000 0.364861 0.453552 0.238602 0.004963 0.672593 0.000089 0.000000 0.043641 0.039271
0.653220
0.171397 1.000000 0.391085 0.453557 0.248828 0.036830 0.999668 0.026094 0.000000 0.176667 0.009820
0.653220
0.164630 1.000000 0.364920 0.453552 0.238602 0.004980 0.672738 0.000086 0.020516 0.043632 0.039271
0.653220
0.171385 1.000000 0.391040 0.453557 0.248828 0.036828 0.999637 0.026019 0.010260 0.176636 0.014729
0.653220
0.164649 1.000000 0.364993 0.453552 0.238602 0.004991 0.672809 0.000102 0.000000 0.043757 0.039271
0.653220
0.171455 1.000000 0.391306 0.453557 0.248828 0.036747 0.999010 0.026176 0.000000 0.176969 0.014726
0.653220
0.164613 1.000000 0.364855 0.453552 0.238602 0.004985 0.672794 0.000092 0.020516 0.043552 0.034362
0.653220
0.171419 1.000000 0.391171 0.453557 0.248828 0.036849 0.999752 0.025952 0.010259 0.175799 0.009819
0.653220
0.164569 1.000000 0.364683 0.453553 0.239455 0.004834 0.672141 0.000043 0.010258 0.043000 0.039271
0.653220
0.171488 1.000000 0.391435 0.453557 0.248828 0.036876 0.999793 0.026075 0.000000 0.176834 0.009818
0.653220
0.164626 1.000000 0.364904 0.453552 0.238602 0.004960 0.672571 0.000132 0.000000 0.043579 0.044180
0.653220
0.171414 1.000000 0.391151 0.453557 0.248828 0.036837 0.999427 0.025969 0.000000 0.175993 0.014726
0.653220
0.164654 1.000000 0.365011 0.453552 0.238602 0.004953 0.672498 0.000132 0.020516 0.043629 0.049089
0.653220
0.171306 1.000000 0.390733 0.453556 0.247976 0.036650 0.998029 0.026136 0.000000 0.177468 0.009818
0.653220
0.164678 1.000000 0.365103 0.453552 0.238602 0.004994 0.672973 0.000183 0.000000 0.044004 0.044180
0.653220
0.171373 1.000000 0.390991 0.453556 0.247976 0.036686 0.998282 0.026262 0.000000 0.177928 0.019635
0.653220
0.164759 1.000000 0.365420 0.453553 0.239455 0.005054 0.673509 0.000054 0.020516 0.043262 0.049089
0.653220
0.171522 1.000000 0.391568 0.453557 0.248828 0.036894 0.999864 0.026002 0.010258 0.176420 0.014726
0.653220
0.164741 1.000000 0.365352 0.453553 0.239455 0.005037 0.673375 0.000121 0.010258 0.043732 0.039271
0.653220
0.171371 1.000000 0.390984 0.453557 0.248828 0.036828 0.999719 0.026096 0.000000 0.176920 0.009820
0.653220
0.164622 1.000000 0.364887 0.453552 0.238602 0.004961 0.672507 0.000074 0.030774 0.043405 0.029453
0.653220
0.171490 1.000000 0.391444 0.453557 0.248828 0.036877 0.999756 0.026105 0.000000 0.176696 0.009818
0.653220
0.164641 1.000000 0.364961 0.453553 0.239455 0.004919 0.672207 0.000148 0.010258 0.043744 0.044180
0.653220
0.171398 1.000000 0.391088 0.453557 0.248828 0.036798 0.999435 0.026188 0.010258 0.177379 0.014726
0.653220
0.164638 1.000000 0.364953 0.453553 0.239455 0.004958 0.672449 0.000096 0.000000 0.043455 0.039271
0.653220
0.171506 1.000000 0.391505 0.453557 0.248828 0.036876 0.999736 0.026018 0.000000 0.176145 0.009818
0.653220
0.164620 1.000000 0.364880 0.453553 0.239455 0.004861 0.672202 0.000151 0.030774 0.043592 0.024544
0.653220
0.171594 1.000000 0.391845 0.453557 0.248828 0.036902 0.999975 0.026130 0.010258 0.176384 0.014726
0.653220
0.164629 1.000000 0.364914 0.453552 0.238602 0.004956 0.672386 0.000104 0.030774 0.043473 0.039271
0.653220
0.171427 1.000000 0.391201 0.453557 0.248828 0.036802 0.999511 0.026107 0.000000 0.176463 0.019635
0.653220
0.164572 1.000000 0.364697 0.453553 0.239455 0.004816 0.672117 0.000078 0.020516 0.043230 0.039272
0.653220
0.171389 1.000000 0.391055 0.453557 0.248828 0.036853 0.999596 0.025945 0.000000 0.175857 0.009818
0.653220
0.164617 1.000000 0.364871 0.453552 0.238602 0.004976 0.672707 0.000103 0.000000 0.043698 0.049089
0.653220
0.171437 1.000000 0.391237 0.453557 0.248828 0.036864 0.999539 0.026026 0.000000 0.176710 0.014726
0.653220
0.164646 1.000000 0.364981 0.453553 0.239455 0.004949 0.672419 0.000063 0.020516 0.043259 0.034362
0.653220
0.171355 1.000000 0.390923 0.453557 0.248828 0.036763 0.999539 0.026039 0.000000 0.176475 0.009818
0.653220
0.164611 1.000000 0.364847 0.453553 0.239455 0.004937 0.672336 0.000152 0.020516 0.043649 0.039271
0.653220
0.171422 1.000000 0.391182 0.453556 0.247976 0.036761 0.999214 0.026114 0.000000 0.176398 0.019635
0.653220
0.164615 1.000000 0.364860 0.453553 0.239455 0.004955 0.672437 0.000088 0.010258 0.043277 0.044180
0.653220
0.171369 1.000000 0.390978 0.453556 0.247976 0.036763 0.999036 0.026072 0.020516 0.176617 0.009818
0.653220
0.164612 1.000000 0.364854 0.453553 0.239455 0.004914 0.672182 0.000060 0.020516 0.043284 0.044180
0.653220
0.171458 1.000000 0.391321 0.453557 0.248828 0.036854 0.999834 0.026022 0.010259 0.176483 0.004909
0.653220
0.164648 1.000000 0.364990 0.453553 0.239455 0.004968 0.672606 0.000166 0.000000 0.043721 0.053998
0.653220
0.171551 1.000000 0.391680 0.453557 0.248828 0.036905 0.999860 0.026035 0.010258 0.176294 0.009818
0.653220
0.164626 1.000000 0.364906 0.453553 0.239455 0.004950 0.672472 0.000110 0.010258 0.043536 0.034362
0.653220
0.171355 1.000000 0.390923 0.453557 0.248828 0.036848 0.999908 0.026020 0.000000 0.177103 0.004910
0.653220
0.164706 1.000000 0.365214 0.453552 0.238602 0.005021 0.673196 0.000060 0.010258 0.043492 0.058906
0.653220
0.171316 1.000000 0.390770 0.453557 0.248828 0.036840 0.999711 0.025893 0.000000 0.176779 0.014731
0.653220
0.164583 1.000000 0.364737 0.453553 0.239455 0.004834 0.672171 0.000069 0.030774 0.043201 0.049089
0.653220
0.171309 1.000000 0.390743 0.453556 0.247976 0.036689 0.998514 0.026001 0.000000 0.176107 0.014726
0.653220
0.164574 1.000000 0.364703 0.453553 0.239455 0.004820 0.672115 0.000083 0.000000 0.043252 0.063816
0.653220
0.171393 1.000000 0.391070 0.453556 0.247976 0.036828 0.999323 0.025974 0.000000 0.175995 0.014726
0.653220
0.164648 1.000000 0.364988 0.453553 0.239455 0.004917 0.672205 0.000178 0.030774 0.043850 0.044180
0.653220
0.171383 1.000000 0.391033 0.453556 0.247976 0.036710 0.998819 0.026253 0.000000 0.177405 0.009818
0.653220
0.164635 1.000000 0.364940 0.453553 0.239455 0.004966 0.672649 0.000066 0.000000 0.043256 0.049089
0.653220
0.171340 1.000000 0.390865 0.453556 0.247976 0.036803 0.999398 0.025922 0.000000 0.175787 0.004910
0.653220
0.164622 1.000000 0.364889 0.453553 0.239455 0.004954 0.672472 0.000071 0.000000 0.043249 0.049089
0.653220
0.171392 1.000000 0.391065 0.453556 0.247976 0.036835 0.999328 0.026080 0.010258 0.176719 0.009818
0.653220
0.164677 1.000000 0.365098 0.453553 0.239455 0.004999 0.673080 0.000120 0.010258 0.043671 0.039271
0.653220
0.171478 1.000000 0.391400 0.453556 0.247976 0.036844 0.999582 0.026218 0.010258 0.177361 0.009818
0.653220
0.164598 1.000000 0.364796 0.453553 0.239455 0.004984 0.672889 0.000040 0.000000 0.043400 0.053998
0.653220
0.171488 1.000000 0.391434 0.453556 0.247976 0.036877 0.999885 0.025900 0.010258 0.175492 0.004909
0.653220
0.164675 1.000000 0.365097 0.453553 0.239455 0.004967 0.672656 0.000114 0.030774 0.043571 0.039271
0.653220
0.171403 1.000000 0.391108 0.453556 0.247976 0.036809 0.999197 0.026002 0.000000 0.176474 0.004909
0.653220
0.164600 1.000000 0.364804 0.453553 0.239455 0.004874 0.672201 0.000099 0.041032 0.043356 0.049089
0.653220
0.171422 1.000000 0.391181 0.453556 0.247976 0.036845 0.999697 0.026024 0.010259 0.176078 0.009818
0.653220
0.164665 1.000000 0.365054 0.453553 0.239455 0.005000 0.672983 0.000087 0.010258 0.043681 0.034362
0.653220
0.171490 1.000000 0.391445 0.453556 0.247976 0.036889 0.999914 0.026091 0.000000 0.176590 0.014726
0.653220
0.164658 1.000000 0.365031 0.453553 0.239455 0.004962 0.672497 0.000138 0.020516 0.043596 0.049089
0.653220
0.171376 1.000000 0.391004 0.453556 0.247976 0.036802 0.999481 0.026137 0.000000 0.177131 0.014729
0.653220
0.164655 1.000000 0.365016 0.453553 0.239455 0.005001 0.672956 0.000069 0.041032 0.043436 0.039271
0.653220
0.171475 1.000000 0.391384 0.453556 0.247976 0.036849 0.999549 0.026147 0.000000 0.177200 0.014727
0.653220
0.164658 1.000000 0.365030 0.453553 0.239455 0.004979 0.672503 0.000061 0.010258 0.043465 0.044180
0.653220
0.171371 1.000000 0.390987 0.453556 0.247976 0.036687 0.998338 0.026142 0.010258 0.177251 0.009818
0.653220
0.164583 1.000000 0.364738 0.453553 0.239455 0.004939 0.672329 0.000070 0.010258 0.043256 0.039271
0.653220
0.171429 1.000000 0.391208 0.453556 0.247976 0.036836 0.999782 0.026040 0.000000 0.176273 0.014728
0.653220
0.164636 1.000000 0.364944 0.453553 0.239455 0.004969 0.672738 0.000120 0.010258 0.043792 0.039271
0.653220
0.171427 1.000000 0.391199 0.453556 0.247976 0.036838 0.999852 0.025875 0.000000 0.175975 0.014730
0.653220
0.164638 1.000000 0.364952 0.453553 0.239455 0.004919 0.672179 0.000115 0.000000 0.043370 0.053998
0.653220
0.171302 1.000000 0.390718 0.453556 0.247976 0.036675 0.998206 0.026012 0.000000 0.176539 0.014726
0.653220
0.164731 1.000000 0.365310 0.453552 0.238602 0.005075 0.673696 0.000044 0.000000 0.043422 0.034362
0.653220
0.171495 1.000000 0.391462 0.453556 0.247976 0.036842 0.999455 0.026108 0.010258 0.176345 0.009818
0.653220
0.164644 1.000000 0.364974 0.453553 0.239455 0.004952 0.672476 0.000128 0.020516 0.043621 0.053998
0.653220
0.171533 1.000000 0.391611 0.453554 0.247976 0.036869 0.999678 0.026126 0.000000 0.177112 0.019635
0.653220
0.164648 1.000000 0.364990 0.453550 0.239455 0.004978 0.672579 0.000059 0.000000 0.043566 0.039271
0.653220
0.171398 1.000000 0.391087 0.453554 0.247976 0.036863 0.999537 0.025938 0.000000 0.175572 0.009818
0.653220
0.164593 1.000000 0.364779 0.453550 0.239455 0.004823 0.672124 0.000114 0.020516 0.043329 0.039271
0.653220
0.171416 1.000000 0.391157 0.453554 0.247976 0.036855 0.999927 0.025903 0.000000 0.175947 0.014730
0.653220
0.164662 1.000000 0.365042 0.453550 0.239455 0.004983 0.672497 0.000074 0.041032 0.043572 0.034362
0.653220
0.171380 1.000000 0.391021 0.453554 0.247976 0.036704 0.998810 0.026223 0.010258 0.177323 0.014726
0.653220
0.164671 1.000000 0.365078 0.453550 0.239455 0.005011 0.673173 0.000000 0.010258 0.043227 0.039271
0.653220
0.171460 1.000000 0.391330 0.453554 0.247976 0.036871 0.999930 0.025810 0.000000 0.175309 0.009818
0.653220
0.164610 1.000000 0.364842 0.453550 0.239455 0.004985 0.672845 0.000058 0.010258 0.043440 0.029453
0.653220
0.171274 1.000000 0.390606 0.453554 0.247976 0.036753 0.998960 0.025965 0.000000 0.176596 0.000000
0.653220
0.164653 1.000000 0.365010 0.453550 0.239455 0.004993 0.672996 0.000077 0.020516 0.043503 0.058906
0.653220
0.171478 1.000000 0.391398 0.453554 0.247976 0.036695 0.998648 0.026114 0.000000 0.176906 0.014726
0.653220
0.164635 1.000000 0.364940 0.453550 0.239455 0.004953 0.672575 0.000100 0.030774 0.043389 0.039271
0.653220
0.171389 1.000000 0.391052 0.453554 0.247976 0.036840 0.999877 0.025993 0.000000 0.176095 0.000000
0.653220
0.164628 1.000000 0.364910 0.453550 0.239455 0.004975 0.672729 0.000122 0.020516 0.043842 0.039271
0.653220
0.171404 1.000000 0.391113 0.453554 0.247976 0.036704 0.998561 0.026126 0.010258 0.176936 0.004909
0.653220
0.164616 1.000000 0.364867 0.453550 0.239455 0.004855 0.672197 0.000135 0.010258 0.043522 0.049089
0.653220
0.171359 1.000000 0.390936 0.453554 0.247976 0.036848 0.999402 0.025894 0.010258 0.175603 0.009818
0.653220
0.164572 1.000000 0.364697 0.453550 0.239455 0.004866 0.672208 0.000090 0.010258 0.043262 0.044180
0.653220
0.171456 1.000000 0.391314 0.453554 0.247976 0.036726 0.998977 0.026151 0.000000 0.177161 0.004909
0.653220
0.325672 0.333333 0.357981 0.453636 0.431189 0.000000 0.622625 0.000366 0.010255 0.044896 0.034354
0.495838
0.657662 0.333333 0.999742 0.999999 1.000000 0.015000 0.775674 0.011310 0.010256 0.100718 0.026995
0.495838
0.657602 0.333333 0.999628 0.999999 0.999148 0.015023 0.775768 0.011316 0.005128 0.100677 0.017177
0.495838
0.657591 0.333333 0.999604 0.999999 0.999148 0.015027 0.775844 0.011403 0.000000 0.100865 0.031900
0.495838
0.657674 0.333333 0.999770 0.999999 0.999148 0.015017 0.775821 0.011452 0.010257 0.101399 0.019633
0.495838
0.657589 0.333333 0.999601 0.999999 1.000000 0.015012 0.775688 0.011262 0.005128 0.100406 0.022086
0.495838
0.657527 0.333333 0.999482 0.999999 1.000000 0.015000 0.775689 0.011371 0.005128 0.100921 0.019632
0.495838
0.657512 0.333333 0.999453 0.999999 1.000000 0.015008 0.775746 0.011350 0.015384 0.100773 0.017178
0.495838
0.657632 0.333333 0.999686 0.999999 0.999148 0.014998 0.775717 0.011356 0.000000 0.101084 0.026994
0.495838
0.657614 0.333333 0.999651 0.999999 0.999148 0.014995 0.775728 0.011399 0.015384 0.101256 0.024540
0.495838
0.657647 0.333333 0.999713 0.999999 1.000000 0.014999 0.775708 0.011361 0.010256 0.100956 0.029447
0.495838
0.657604 0.333333 0.999631 0.999999 1.000000 0.015004 0.775750 0.011391 0.005128 0.101095 0.019632
0.495838
0.657523 0.333333 0.999474 0.999999 0.999148 0.015006 0.775713 0.011406 0.005128 0.101147 0.022086
0.495838
0.657609 0.333333 0.999640 0.999999 0.999148 0.015019 0.775800 0.011398 0.010256 0.100932 0.022086
0.495838
0.657614 0.333333 0.999652 0.999999 0.999148 0.015012 0.775734 0.011320 0.005128 0.100767 0.022086
0.495838
0.657661 0.333333 0.999743 0.999999 1.000000 0.015010 0.775753 0.011359 0.015383 0.100823 0.024539
0.495838
0.657490 0.333333 0.999410 0.999999 1.000000 0.015004 0.775717 0.011300 0.010256 0.100375 0.022086
0.495838
0.657496 0.333333 0.999420 0.999999 1.000000 0.014990 0.775675 0.011337 0.000000 0.100928 0.022086
0.495838
0.657565 0.333333 0.999558 0.999999 0.999148 0.015009 0.775749 0.011327 0.005128 0.100820 0.022086
0.495838
0.657603 0.333333 0.999629 0.999999 0.999148 0.015013 0.775797 0.011414 0.000000 0.101062 0.024540
0.495838
0.657790 0.333333 0.999991 0.999999 1.000000 0.015025 0.775824 0.011451 0.015384 0.101648 0.024539
0.495838
0.657618 0.333333 0.999658 0.999999 0.999148 0.015003 0.775729 0.011322 0.000000 0.100813 0.031903
0.495838
0.657518 0.333333 0.999464 0.999999 1.000000 0.015005 0.775751 0.011311 0.015384 0.100553 0.024540
0.495838
0.657463 0.333333 0.999359 0.999999 1.000000 0.015011 0.775872 0.011182 0.005128 0.100320 0.026992
0.495838
0.657470 0.333333 0.999372 0.999999 0.999148 0.014988 0.775532 0.011282 0.010255 0.100665 0.017177
0.495838
0.657633 0.333333 0.999685 0.999999 1.000000 0.014995 0.775632 0.011331 0.005128 0.101237 0.024538
0.495838
0.657546 0.333333 0.999520 0.999999 0.999148 0.014987 0.775517 0.011334 0.010255 0.101243 0.022085
0.495838
0.657637 0.333333 0.999693 0.999999 0.999148 0.014985 0.775673 0.011271 0.005128 0.100792 0.022085
0.495838
0.657472 0.333333 0.999376 1.000000 0.998296 0.014988 0.775590 0.011268 0.000000 0.100710 0.019631
0.495838
0.657523 0.333333 0.999472 0.999999 1.000000 0.014990 0.775574 0.011333 0.020511 0.100963 0.022085
0.495838
0.657553 0.333333 0.999533 0.999999 1.000000 0.014989 0.775589 0.011248 0.015383 0.100781 0.024538
0.495838
0.657541 0.333333 0.999509 0.999999 1.000000 0.015018 0.775776 0.011307 0.010255 0.100699 0.024538
0.495838
0.657618 0.333333 0.999657 0.999999 1.000000 0.015009 0.775795 0.011368 0.005128 0.101064 0.022085
0.495838
0.657586 0.333333 0.999595 0.999998 0.998296 0.014978 0.775629 0.011363 0.005128 0.101123 0.022085
0.495838
0.657672 0.333333 0.999764 0.999999 0.999148 0.014979 0.775519 0.011390 0.005128 0.101300 0.024538
0.495838
0.657575 0.333333 0.999574 0.999999 1.000000 0.014979 0.775578 0.011390 0.015383 0.101482 0.029446
0.495838
0.657593 0.333333 0.999610 0.999999 0.999148 0.014979 0.775508 0.011373 0.010255 0.101410 0.024538
0.495838
0.657710 0.333333 0.999836 0.999999 0.999148 0.015008 0.775728 0.011291 0.000000 0.100674 0.026992
0.495838
0.657384 0.333333 0.999206 0.999999 0.999148 0.014993 0.775603 0.011215 0.015383 0.100521 0.024538
0.495838
0.657567 0.333333 0.999559 0.999999 1.000000 0.014978 0.775563 0.011409 0.005128 0.101257 0.022085
0.495838
0.657467 0.333333 0.999367 0.999999 1.000000 0.014983 0.775552 0.011342 0.015383 0.101042 0.026992
0.495838
0.657648 0.333333 0.999715 0.999999 1.000000 0.014983 0.775284 0.011393 0.015383 0.101133 0.029446
0.495838
0.657598 0.333333 0.999618 0.999999 0.999148 0.014988 0.775597 0.011353 0.010255 0.101103 0.034354
0.495838
0.657610 0.333333 0.999642 0.999999 0.999148 0.014992 0.775596 0.011379 0.010255 0.101234 0.022085
0.495838
0.657732 0.333333 0.999879 0.999999 0.999148 0.015001 0.775646 0.011531 0.000000 0.101920 0.019631
0.495838
0.657592 0.333333 0.999607 0.999999 0.999148 0.014995 0.775589 0.011344 0.010255 0.101023 0.031900
0.495838
0.657652 0.333333 0.999725 0.999999 1.000000 0.014992 0.775574 0.011442 0.010255 0.101501 0.031900
0.495838
0.657719 0.333333 0.999854 0.999999 0.999148 0.014994 0.775562 0.011343 0.005128 0.101153 0.026992
0.495838
0.657432 0.333333 0.999299 0.999999 1.000000 0.014985 0.775503 0.011397 0.000000 0.101330 0.022085
0.495838
0.657611 0.333333 0.999645 0.999999 0.999148 0.014976 0.775622 0.011345 0.010255 0.100929 0.022085
0.495838
0.657679 0.333333 0.999774 0.999999 0.999148 0.014992 0.775624 0.011419 0.010255 0.101559 0.026992
0.495838
0.657541 0.333333 0.999509 0.999999 1.000000 0.014994 0.775620 0.011337 0.010255 0.100940 0.029446
0.495838
0.657511 0.333333 0.999451 0.999999 1.000000 0.014983 0.775552 0.011321 0.010255 0.101052 0.022085
0.495838
0.657645 0.333333 0.999709 0.999999 0.999148 0.014998 0.775673 0.011376 0.000000 0.101264 0.026992
0.495838
0.657607 0.333333 0.999638 0.999999 0.999148 0.014995 0.775577 0.011334 0.005128 0.100936 0.026992
0.495838
0.657693 0.333333 0.999802 0.999999 0.999148 0.015005 0.775675 0.011419 0.020511 0.101499 0.024538
0.495838
0.657502 0.333333 0.999436 0.999999 0.999148 0.014988 0.775572 0.011304 0.010255 0.100809 0.019631
0.495838
0.657560 0.333333 0.999544 0.999999 1.000000 0.014986 0.775636 0.011386 0.020511 0.101391 0.022085
0.495838
0.657733 0.333333 0.999881 0.999999 0.999148 0.014981 0.775688 0.011405 0.000000 0.101235 0.024538
0.495838
0.657766 0.333333 0.999946 0.999999 0.999148 0.014979 0.775546 0.011329 0.010255 0.101052 0.026992
0.495838
0.657668 0.333333 0.999755 0.999999 0.999148 0.014980 0.775540 0.011372 0.000000 0.101087 0.024538
0.495838
0.657491 0.333333 0.999410 0.999999 1.000000 0.014982 0.775534 0.011231 0.000000 0.100560 0.026992
0.495838
0.657794 0.333333 1.000000 0.999999 1.000000 0.014985 0.775572 0.011363 0.005128 0.101252 0.029446
0.495838
0.657568 0.333333 0.999561 0.999999 0.999148 0.014991 0.775597 0.011296 0.010255 0.101062 0.014723
0.495838
0.657435 0.333333 0.999304 0.999999 0.999148 0.014987 0.775518 0.011291 0.000000 0.100852 0.036808
0.495838
0.657440 0.333333 0.999312 0.999999 0.999148 0.014990 0.775571 0.011317 0.000000 0.100859 0.019631
0.495838
0.657612 0.333333 0.999645 0.999999 0.999148 0.014978 0.775338 0.011308 0.005128 0.101104 0.024538
0.495838
0.657610 0.333333 0.999641 0.999999 1.000000 0.014979 0.775503 0.011270 0.010255 0.100594 0.026992
0.495838
0.657601 0.333333 0.999623 0.999999 1.000000 0.014993 0.775546 0.011364 0.010255 0.100944 0.022085
0.495838
0.657579 0.333333 0.999582 0.999999 1.000000 0.015003 0.775631 0.011296 0.010255 0.101069 0.014723
0.495838
0.657550 0.333333 0.999526 0.999999 1.000000 0.014995 0.775618 0.011337 0.015383 0.101019 0.019631
0.495838
0.657527 0.333333 0.999484 0.999999 0.999148 0.014980 0.775485 0.011386 0.010255 0.101089 0.022085
0.495838
0.657481 0.333333 0.999393 0.999999 1.000000 0.014981 0.775455 0.011247 0.005128 0.100404 0.029446
0.495838
0.657647 0.333333 0.999713 0.999999 1.000000 0.014981 0.775403 0.011276 0.015383 0.100721 0.026992
0.495838
0.657456 0.333333 0.999344 0.999999 1.000000 0.014979 0.775583 0.011220 0.015383 0.100485 0.026992
0.495838
0.657615 0.333333 0.999652 0.999999 0.999148 0.014994 0.775624 0.011301 0.000000 0.101025 0.022085
0.495838
