
U-Boot SPL 2026.04-rc3-dirty (Feb 24 2026 - 23:57:14 -0300)
DDR version: dc2e84f0.
Trying to boot from SPI










This is EPOS!

Setting up this machine as follows: 
  Mode:         library
  Processor:    4 x RV64 at 600 MHz (BUS clock = 33 MHz)
  Machine:      VisionFive2
  Memory:       131072 KB [0x0000000040000000:0x0000000047ffffff]
  User memory:  130551 KB [0x0000000040000000:0x0000000047f7dfff]
  I/O space:    524288 KB [0x0000000000000000:0x000000001fffffff]
  Node Id:      will get from the network!
  Position:     will get from the network!

<0>: Monitor::init: system event 0 at 10 Hz created :<0>
<0>: Monitor::init: system event 1 at 10 Hz created :<0>
<0>: Monitor::init: system event 2 at 10 Hz created :<0>
<0>: Monitor::init: system event 3 at 10 Hz created :<0>
<0>: Monitor::init: system event 4 at 10 Hz created :<0>
Stress feature test
Running experiments with the following configurations:
>  Measure time: true
>  Test duration: 30
>  Selected taskset: 1
>  Size of image 1: 49160
>  Size of image 2: 49160
>  Size of the bandwidth allocation: 2097152
>  CPU Clock: 1503MHz
>  CPU voltage: 1040mV
>  New clock: 501333333Hz
>  New voltage: 800mV
Taskset initialization...
Done.
Creating threads...
>  Thread[0]: period = 500000, deadline = 500000, wcet = 100000, activation = 10
000, times = 60, cpu = 1
>  Thread[1]: period = 500000, deadline = 500000, wcet = 100000, activation = 10
000, times = 60, cpu = 1
>  Thread[2]: period = 500000, deadline = 500000, wcet = 100000, activation = 10
000, times = 60, cpu = 2
>  Thread[3]: period = 500000, deadline = 500000, wcet = 100000, activation = 10
000, times = 60, cpu = 3
Done
Current time: 3937955
>  Iteration [0]...
>  Iteration [1]...
>  Iteration [2]...
>  Iteration [3]...
>  Iteration [4]...
>  Iteration [5]...
>  Iteration [6]...
>  Iteration [7]...
>  Iteration [8]...
>  Iteration [9]...
>  Iteration [10]...
>  Iteration [11]...
>  Iteration [12]...
>  Iteration [13]...
>  Iteration [14]...
>  Iteration [15]...
>  Iteration [16]...
>  Iteration [17]...
>  Iteration [18]...
>  Iteration [19]...
>  Iteration [20]...
>  Iteration [21]...
>  Iteration [22]...
>  Iteration [23]...
>  Iteration [24]...
>  Iteration [25]...
>  Iteration [26]...
>  Iteration [27]...
>  Iteration [28]...
>  Iteration [29]...
Returned to application main!
Elapsed: 30715419
Threads: 4
-----------------------------------------------------
...............Threads Timing Behavior...............
-----------------------------------------------------
Task [0]: 0x0000000047ca1b50
>   Counted iterations: 60
>   Execution time: 8275217 us
>   Job WCET: 146784 us
>   Iteration WCET: 1467 us
>   Average job runtime: 137920 us
>   Agerage iteration runtime: 1379 us
>   Iterations per job: 100
Task [1]: 0x0000000047c818d0
>   Counted iterations: 60
>   Execution time: 20653887 us
>   Job WCET: 344287 us
>   Iteration WCET: 344287 us
>   Average job runtime: 344231 us
>   Agerage iteration runtime: 344231 us
>   Iterations per job: 1
Task [2]: 0x0000000047c61650
>   Counted iterations: 60
>   Execution time: 6036 us
>   Job WCET: 101 us
>   Iteration WCET: 4 us
>   Average job runtime: 100 us
>   Agerage iteration runtime: 4 us
>   Iterations per job: 25
Task [3]: 0x0000000047c413d0
>   Counted iterations: 60
>   Execution time: 6038 us
>   Job WCET: 101 us
>   Iteration WCET: 4 us
>   Average job runtime: 100 us
>   Agerage iteration runtime: 4 us
>   Iterations per job: 25
Taskset deallocation...
>  Deleting thread 0x0000000047ca1b50
>  Deleting thread 0x0000000047c818d0
>  Deleting thread 0x0000000047c61650
>  Deleting thread 0x0000000047c413d0
Done.
FINAL_TS<30806029>
begin_data
CPU0
TS,0
102489,692
202714,792
302940,892
403166,992
503393,1092
603612,1192
703820,1292
804029,1392
904234,1492
1004450,1592
1105672,1693
1205886,1793
1306093,1893
1406304,1993
1506518,2093
1606737,2193
1706947,2293
1807158,2393
1907368,2493
2007585,2593
2108806,2694
2209020,2794
2309230,2894
2409446,2994
2509663,3094
2609879,3194
2710092,3294
2810303,3394
2910518,3494
3010737,3594
3111964,3695
3212180,3795
3312391,3895
3412606,3995
3512825,4095
3613049,4195
3713263,4295
3813477,4395
3913693,4495
4013913,4595
4115140,4696
4215358,4796
4315570,4896
4415788,4996
4516007,5096
4616234,5196
4716450,5296
4816666,5396
4916885,5496
5017106,5596
5118332,5697
5218550,5797
5318766,5897
5418985,5997
5519207,6097
5619431,6197
5719649,6297
5819868,6397
5920088,6497
6020309,6597
6121535,6698
6221756,6798
6321972,6898
6422193,6998
6522414,7098
6622637,7198
6722857,7298
6823076,7398
6923295,7498
7023518,7598
7124744,7699
7224965,7799
7325182,7899
7425403,7999
7525625,8099
7625847,8199
7726067,8299
7826284,8399
7926505,8499
8026729,8599
8127954,8700
8228173,8800
8328392,8900
8428614,9000
8528833,9100
8629056,9200
8729276,9300
8829496,9400
8929716,9500
9029938,9600
9131166,9701
9231385,9801
9331601,9901
9431822,10001
9532043,10101
9632270,10201
9732488,10301
9832708,10401
9932927,10501
10033148,10601
10134373,10702
10234593,10802
10334812,10902
10435033,11002
10535256,11102
10635480,11202
10735699,11302
10835918,11402
10936137,11502
11036360,11602
11137586,11703
11237806,11803
11338025,11903
11438244,12003
11538466,12103
11638691,12203
11738909,12303
11839128,12403
11939348,12503
12039568,12603
12140795,12704
12241018,12804
12341234,12904
12441455,13004
12541677,13104
12641899,13204
12742118,13304
12842336,13404
12942555,13504
13042776,13604
13144002,13705
13244223,13805
13344439,13905
13444660,14005
13544883,14105
13645108,14205
13745326,14305
13845546,14405
13945765,14505
14045987,14605
14147213,14706
14247435,14806
14347652,14906
14447871,15006
14548094,15106
14648320,15206
14748541,15306
14848761,15406
14948981,15506
15049204,15606
15150434,15707
15250650,15807
15350866,15907
15451087,16007
15551309,16107
15651537,16207
15751752,16307
15851972,16407
15952190,16507
16052413,16607
16153640,16708
16253859,16808
16354076,16908
16454297,17008
16554518,17108
16654743,17208
16754962,17308
16855180,17408
16955401,17508
17055624,17608
17156852,17709
17257069,17809
17357287,17909
17457505,18009
17557730,18109
17657956,18209
17758174,18309
17858393,18409
17958610,18509
18058832,18609
18160058,18710
18260277,18810
18360494,18910
18460714,19010
18560936,19110
18661162,19210
18761379,19310
18861598,19410
18961818,19510
19062040,19610
19163269,19711
19263488,19811
19363704,19911
19463924,20011
19564148,20111
19664375,20211
19764592,20311
19864810,20411
19965028,20511
20065252,20611
20166479,20712
20266698,20812
20366916,20912
20467134,21012
20567357,21112
20667582,21212
20767799,21312
20868020,21412
20968236,21512
21068459,21612
21169685,21713
21269903,21813
21370120,21913
21470340,22013
21570563,22113
21670788,22213
21771004,22313
21871225,22413
21971443,22513
22071666,22613
22172894,22714
22273112,22814
22373329,22914
22473548,23014
22573773,23114
22673998,23214
22774215,23314
22874434,23414
22974652,23514
23074876,23614
23176102,23715
23276320,23815
23376538,23915
23476758,24015
23576981,24115
23677206,24215
23777422,24315
23877640,24415
23977859,24515
24078082,24615
24179309,24716
24279527,24816
24379744,24916
24479963,25016
24580186,25116
24680411,25216
24780629,25316
24880849,25416
24981067,25516
25081291,25616
25182516,25717
25282735,25817
25382954,25917
25483175,26017
25583399,26117
25683627,26217
25783842,26317
25884061,26417
25984282,26517
26084504,26617
26185728,26718
26285946,26818
26386164,26918
26486385,27018
26586610,27118
26686834,27218
26787052,27318
26887270,27418
26987490,27518
27087713,27618
27188939,27719
27289156,27819
27389374,27919
27489593,28019
27589818,28119
27690043,28219
27790259,28319
27890477,28419
27990698,28519
28090921,28619
28192146,28720
28292365,28820
28392581,28920
28492801,29020
28593025,29120
28693247,29220
28793465,29320
28893683,29420
28993902,29520
29094125,29620
29195351,29721
29295569,29821
29395786,29921
29496006,30021
29596229,30121
29696456,30221
29796672,30321
29896893,30421
29997112,30521
30097334,30621
30197560,30721
30297778,30821
30397997,30921
30498216,31021
TS,1
102489,0
202715,0
302941,0
403166,0
503394,0
603613,0
703822,0
804030,0
904236,0
1004452,0
1105674,0
1205887,0
1306094,0
1406305,0
1506520,0
1606738,0
1706948,0
1807159,0
1907370,0
2007587,0
2108807,0
2209022,0
2309231,0
2409447,0
2509664,0
2609881,0
2710093,0
2810304,0
2910519,0
3010738,0
3111966,0
3212181,0
3312392,0
3412607,0
3512826,0
3613050,0
3713264,0
3813478,0
3913695,0
4013914,0
4115141,0
4215359,0
4315571,0
4415789,0
4516008,0
4616235,0
4716451,0
4816667,0
4916886,0
5017108,0
5118334,0
5218552,0
5318767,0
5418986,0
5519208,0
5619432,0
5719650,0
5819869,0
5920089,0
6020310,0
6121536,0
6221757,0
6321973,0
6422194,0
6522415,0
6622638,0
6722858,0
6823077,0
6923296,0
7023519,0
7124746,0
7224966,0
7325183,0
7425405,0
7525626,0
7625848,0
7726068,0
7826286,0
7926507,0
8026730,0
8127956,0
8228175,0
8328394,0
8428615,0
8528834,0
8629057,0
8729278,0
8829497,0
8929717,0
9029939,0
9131168,0
9231386,0
9331602,0
9431823,0
9532044,0
9632271,0
9732490,0
9832709,0
9932928,0
10033149,0
10134374,0
10234594,0
10334813,0
10435034,0
10535258,0
10635481,0
10735700,0
10835919,0
10936138,0
11036361,0
11137587,0
11237807,0
11338026,0
11438246,0
11538468,0
11638692,0
11738910,0
11839129,0
11939349,0
12039570,0
12140796,0
12241019,0
12341235,0
12441456,0
12541678,0
12641900,0
12742119,0
12842338,0
12942556,0
13042777,0
13144004,0
13244224,0
13344440,0
13444661,0
13544885,0
13645109,0
13745327,0
13845547,0
13945767,0
14045988,0
14147214,0
14247436,0
14347653,0
14447872,0
14548096,0
14648321,0
14748542,0
14848762,0
14948982,0
15049205,0
15150435,0
15250651,0
15350867,0
15451088,0
15551310,0
15651537,0
15751753,0
15851973,0
15952191,0
16052415,0
16153642,0
16253860,0
16354077,0
16454298,0
16554520,0
16654744,0
16754963,0
16855181,0
16955402,0
17055625,0
17156854,0
17257070,0
17357288,0
17457506,0
17557732,0
17657957,0
17758175,0
17858395,0
17958611,0
18058833,0
18160059,0
18260278,0
18360495,0
18460715,0
18560937,0
18661163,0
18761380,0
18861600,0
18961819,0
19062041,0
19163270,0
19263490,0
19363706,0
19463926,0
19564150,0
19664376,0
19764593,0
19864811,0
19965030,0
20065253,0
20166480,0
20266700,0
20366917,0
20467135,0
20567358,0
20667583,0
20767800,0
20868021,0
20968238,0
21068460,0
21169687,0
21269904,0
21370121,0
21470341,0
21570564,0
21670789,0
21771005,0
21871226,0
21971445,0
22071667,0
22172895,0
22273113,0
22373330,0
22473549,0
22573774,0
22673999,0
22774216,0
22874435,0
22974653,0
23074877,0
23176104,0
23276321,0
23376539,0
23476759,0
23576983,0
23677207,0
23777423,0
23877641,0
23977860,0
24078083,0
24179310,0
24279528,0
24379745,0
24479964,0
24580187,0
24680412,0
24780631,0
24880850,0
24981068,0
25081292,0
25182518,0
25282736,0
25382955,0
25483176,0
25583401,0
25683628,0
25783843,0
25884062,0
25984283,0
26084505,0
26185730,0
26285947,0
26386166,0
26486386,0
26586611,0
26686835,0
26787054,0
26887271,0
26987491,0
27087714,0
27188941,0
27289157,0
27389375,0
27489595,0
27589820,0
27690044,0
27790260,0
27890478,0
27990699,0
28090923,0
28192147,0
28292366,0
28392583,0
28492802,0
28593026,0
28693248,0
28793467,0
28893684,0
28993903,0
29094126,0
29195353,0
29295570,0
29395787,0
29496007,0
29596230,0
29696457,0
29796674,0
29896894,0
29997114,0
30097335,0
30197562,0
30297780,0
30397998,0
30498217,0
TS,2
102490,0
202715,0
302941,0
403167,0
503395,0
603614,0
703823,0
804031,0
904237,0
1004453,0
1105675,0
1205888,0
1306095,0
1406306,0
1506521,0
1606739,0
1706949,0
1807160,0
1907371,0
2007588,0
2108809,0
2209023,0
2309233,0
2409448,0
2509665,0
2609882,0
2710094,0
2810306,0
2910520,0
3010740,0
3111967,0
3212182,0
3312393,0
3412608,0
3512827,0
3613051,0
3713266,0
3813480,0
3913696,0
4013915,0
4115143,0
4215360,0
4315572,0
4415791,0
4516010,0
4616236,0
4716452,0
4816669,0
4916887,0
5017109,0
5118335,0
5218553,0
5318769,0
5418988,0
5519210,0
5619433,0
5719651,0
5819870,0
5920090,0
6020312,0
6121537,0
6221758,0
6321975,0
6422196,0
6522416,0
6622639,0
6722859,0
6823079,0
6923297,0
7023520,0
7124747,0
7224968,0
7325184,0
7425406,0
7525628,0
7625850,0
7726069,0
7826287,0
7926508,0
8026731,0
8127957,0
8228176,0
8328395,0
8428617,0
8528836,0
8629058,0
8729279,0
8829499,0
8929718,0
9029941,0
9131169,0
9231387,0
9331603,0
9431825,0
9532046,0
9632273,0
9732491,0
9832710,0
9932929,0
10033151,0
10134375,0
10234596,0
10334814,0
10435035,0
10535259,0
10635482,0
10735701,0
10835921,0
10936139,0
11036362,0
11137588,0
11237808,0
11338027,0
11438247,0
11538469,0
11638693,0
11738911,0
11839130,0
11939350,0
12039571,0
12140798,0
12241020,0
12341237,0
12441457,0
12541679,0
12641901,0
12742120,0
12842339,0
12942557,0
13042778,0
13144005,0
13244226,0
13344441,0
13444662,0
13544886,0
13645111,0
13745329,0
13845549,0
13945768,0
14045990,0
14147215,0
14247438,0
14347654,0
14447874,0
14548097,0
14648322,0
14748544,0
14848764,0
14948983,0
15049206,0
15150436,0
15250653,0
15350868,0
15451089,0
15551312,0
15651538,0
15751755,0
15851974,0
15952193,0
16052416,0
16153643,0
16253861,0
16354078,0
16454299,0
16554521,0
16654746,0
16754965,0
16855183,0
16955403,0
17055627,0
17156855,0
17257072,0
17357289,0
17457507,0
17557733,0
17657959,0
17758177,0
17858396,0
17958612,0
18058835,0
18160061,0
18260280,0
18360496,0
18460716,0
18560939,0
18661164,0
18761382,0
18861601,0
18961821,0
19062042,0
19163272,0
19263491,0
19363707,0
19463927,0
19564151,0
19664377,0
19764594,0
19864812,0
19965031,0
20065255,0
20166481,0
20266701,0
20366918,0
20467136,0
20567359,0
20667584,0
20767802,0
20868022,0
20968239,0
21068461,0
21169688,0
21269905,0
21370123,0
21470342,0
21570565,0
21670791,0
21771006,0
21871227,0
21971446,0
22071669,0
22172896,0
22273114,0
22373331,0
22473550,0
22573776,0
22674000,0
22774217,0
22874437,0
22974654,0
23074878,0
23176105,0
23276323,0
23376540,0
23476760,0
23576984,0
23677208,0
23777425,0
23877642,0
23977861,0
24078085,0
24179311,0
24279529,0
24379746,0
24479966,0
24580189,0
24680413,0
24780632,0
24880852,0
24981069,0
25081293,0
25182519,0
25282738,0
25382956,0
25483177,0
25583402,0
25683629,0
25783845,0
25884064,0
25984284,0
26084507,0
26185731,0
26285949,0
26386167,0
26486388,0
26586613,0
26686836,0
26787055,0
26887273,0
26987492,0
27087715,0
27188942,0
27289158,0
27389376,0
27489596,0
27589821,0
27690045,0
27790261,0
27890480,0
27990700,0
28090924,0
28192149,0
28292367,0
28392584,0
28492804,0
28593027,0
28693250,0
28793468,0
28893686,0
28993904,0
29094127,0
29195354,0
29295571,0
29395788,0
29496008,0
29596232,0
29696459,0
29796675,0
29896895,0
29997115,0
30097337,0
30197563,0
30297781,0
30397999,0
30498218,0
TS,3
102490,4611686018427387903
202716,4611686018427387903
302941,4611686018427387903
403167,4611686018427387903
503396,4611686018427387903
603615,4611686018427387903
703824,4611686018427387903
804032,4611686018427387903
904238,4611686018427387903
1004454,4611686018427387903
1105676,4611686018427387903
1205890,4611686018427387903
1306097,4611686018427387903
1406308,4611686018427387903
1506522,4611686018427387903
1606740,4611686018427387903
1706950,4611686018427387903
1807162,4611686018427387903
1907372,4611686018427387903
2007589,4611686018427387903
2108810,4611686018427387903
2209024,4611686018427387903
2309234,4611686018427387903
2409449,4611686018427387903
2509666,4611686018427387903
2609883,4611686018427387903
2710095,4611686018427387903
2810307,4611686018427387903
2910521,4611686018427387903
3010741,4611686018427387903
3111968,4611686018427387903
3212183,4611686018427387903
3312394,4611686018427387903
3412609,4611686018427387903
3512828,4611686018427387903
3613052,4611686018427387903
3713267,4611686018427387903
3813481,4611686018427387903
3913697,4611686018427387903
4013916,4611686018427387903
4115144,4611686018427387903
4215361,4611686018427387903
4315573,4611686018427387903
4415792,4611686018427387903
4516011,4611686018427387903
4616237,4611686018427387903
4716453,4611686018427387903
4816670,4611686018427387903
4916888,4611686018427387903
5017110,4611686018427387903
5118337,4611686018427387903
5218554,4611686018427387903
5318770,4611686018427387903
5418989,4611686018427387903
5519211,4611686018427387903
5619435,4611686018427387903
5719652,4611686018427387903
5819871,4611686018427387903
5920092,4611686018427387903
6020313,4611686018427387903
6121538,4611686018427387903
6221759,4611686018427387903
6321976,4611686018427387903
6422197,4611686018427387903
6522417,4611686018427387903
6622640,4611686018427387903
6722860,4611686018427387903
6823080,4611686018427387903
6923299,4611686018427387903
7023522,4611686018427387903
7124748,4611686018427387903
7224969,4611686018427387903
7325185,4611686018427387903
7425407,4611686018427387903
7525629,4611686018427387903
7625851,4611686018427387903
7726070,4611686018427387903
7826288,4611686018427387903
7926509,4611686018427387903
8026733,4611686018427387903
8127958,4611686018427387903
8228177,4611686018427387903
8328396,4611686018427387903
8428618,4611686018427387903
8528837,4611686018427387903
8629060,4611686018427387903
8729280,4611686018427387903
8829500,4611686018427387903
8929719,4611686018427387903
9029942,4611686018427387903
9131170,4611686018427387903
9231389,4611686018427387903
9331604,4611686018427387903
9431826,4611686018427387903
9532047,4611686018427387903
9632274,4611686018427387903
9732492,4611686018427387903
9832711,4611686018427387903
9932930,4611686018427387903
10033152,4611686018427387903
10134376,4611686018427387903
10234597,4611686018427387903
10334815,4611686018427387903
10435036,4611686018427387903
10535260,4611686018427387903
10635483,4611686018427387903
10735703,4611686018427387903
10835922,4611686018427387903
10936141,4611686018427387903
11036364,4611686018427387903
11137590,4611686018427387903
11237809,4611686018427387903
11338028,4611686018427387903
11438248,4611686018427387903
11538470,4611686018427387903
11638695,4611686018427387903
11738912,4611686018427387903
11839131,4611686018427387903
11939352,4611686018427387903
12039572,4611686018427387903
12140799,4611686018427387903
12241021,4611686018427387903
12341238,4611686018427387903
12441458,4611686018427387903
12541680,4611686018427387903
12641902,4611686018427387903
12742121,4611686018427387903
12842340,4611686018427387903
12942558,4611686018427387903
13042780,4611686018427387903
13144007,4611686018427387903
13244227,4611686018427387903
13344442,4611686018427387903
13444663,4611686018427387903
13544887,4611686018427387903
13645112,4611686018427387903
13745330,4611686018427387903
13845550,4611686018427387903
13945769,4611686018427387903
14045991,4611686018427387903
14147215,4611686018427387903
14247439,4611686018427387903
14347656,4611686018427387903
14447875,4611686018427387903
14548098,4611686018427387903
14648322,4611686018427387903
14748545,4611686018427387903
14848765,4611686018427387903
14948984,4611686018427387903
15049207,4611686018427387903
15150437,4611686018427387903
15250654,4611686018427387903
15350870,4611686018427387903
15451090,4611686018427387903
15551313,4611686018427387903
15651539,4611686018427387903
15751756,4611686018427387903
15851976,4611686018427387903
15952194,4611686018427387903
16052417,4611686018427387903
16153644,4611686018427387903
16253862,4611686018427387903
16354080,4611686018427387903
16454300,4611686018427387903
16554522,4611686018427387903
16654747,4611686018427387903
16754966,4611686018427387903
16855184,4611686018427387903
16955404,4611686018427387903
17055628,4611686018427387903
17156856,4611686018427387903
17257073,4611686018427387903
17357290,4611686018427387903
17457508,4611686018427387903
17557735,4611686018427387903
17657960,4611686018427387903
17758178,4611686018427387903
17858397,4611686018427387903
17958613,4611686018427387903
18058836,4611686018427387903
18160062,4611686018427387903
18260281,4611686018427387903
18360497,4611686018427387903
18460717,4611686018427387903
18560940,4611686018427387903
18661165,4611686018427387903
18761383,4611686018427387903
18861602,4611686018427387903
18961822,4611686018427387903
19062044,4611686018427387903
19163273,4611686018427387903
19263492,4611686018427387903
19363708,4611686018427387903
19463928,4611686018427387903
19564152,4611686018427387903
19664378,4611686018427387903
19764595,4611686018427387903
19864814,4611686018427387903
19965032,4611686018427387903
20065256,4611686018427387903
20166482,4611686018427387903
20266702,4611686018427387903
20366919,4611686018427387903
20467137,4611686018427387903
20567360,4611686018427387903
20667585,4611686018427387903
20767803,4611686018427387903
20868023,4611686018427387903
20968240,4611686018427387903
21068462,4611686018427387903
21169689,4611686018427387903
21269907,4611686018427387903
21370124,4611686018427387903
21470343,4611686018427387903
21570567,4611686018427387903
21670792,4611686018427387903
21771008,4611686018427387903
21871229,4611686018427387903
21971447,4611686018427387903
22071670,4611686018427387903
22172898,4611686018427387903
22273115,4611686018427387903
22373333,4611686018427387903
22473551,4611686018427387903
22573777,4611686018427387903
22674002,4611686018427387903
22774219,4611686018427387903
22874438,4611686018427387903
22974655,4611686018427387903
23074880,4611686018427387903
23176106,4611686018427387903
23276324,4611686018427387903
23376541,4611686018427387903
23476761,4611686018427387903
23576985,4611686018427387903
23677209,4611686018427387903
23777426,4611686018427387903
23877643,4611686018427387903
23977862,4611686018427387903
24078086,4611686018427387903
24179313,4611686018427387903
24279530,4611686018427387903
24379747,4611686018427387903
24479967,4611686018427387903
24580190,4611686018427387903
24680415,4611686018427387903
24780633,4611686018427387903
24880853,4611686018427387903
24981070,4611686018427387903
25081295,4611686018427387903
25182520,4611686018427387903
25282739,4611686018427387903
25382957,4611686018427387903
25483178,4611686018427387903
25583403,4611686018427387903
25683630,4611686018427387903
25783846,4611686018427387903
25884065,4611686018427387903
25984285,4611686018427387903
26084508,4611686018427387903
26185732,4611686018427387903
26285950,4611686018427387903
26386168,4611686018427387903
26486389,4611686018427387903
26586614,4611686018427387903
26686837,4611686018427387903
26787057,4611686018427387903
26887274,4611686018427387903
26987494,4611686018427387903
27087716,4611686018427387903
27188943,4611686018427387903
27289159,4611686018427387903
27389378,4611686018427387903
27489597,4611686018427387903
27589822,4611686018427387903
27690047,4611686018427387903
27790262,4611686018427387903
27890481,4611686018427387903
27990701,4611686018427387903
28090925,4611686018427387903
28192150,4611686018427387903
28292368,4611686018427387903
28392585,4611686018427387903
28492805,4611686018427387903
28593028,4611686018427387903
28693251,4611686018427387903
28793469,4611686018427387903
28893687,4611686018427387903
28993906,4611686018427387903
29094129,4611686018427387903
29195355,4611686018427387903
29295573,4611686018427387903
29395790,4611686018427387903
29496009,4611686018427387903
29596233,4611686018427387903
29696460,4611686018427387903
29796676,4611686018427387903
29896896,4611686018427387903
29997116,4611686018427387903
30097338,4611686018427387903
30197564,4611686018427387903
30297782,4611686018427387903
30398000,4611686018427387903
30498219,4611686018427387903
TS,4
102491,1207149584
202716,1207149584
302942,1207149584
403167,1207149584
503398,1207149584
603617,1207149584
703826,1207149584
804034,1207149584
904240,1207149584
1004455,1207149584
1105678,1207149584
1205891,1207149584
1306098,1207149584
1406309,1207149584
1506524,1207149584
1606742,1207149584
1706952,1207149584
1807163,1207149584
1907374,1207149584
2007591,1207149584
2108811,1207149584
2209025,1207149584
2309235,1207149584
2409451,1207149584
2509668,1207149584
2609885,1207149584
2710097,1207149584
2810309,1207149584
2910523,1207149584
3010742,1207149584
3111970,1207149584
3212185,1207149584
3312395,1207149584
3412611,1207149584
3512830,1207149584
3613054,1207149584
3713268,1207149584
3813482,1207149584
3913699,1207149584
4013918,1207149584
4115146,1207149584
4215363,1207149584
4315575,1207149584
4415793,1207149584
4516012,1207149584
4616239,1207149584
4716455,1207149584
4816671,1207149584
4916890,1207149584
5017112,1207149584
5118338,1207149584
5218556,1207149584
5318771,1207149584
5418991,1207149584
5519213,1207149584
5619436,1207149584
5719654,1207149584
5819873,1207149584
5920094,1207149584
6020314,1207149584
6121540,1207149584
6221761,1207149584
6321978,1207149584
6422198,1207149584
6522419,1207149584
6622642,1207149584
6722862,1207149584
6823081,1207149584
6923300,1207149584
7023523,1207149584
7124750,1207149584
7224970,1207149584
7325186,1207149584
7425409,1207149584
7525630,1207149584
7625852,1207149584
7726072,1207149584
7826289,1207149584
7926511,1207149584
8026734,1207149584
8127960,1207149584
8228178,1207149584
8328398,1207149584
8428619,1207149584
8528838,1207149584
8629061,1207149584
8729282,1207149584
8829501,1207149584
8929721,1207149584
9029943,1207149584
9131172,1207149584
9231390,1207149584
9331606,1207149584
9431827,1207149584
9532048,1207149584
9632275,1207149584
9732493,1207149584
9832713,1207149584
9932932,1207149584
10033154,1207149584
10134378,1207149584
10234598,1207149584
10334817,1207149584
10435038,1207149584
10535261,1207149584
10635485,1207149584
10735705,1207149584
10835923,1207149584
10936142,1207149584
11036365,1207149584
11137591,1207149584
11237811,1207149584
11338030,1207149584
11438249,1207149584
11538472,1207149584
11638696,1207149584
11738913,1207149584
11839132,1207149584
11939353,1207149584
12039574,1207149584
12140800,1207149584
12241023,1207149584
12341240,1207149584
12441460,1207149584
12541682,1207149584
12641904,1207149584
12742123,1207149584
12842342,1207149584
12942560,1207149584
13042781,1207149584
13144008,1207149584
13244228,1207149584
13344444,1207149584
13444665,1207149584
13544889,1207149584
13645113,1207149584
13745332,1207149584
13845551,1207149584
13945771,1207149584
14045992,1207149584
14147216,1207149584
14247440,1207149584
14347657,1207149584
14447876,1207149584
14548100,1207149584
14648323,1207149584
14748547,1207149584
14848766,1207149584
14948986,1207149584
15049209,1207149584
15150438,1207149584
15250656,1207149584
15350871,1207149584
15451092,1207149584
15551315,1207149584
15651540,1207149584
15751757,1207149584
15851977,1207149584
15952195,1207149584
16052419,1207149584
16153645,1207149584
16253864,1207149584
16354081,1207149584
16454302,1207149584
16554523,1207149584
16654748,1207149584
16754967,1207149584
16855185,1207149584
16955406,1207149584
17055629,1207149584
17156857,1207149584
17257074,1207149584
17357292,1207149584
17457510,1207149584
17557736,1207149584
17657961,1207149584
17758179,1207149584
17858398,1207149584
17958615,1207149584
18058838,1207149584
18160064,1207149584
18260282,1207149584
18360499,1207149584
18460719,1207149584
18560941,1207149584
18661167,1207149584
18761384,1207149584
18861604,1207149584
18961823,1207149584
19062045,1207149584
19163274,1207149584
19263494,1207149584
19363709,1207149584
19463929,1207149584
19564154,1207149584
19664380,1207149584
19764597,1207149584
19864815,1207149584
19965034,1207149584
20065257,1207149584
20166484,1207149584
20266704,1207149584
20366921,1207149584
20467139,1207149584
20567362,1207149584
20667587,1207149584
20767805,1207149584
20868025,1207149584
20968241,1207149584
21068464,1207149584
21169691,1207149584
21269908,1207149584
21370125,1207149584
21470345,1207149584
21570568,1207149584
21670793,1207149584
21771009,1207149584
21871230,1207149584
21971449,1207149584
22071671,1207149584
22172899,1207149584
22273117,1207149584
22373334,1207149584
22473553,1207149584
22573778,1207149584
22674003,1207149584
22774220,1207149584
22874439,1207149584
22974656,1207149584
23074881,1207149584
23176107,1207149584
23276325,1207149584
23376542,1207149584
23476763,1207149584
23576987,1207149584
23677211,1207149584
23777427,1207149584
23877645,1207149584
23977864,1207149584
24078087,1207149584
24179314,1207149584
24279532,1207149584
24379749,1207149584
24479968,1207149584
24580191,1207149584
24680416,1207149584
24780634,1207149584
24880854,1207149584
24981072,1207149584
25081296,1207149584
25182522,1207149584
25282740,1207149584
25382958,1207149584
25483179,1207149584
25583405,1207149584
25683632,1207149584
25783847,1207149584
25884066,1207149584
25984287,1207149584
26084509,1207149584
26185734,1207149584
26285951,1207149584
26386170,1207149584
26486390,1207149584
26586615,1207149584
26686839,1207149584
26787058,1207149584
26887275,1207149584
26987495,1207149584
27087718,1207149584
27188945,1207149584
27289161,1207149584
27389379,1207149584
27489598,1207149584
27589824,1207149584
27690048,1207149584
27790263,1207149584
27890482,1207149584
27990703,1207149584
28090927,1207149584
28192151,1207149584
28292370,1207149584
28392586,1207149584
28492806,1207149584
28593029,1207149584
28693252,1207149584
28793470,1207149584
28893688,1207149584
28993907,1207149584
29094130,1207149584
29195357,1207149584
29295574,1207149584
29395791,1207149584
29496011,1207149584
29596235,1207149584
29696461,1207149584
29796677,1207149584
29896898,1207149584
29997117,1207149584
30097340,1207149584
30197565,1207149584
30297783,1207149584
30398002,1207149584
30498221,1207149584
TS,5
102492,925907783
202716,925941031
302942,925974279
403168,926007527
503399,926042152
603618,926075400
703827,926108648
804035,926141896
904241,926175144
1004457,926212548
1105679,926262203
1205892,926295791
1306099,926329039
1406310,926362287
1506525,926396555
1606743,926429803
1706953,926463412
1807164,926496660
1907375,926529908
2007592,926564188
2108812,926613864
2209026,926647452
2309237,926680700
2409452,926713948
2509669,926748216
2609886,926781464
2710098,926815056
2810310,926848304
2910524,926881552
3010743,926915832
3111971,926965502
3212186,926999090
3312396,927032338
3412612,927065586
3512831,927099854
3613055,927133102
3713269,927166694
3813483,927199942
3913700,927233190
4013919,927267470
4115147,927317137
4215364,927350725
4315576,927383973
4415794,927417221
4516014,927451489
4616240,927484737
4716456,927518329
4816673,927551577
4916891,927584825
5017113,927619105
5118339,927668775
5218557,927702363
5318772,927735611
5418991,927768859
5519214,927803127
5619437,927836375
5719655,927869984
5819874,927903232
5920095,927936480
6020316,927970760
6121541,928020442
6221762,928054030
6321979,928087278
6422200,928120526
6522420,928154794
6622643,928188042
6722863,928223626
6823082,928256874
6923301,928290122
7023524,928324402
7124751,928374072
7224971,928407660
7325187,928440908
7425410,928474156
7525632,928508424
7625853,928541672
7726073,928575264
7826290,928608512
7926512,928641760
8026735,928676040
8127961,928725713
8228179,928759301
8328399,928792549
8428620,928825797
8528839,928860065
8629062,928893313
8729283,928926905
8829502,928960153
8929722,928993401
9029945,929027681
9131173,929077348
9231391,929110936
9331607,929144184
9431828,929177432
9532049,929211700
9632276,929244948
9732495,929278557
9832714,929311805
9932933,929345053
10033155,929379333
10134379,929429770
10234600,929463358
10334818,929496606
10435039,929529854
10535262,929564122
10635486,929597370
10735706,929630962
10835925,929664210
10936143,929697458
11036366,929731738
11137592,929782172
11237812,929815760
11338031,929849008
11438251,929882256
11538473,929916524
11638697,929949772
11738915,929983364
11839134,930016612
11939354,930049860
12039575,930085244
12140801,930135693
12241024,930169281
12341241,930202529
12441461,930235777
12541683,930270045
12641905,930303293
12742124,930336885
12842343,930370133
12942561,930403381
13042782,930437661
13144009,930488098
13244229,930521686
13344445,930554934
13444666,930588182
13544890,930622450
13645114,930655698
13745333,930689307
13845552,930722555
13945772,930755803
14045993,930790083
14147216,930840526
14247441,930874114
14347658,930907362
14447877,930940610
14548101,930974878
14648323,931008126
14748548,931041718
14848767,931074966
14948987,931108214
15049210,931142494
15150438,931193283
15250657,931226531
15350872,931259779
15451093,931293027
15551316,931327295
15651540,931360887
15751758,931394135
15851978,931427383
15952196,931460631
16052420,931494911
16153647,931545628
16253865,931578876
16354082,931612124
16454303,931645372
16554524,931679640
16654749,931713232
16754969,931746480
16855186,931779728
16955407,931812976
17055631,931847256
17156858,931898033
17257075,931931281
17357293,931965965
17457511,931999213
17557737,932033481
17657962,932067090
17758180,932100338
17858400,932133586
17958616,932166834
18058839,932201114
18160065,932251891
18260283,932285139
18360500,932318387
18460720,932351635
18560942,932385903
18661168,932419495
18761385,932452743
18861605,932485991
18961824,932519239
19062046,932553519
19163275,932604305
19263495,932637553
19363710,932670801
19463930,932704049
19564155,932738317
19664381,932771909
19764598,932805157
19864816,932838405
19965035,932875209
20065258,932909489
20166485,932960272
20266705,932993520
20366922,933026768
20467140,933060016
20567363,933094284
20667588,933127876
20767806,933161124
20868026,933194372
20968243,933227620
21068465,933261900
21169692,933312695
21269909,933345943
21370126,933379191
21470346,933412439
21570570,933446707
21670794,933480316
21771010,933513564
21871231,933546812
21971450,933580060
22071672,933614340
22172901,933665120
22273118,933698368
22373336,933731616
22473554,933764864
22573779,933800848
22674005,933834440
22774221,933867688
22874440,933900936
22974657,933934184
23074883,933968464
23176109,934019244
23276326,934052492
23376544,934085740
23476764,934118988
23576988,934153256
23677212,934186848
23777428,934220096
23877646,934253344
23977865,934286592
24078088,934320872
24179315,934371661
24279533,934404909
24379750,934438157
24479969,934471405
24580192,934505673
24680417,934539265
24780635,934572513
24880855,934605761
24981073,934639009
25081297,934673289
25182523,934724072
25282741,934758488
25382959,934791736
25483180,934824984
25583406,934859252
25683633,934892861
25783848,934926109
25884067,934959357
25984288,934992605
26084510,935026885
26185735,935077671
26285952,935110919
26386171,935144167
26486391,935177415
26586616,935211683
26686840,935245275
26787059,935278523
26887276,935311771
26987497,935345019
27087719,935379299
27188946,935430082
27289162,935463330
27389380,935496578
27489599,935529826
27589825,935564094
27690049,935597686
27790264,935630934
27890483,935664182
27990704,935697430
28090928,935731710
28192152,935782502
28292371,935815750
28392588,935848998
28492807,935882246
28593031,935916514
28693254,935950106
28793472,935983354
28893689,936016602
28993908,936049850
29094131,936084130
29195358,936134922
29295575,936168170
29395792,936201418
29496012,936234666
29596236,936268934
29696462,936302543
29796679,936335791
29896899,936369039
29997119,936402287
30097341,936436567
30197567,936471734
30297784,936504982
30398003,936538230
30498222,936571478
CPU1
TS,0
100615,78259314
200841,78283227
301066,78307140
401292,78331053
510520,81394377
610697,89474445
718900,113896128
819078,137985389
919264,162053730
1023453,176686384
1129647,186302707
1229832,210284768
1330011,234366554
1430192,258443889
1534382,271396906
1640576,282872720
1740761,306906928
1840940,330980824
1941123,355067716
2045311,366508037
2151514,378441843
2251694,402540140
2351876,426612755
2452057,450694249
2556245,460463045
2662449,474190629
2762631,498279842
2862810,522360754
2962992,546435306
3067183,554620085
3173384,569918592
3273568,593994638
3373749,618062113
3477939,640791962
3578116,648779196
3684309,665651999
3784492,689714757
3884675,713780571
3988867,734874212
4089044,742915771
4196245,761996788
4296425,786056772
4396610,810131817
4500802,829468232
4600983,837532742
4707182,857912504
4807364,881957617
4907544,906035739
5011736,923828216
5111916,931883441
5218115,954170593
5318297,978236413
5418478,1002309296
5522670,1018527647
5622849,1026573528
5729042,1050770538
5829220,1074849168
5929402,1098921897
6033592,1113631242
6139783,1122382293
6239968,1146385068
6340148,1170452760
6440333,1194535932
6544520,1207606400
6650715,1218077162
6750897,1242113066
6851081,1266182667
6951264,1290264966
7056455,1301821187
7162660,1313984902
7262840,1338073089
7363022,1362148052
7463202,1386230726
7567394,1395954986
7673596,1409718108
7773773,1433801352
7873955,1457881213
7974135,1481952280
8078322,1490139915
8184521,1505831633
8284702,1529918531
8384884,1553986713
8489073,1576665646
8589252,1584645395
8695448,1601731167
8795630,1625791713
8895813,1649856117
9000004,1670925640
9100187,1678966731
9206379,1698016239
9306564,1722062098
9406748,1746133334
9511942,1765735930
9612118,1773792150
9718316,1794854309
9818493,1818892085
9918676,1842968138
10022865,1860820642
10123043,1868861904
10229248,1890454771
10329435,1914514526
10429616,1938587844
10533805,1954771360
10637995,1962433777
10740191,1986168991
10840370,2010256307
10940552,2034327674
11044743,2048957918
11150938,2057899640
11251127,2081906880
11351309,2105977129
11451488,2130055029
11555677,2143088052
11661870,2153595585
11762050,2177633870
11862231,2201702655
11962414,2225788038
12066613,2237221068
12173810,2249878850
12273993,2273969178
12374172,2298043946
12474355,2322124337
12578548,2331853114
12684751,2345790954
12784931,2369881326
12885110,2393961309
12985292,2418043366
13089483,2426187111
13195682,2442076274
13295862,2466163324
13396045,2490230004
13500238,2512882898
13600421,2520876854
13706610,2538677126
13806791,2562742987
13906974,2586814216
14011166,2607959589
14111342,2615999071
14217536,2634296228
14317718,2658338886
14417901,2682412348
14522090,2701907940
14622265,2709949080
14729466,2730264584
14829653,2754306593
14929836,2778386656
15034027,2796120636
15134205,2804185320
15240408,2825968592
15340587,2850027007
15440766,2874108145
15544958,2890275339
15649145,2897929170
15751339,2921685415
15851516,2945768721
15951703,2969832271
16055892,2984443398
16162086,2993798254
16262270,3017808903
16362451,3041877052
16462632,3065965280
16566824,3078953508
16673016,3089671747
16773204,3113700851
16873385,3137771009
16973569,3161855451
17077760,3173292466
17183952,3185887536
17284135,3209977027
17384315,3234059780
17484497,3258124697
17589691,3268094049
17695886,3282726583
17796064,3306813397
17896244,3330890989
17996425,3354967786
18100616,3363188229
18206819,3378350807
18307000,3402442204
18407184,3426507223
18510368,3449138245
18611552,3457168886
18717751,3474080276
18817932,3498149712
18918113,3522220685
19022303,3543261708
19122483,3551301270
19228684,3569815350
19328867,3593857681
19429045,3617927220
19533232,3637391163
19633408,3645435899
19739604,3665524708
19839784,3689581523
19939972,3713652592
20045164,3731607498
20145342,3739687825
20251541,3761858620
20351721,3785905066
20451901,3809984264
20556090,3826169511
20662579,3833977172
20772491,3860172882
20872675,3884253258
20972855,3908337487
21077046,3921284721
21183239,3932415125
21283419,3956447847
21383596,3980518424
21483778,4004603872
21587969,4016023195
21694162,4028956594
21794346,4053046154
21894527,4077126752
21994708,4101187546
22098900,4111099394
22205094,4124576851
22305275,4148671891
22405456,4172739698
22505638,4196811608
22609829,4205067408
22717027,4220548063
22817206,4244624030
22917387,4268697773
23020578,4291264268
23121758,4299312617
23227961,4316274243
23328143,4340348340
23428323,4364421286
23532517,4385401524
23632694,4393443677
23738894,4412011374
23839076,4436056944
23939255,4460128349
24043447,4479536110
24143624,4487579704
24249824,4508109262
24350009,4532163234
24450189,4556242674
24554381,4574067106
24654558,4582141213
24760756,4603986203
24860935,4628073759
24961115,4652136205
25065306,4668418096
25165486,4676460625
25271694,4700274435
25371880,4724345440
25472061,4748424436
25577254,4763192721
25683446,4773118889
25783631,4797120366
25883812,4821188507
25983994,4845277074
26088184,4858317437
26194387,4868700529
26294572,4892736083
26394752,4916807291
26494933,4940891617
26599121,4952269917
26705322,4964363387
26805504,4988466571
26905685,5012537085
27005868,5036621847
27110061,5046404276
27216258,5060096213
27316438,5084182234
27416618,5108253773
27516801,5132321619
27620989,5140575945
27727180,5155835905
27827365,5179915987
27927549,5203978114
28031741,5226762163
28132924,5234801098
28239122,5252178564
28339303,5276249353
28439486,5300320528
28543678,5321268801
28643857,5329313854
28750059,5348088951
28850241,5372151437
28950423,5396235510
29054615,5415590264
29154790,5423674195
29260989,5444363866
29361166,5468407254
29461346,5492486878
29565536,5510329866
29665714,5518373056
29771908,5540934910
29872093,5565017458
29972275,5589081925
30076465,5605404811
30178646,5612906438
30282840,5636551402
30383021,5660628297
30483204,5684709948
CPU2
TS,0
109660,62410635
209885,62434548
310111,62458461
410337,62482374
519586,62559999
619815,62583912
720042,62607825
820269,62631738
920494,62655651
1020721,62730954
1120951,62754867
1221175,62778780
1321404,62802693
1421631,62826606
1521858,62901909
1622089,62925822
1722315,62949735
1822539,62973648
1922764,62997561
2022991,63072864
2123218,63096777
2223442,63120690
2323666,63144603
2423891,63168516
2524117,63243819
2624344,63267732
2724568,63291645
2824793,63315558
2925018,63339471
3025244,63414774
3125470,63438687
3225694,63462600
3325919,63486513
3426144,63510426
3526369,63585729
3626596,63609642
3726820,63633555
3827044,63657468
3927270,63681381
4027495,63756684
4127721,63780597
4227941,63804510
4328167,63828423
4428390,63852336
4528615,63927639
4628842,63951552
4729065,63975465
4829287,63999378
4929511,64023291
5029733,64098594
5129960,64122507
5230180,64146420
5330402,64170333
5430622,64194246
5530846,64269549
5631073,64293462
5731292,64317375
5831512,64341288
5931733,64365201
6031955,64440504
6132181,64464417
6232400,64488330
6332622,64512243
6432841,64536156
6533066,64611459
6633291,64635372
6733509,64659285
6833730,64683198
6933949,64707111
7034173,64782414
7134398,64806327
7234617,64830240
7334840,64854153
7435060,64878066
7535284,64955437
7635510,64979350
7735730,65003263
7835951,65027176
7936169,65051089
8036390,65128800
8136615,65152713
8236834,65176626
8337056,65200539
8437275,65224452
8537497,65299755
8637723,65323668
8737942,65347581
8838160,65371494
8938377,65395407
9038600,65470710
9138826,65494623
9239044,65518536
9339265,65542449
9439482,65566362
9539704,65641665
9639931,65665578
9740150,65689491
9840368,65713404
9940587,65737317
10040807,65812620
10141032,65836533
10241251,65860446
10341471,65884359
10441689,65908272
10541912,65983577
10642138,66007490
10742356,66031403
10842578,66055316
10942795,66079229
11043018,66154532
11143244,66178445
11243463,66202358
11343683,66226271
11443901,66250184
11544123,66325487
11644347,66349400
11744565,66373313
11844785,66397226
11945004,66421139
12045225,66496442
12145449,66520355
12245668,66544268
12345887,66568181
12446106,66592094
12546327,66667397
12646554,66691310
12746771,66715223
12846991,66739136
12947208,66763049
13047432,66838352
13147657,66862265
13247876,66886178
13348097,66910091
13448314,66934004
13548534,67009307
13648761,67033220
13748980,67057133
13849199,67081046
13949417,67104959
14049639,67180262
14149865,67204175
14250083,67228088
14350301,67252001
14450519,67275914
14550740,67351217
14650965,67375130
14751183,67399043
14851402,67422956
14951620,67446869
15051842,67522172
15152068,67546085
15252286,67569998
15352506,67593911
15452723,67617824
15552944,67693127
15653169,67717040
15753387,67740953
15853606,67764866
15953823,67788779
16054046,67864082
16154271,67887995
16254489,67911908
16354709,67935821
16454927,67959734
16555149,68035037
16655377,68058950
16755595,68082863
16855814,68106776
16956030,68130689
17056252,68205992
17156477,68229905
17256695,68253818
17356914,68277731
17457131,68301644
17557353,68379363
17657580,68403276
17757798,68427189
17858019,68451102
17958239,68475015
18058459,68552862
18158686,68576775
18258903,68600688
18359123,68624601
18459341,68648514
18559564,68723817
18659788,68747730
18760007,68771643
18860226,68795556
18960444,68819469
19060667,68894772
19160893,68918685
19261112,68942598
19361330,68966511
19461548,68990424
19561770,69065727
19661996,69089640
19762214,69113553
19862432,69137466
19962651,69161379
20062874,69236682
20163100,69260595
20263317,69284508
20363537,69308421
20463754,69332334
20563976,69407637
20664203,69431550
20764421,69455463
20864639,69479376
20964857,69503289
21065081,69578592
21165306,69602505
21265525,69626418
21365744,69650331
21465963,69674244
21566185,69749547
21666411,69773460
21766630,69797373
21866850,69821286
21967068,69845199
22067289,69920502
22167515,69944415
22267733,69968328
22367952,69992241
22468169,70016154
22568391,70091457
22668617,70115370
22768835,70139283
22869054,70163196
22969271,70187109
23069492,70262412
23169717,70286325
23269936,70310238
23370154,70334151
23470372,70358064
23570595,70433367
23670819,70457280
23771036,70481193
23871255,70505106
23971474,70529019
24071697,70604322
24171923,70628235
24272140,70652148
24372359,70676061
24472578,70699974
24572800,70775277
24673026,70799190
24773243,70823103
24873461,70847016
24973678,70870929
25073900,70946232
25174127,70970145
25274344,70994058
25374564,71017971
25474782,71041884
25575004,71117187
25675230,71141100
25775448,71165013
25875668,71188926
25975886,71212839
26076106,71288142
26176332,71312055
26276550,71335968
26376770,71359881
26476988,71383794
26577212,71459097
26677437,71483010
26777654,71506923
26877875,71530836
26978094,71554749
27078319,71630052
27178544,71653965
27278761,71677878
27378980,71701791
27479198,71725704
27579420,71803159
27679646,71827072
27779864,71850985
27880084,71874898
27980302,71898811
28080523,71976502
28180748,72000415
28280966,72024328
28381183,72048241
28481400,72072154
28581621,72147457
28681847,72171370
28782065,72195283
28882284,72219196
28982504,72243109
29082729,72318412
29182955,72342325
29283172,72366238
29383392,72390151
29483609,72414064
29583833,72489367
29684060,72513280
29784278,72537193
29884499,72561106
29984717,72585019
30084938,72660322
30185164,72684235
30285382,72708148
30385601,72732061
30485818,72755974
CPU3
TS,0
109653,62414182
209878,62438095
310104,62462008
410330,62485921
519576,62563546
619802,62587459
720024,62611372
820246,62635285
920469,62659198
1020694,62734501
1120918,62758414
1221138,62782327
1321359,62806240
1421580,62830153
1521802,62905456
1622027,62929369
1722246,62953282
1822467,62977195
1922688,63001108
2022910,63076411
2123135,63100324
2223352,63124237
2323574,63148150
2423792,63172063
2524011,63247366
2624235,63271279
2724454,63295192
2824673,63319105
2924891,63343018
3025109,63418321
3125334,63442234
3225554,63466147
3325772,63490060
3425990,63513973
3526209,63589276
3626433,63613189
3726650,63637102
3826869,63661015
3927087,63684928
4027305,63760231
4127531,63784144
4227748,63808057
4327965,63831970
4428183,63855883
4528400,63931186
4628623,63955099
4728840,63979012
4829056,64002925
4929271,64026838
5029491,64102141
5129714,64126054
5229932,64149967
5330151,64173880
5430367,64197793
5530585,64273096
5630809,64297009
5731026,64320922
5831244,64344835
5931463,64368748
6031683,64444051
6131908,64467964
6232127,64491877
6332345,64515790
6432564,64539703
6532783,64615006
6633006,64638919
6733224,64662832
6833443,64686745
6933662,64710658
7033881,64785961
7134106,64809874
7234324,64833787
7334543,64857700
7434763,64881613
7534982,64959280
7635207,64983193
7735426,65007106
7835643,65031019
7935863,65054932
8036083,65132451
8136307,65156364
8236526,65180277
8336745,65204190
8436964,65228103
8537182,65303406
8637407,65327319
8737624,65351232
8837845,65375145
8938064,65399058
9038287,65474361
9138510,65498274
9238729,65522187
9338949,65546100
9439169,65570013
9539390,65645316
9639614,65669229
9739833,65693142
9840052,65717055
9940272,65740968
10040491,65816271
10140716,65840184
10240935,65864097
10341153,65888010
10441372,65911923
10541590,65987226
10641814,66011139
10742033,66035052
10842252,66058965
10942471,66082878
11042690,66158181
11142915,66182094
11243133,66206007
11343353,66229920
11443573,66253833
11543794,66329136
11644020,66353049
11744239,66376962
11844458,66400875
11944677,66424788
12044895,66500091
12145121,66524004
12245338,66547917
12345556,66571830
12445775,66595743
12545994,66671046
12646220,66694959
12746438,66718872
12846659,66742785
12946880,66766698
13047100,66842001
13147324,66865914
13247542,66889827
13347760,66913740
13447980,66937653
13548201,67012956
13648425,67036869
13748643,67060782
13848861,67084695
13949080,67108608
14049300,67183911
14149527,67207824
14249745,67231737
14349965,67255650
14450185,67279563
14550405,67354866
14650631,67378779
14750849,67402692
14851068,67426605
14951287,67450518
15051507,67525821
15151734,67549734
15251952,67573647
15352174,67597560
15452392,67621473
15552611,67696776
15652837,67720689
15753055,67744602
15853276,67768515
15953494,67792428
16053714,67867731
16153940,67891644
16254159,67915557
16354380,67939470
16454598,67963383
16554817,68038686
16655042,68062599
16755260,68086512
16855479,68110425
16955700,68134338
17055924,68209641
17156148,68233554
17256367,68257467
17356589,68281380
17456808,68305293
17557028,68382660
17657254,68406573
17757474,68430486
17857692,68454399
17957915,68478312
18058136,68555643
18158362,68579556
18258579,68603469
18358798,68627382
18459019,68651295
18559238,68726598
18659463,68750511
18759683,68774424
18859904,68798337
18960123,68822250
19060343,68897553
19160567,68921466
19260786,68945379
19361006,68969292
19461225,68993205
19561446,69068508
19661670,69092421
19761888,69116334
19862109,69140247
19962328,69164160
20062547,69239463
20162773,69263376
20262992,69287289
20363211,69311202
20463432,69335115
20563652,69410418
20663877,69434331
20764096,69458244
20864317,69482157
20964536,69506070
21064758,69581373
21164982,69605286
21265200,69629199
21365422,69653112
21465641,69677025
21565862,69752328
21666088,69776241
21766306,69800154
21866524,69824067
21966742,69847980
22066963,69923283
22167188,69947196
22267406,69971109
22367626,69995022
22467844,70018935
22568064,70094238
22668289,70118151
22768507,70142064
22868727,70165977
22968946,70189890
23069166,70265193
23169390,70289106
23269609,70313019
23369829,70336932
23470049,70360845
23570269,70436148
23670493,70460061
23770711,70483974
23870932,70507887
23971152,70531800
24071372,70607103
24171597,70631016
24271815,70654929
24372036,70678842
24472253,70702755
24572473,70778058
24672698,70801971
24772918,70825884
24873140,70849797
24973359,70873710
25073581,70949013
25173805,70972926
25274022,70996839
25374242,71020752
25474460,71044665
25574682,71119968
25674907,71143881
25775126,71167794
25875344,71191707
25975564,71215620
26075784,71290923
26176010,71314836
26276228,71338749
26376449,71362662
26476668,71386575
26576888,71461878
26677114,71485791
26777332,71509704
26877553,71533617
26977771,71557530
27077992,71632833
27178216,71656746
27278434,71680659
27378653,71704572
27478874,71728485
27579095,71806148
27679319,71830061
27779538,71853974
27879759,71877887
27979979,71901800
28080199,71979419
28180424,72003332
28280641,72027245
28380861,72051158
28481079,72075071
28581299,72150374
28681524,72174287
28781743,72198200
28881963,72222113
28982182,72246026
29082404,72321329
29182628,72345242
29282846,72369155
29383067,72393068
29483286,72416981
29583505,72492284
29683731,72516197
29783949,72540110
29884167,72564023
29984388,72587936
30084609,72663239
30184835,72687152
30285054,72711065
30385275,72734978
30485494,72758891
end_data


*** The last thread under control of EPOS has finished.
*** EPOS is shutting down!

(C)StarFive
CCCCCCCCCC