........................................................
................................................................
......................updata success

*********************************************************
****************** JH7110 program tool ******************
*********************************************************
0: update 2ndboot/SPL in flash
1: update 2ndboot/SPL in emmc
2: update fw_verif/uboot in flash
3: update fw_verif/uboot in emmc
4: update otp, caution!!!!
5: exit
NOTE: current xmodem receive buff = 0x40000000, 'load 0x********' to change.
select the function to test: 5

END OF SECONDBOOT


U-Boot SPL 2026.04-rc3-dirty (Feb 24 2026 - 23:57:14 -0300)
DDR version: dc2e84f0.
Trying to boot from SPI








Changed voltage
Will change the clock
Changed clock: 1


This is EPOS!

Setting up this machine as follows: 
  Mode:         library
  Processor:    4 x RV64 at 600 MHz (BUS clock = 33 MHz)
  Machine:      VisionFive2
  Memory:       131072 KB [0x0000000040000000:0x0000000047ffffff]
  User memory:  130551 KB [0x0000000040000000:0x0000000047f7dfff]
  I/O space:    524288 KB [0x0000000000000000:0x000000001fffffff]
  Node Id:      will get from the network!
  Position:     will get from the network!

<0>: Monitor::init: system event 0 at 10 Hz created :<0>
<0>: Monitor::init: system event 1 at 10 Hz created :<0>
<0>: Monitor::init: system event 2 at 10 Hz created :<0>
<0>: Monitor::init: system event 3 at 10 Hz created :<0>
<0>: Monitor::init: system event 4 at 10 Hz created :<0>
Stress feature test
Running experiments with the following configurations:
>  Measure time: true
>  Test duration: 30
>  Selected taskset: 1
>  Size of image 1: 49160
>  Size of image 2: 49160
>  Size of the bandwidth allocation: 2097152
>  CPU Clock: 1503MHz
>  CPU voltage: 1040mV
Taskset initialization...
Done.
Creating threads...
>  Thread[0]: period = 500000, deadline = 500000, wcet = 100000, activation = 10
000, times = 60, cpu = 1
>  Thread[1]: period = 500000, deadline = 500000, wcet = 100000, activation = 10
000, times = 60, cpu = 1
>  Thread[2]: period = 500000, deadline = 500000, wcet = 100000, activation = 10
000, times = 60, cpu = 2
>  Thread[3]: period = 500000, deadline = 500000, wcet = 100000, activation = 10
000, times = 60, cpu = 3
Done
Current time: 3924655
>  Iteration [0]...
>  Iteration [1]...
>  Iteration [2]...
>  Iteration [3]...
>  Iteration [4]...
>  Iteration [5]...
Changed voltage
>  New clock: 751999999Hz
>  New voltage: 800mV
>  Iteration [6]...
>  Iteration [7]...
>  Iteration [8]...
>  Iteration [9]...
>  Iteration [10]...
Will change the clock
Changed clock: 3
>  New clock: 501333333Hz
>  New voltage: 800mV
>  Iteration [11]...
>  Iteration [12]...
>  Iteration [13]...
>  Iteration [14]...
>  Iteration [15]...
Will change the clock
Changed clock: 4
>  New clock: 375999999Hz
>  New voltage: 800mV
>  Iteration [16]...
>  Iteration [17]...
>  Iteration [18]...
>  Iteration [19]...
>  Iteration [20]...
Changed voltage
Will change the clock
Changed clock: 1
>  New clock: 1503999999Hz
>  New voltage: 1040mV
>  Iteration [21]...
>  Iteration [22]...
>  Iteration [23]...
>  Iteration [24]...
>  Iteration [25]...
>  Iteration [26]...
>  Iteration [27]...
>  Iteration [28]...
>  Iteration [29]...
Returned to application main!
Elapsed: 30632628
Threads: 4
-----------------------------------------------------
...............Threads Timing Behavior...............
-----------------------------------------------------
Task [0]: 0x0000000047ca1b50
>   Counted iterations: 60
>   Execution time: 6225072 us
>   Job WCET: 183108 us
>   Iteration WCET: 1831 us
>   Average job runtime: 103751 us
>   Agerage iteration runtime: 1037 us
>   Iterations per job: 100
Task [1]: 0x0000000047c818d0
>   Counted iterations: 60
>   Execution time: 15652414 us
>   Job WCET: 806960 us
>   Iteration WCET: 806960 us
>   Average job runtime: 260873 us
>   Agerage iteration runtime: 260873 us
>   Iterations per job: 1
Task [2]: 0x0000000047c61650
>   Counted iterations: 60
>   Execution time: 4026 us
>   Job WCET: 134 us
>   Iteration WCET: 5 us
>   Average job runtime: 67 us
>   Agerage iteration runtime: 2 us
>   Iterations per job: 25
Task [3]: 0x0000000047c413d0
>   Counted iterations: 60
>   Execution time: 4024 us
>   Job WCET: 134 us
>   Iteration WCET: 5 us
>   Average job runtime: 67 us
>   Agerage iteration runtime: 2 us
>   Iterations per job: 25
Taskset deallocation...
>  Deleting thread 0x0000000047ca1b50
>  Deleting thread 0x0000000047c818d0
>  Deleting thread 0x0000000047c61650
>  Deleting thread 0x0000000047c413d0
Done.
FINAL_TS<30723064>
begin_data
CPU0
TS,0
102576,678
202726,778
302876,878
403026,978
503177,1078
603315,1178
703447,1278
803597,1378
903747,1478
1003898,1578
1105038,1679
1205170,1779
1305320,1879
1405470,1979
1505622,2079
1605762,2179
1705895,2279
1806045,2379
1906195,2479
2006345,2579
2107486,2680
2207619,2780
2307769,2880
2407919,2980
2508070,3080
2608209,3180
2708340,3280
2808490,3380
2908641,3480
3008792,3580
3109930,3681
3210062,3781
3310212,3881
3410362,3981
3510513,4081
3610649,4181
3710783,4281
3810932,4381
3911082,4481
4011235,4581
4112372,4682
4212505,4782
4312655,4882
4412805,4982
4512955,5082
4613096,5182
4713231,5282
4813381,5382
4913531,5482
5013683,5582
5121861,5690
5222023,5790
5322183,5890
5422359,5990
5522538,6090
5622711,6190
5722871,6290
5823033,6390
5923205,6490
6023384,6590
6124556,6691
6224719,6791
6324878,6891
6425053,6991
6525235,7091
6625408,7191
6725569,7291
6825734,7391
6925908,7491
7026086,7591
7127260,7692
7227423,7792
7327589,7892
7427764,7992
7527945,8092
7628121,8192
7728283,8292
7828448,8392
7928623,8492
8028804,8592
8129976,8693
8230141,8793
8330306,8893
8430480,8993
8530661,9093
8630835,9193
8730998,9293
8831162,9393
8931336,9493
9031515,9593
9132693,9694
9232858,9794
9333023,9894
9433196,9994
9533376,10094
9633555,10194
9733722,10294
9833889,10394
9934062,10494
10034242,10594
10143474,10703
10243691,10803
10343907,10903
10444123,11003
10544350,11103
10644575,11203
10744791,11303
10845007,11403
10945220,11503
11045446,11603
11146671,11704
11246891,11804
11347109,11904
11447331,12004
11547555,12104
11647781,12204
11747997,12304
11848216,12404
11948437,12504
12048660,12604
12149883,12705
12250100,12805
12350316,12905
12450534,13005
12550756,13105
12650981,13205
12751198,13305
12851416,13405
12951636,13505
13051860,13605
13153084,13706
13253304,13806
13353519,13906
13453738,14006
13553964,14106
13654191,14206
13754409,14306
13854630,14406
13954846,14506
14055070,14606
14156294,14707
14256510,14807
14356727,14907
14456946,15007
14557171,15107
14657396,15207
14757614,15307
14857835,15407
14958052,15507
15058276,15607
15167563,15716
15267825,15816
15368093,15916
15468364,16016
15568629,16116
15668900,16216
15769175,16316
15869437,16416
15969705,16516
16069976,16616
16171250,16717
16271520,16817
16371788,16917
16472059,17017
16572326,17117
16672594,17217
16772865,17317
16873132,17417
16973398,17517
17073668,17617
17174942,17718
17275208,17818
17375474,17918
17475739,18018
17576009,18118
17676278,18218
17776550,18318
17876816,18418
17977081,18518
18077347,18618
18178620,18719
18278889,18819
18379156,18919
18479424,19019
18579691,19119
18679958,19219
18780227,19319
18880492,19419
18980762,19519
19081030,19619
19182302,19720
19282570,19820
19382839,19920
19483107,20020
19583372,20120
19683643,20220
19783913,20320
19884177,20420
19984443,20520
20084710,20620
20187857,20723
20287988,20823
20388121,20923
20488253,21023
20588388,21123
20688529,21223
20788658,21323
20888793,21423
20988943,21523
21089093,21623
21190226,21724
21290366,21824
21390516,21924
21490666,22024
21590815,22124
21690947,22224
21791088,22324
21891238,22424
21991388,22524
22091539,22624
22192671,22725
22292813,22825
22392963,22925
22493113,23025
22593264,23125
22693394,23225
22793536,23325
22893686,23425
22993836,23525
23093988,23625
23195120,23726
23295260,23826
23395410,23926
23495560,24026
23595712,24126
23695844,24226
23795985,24326
23896135,24426
23996285,24526
24096436,24626
24197569,24727
24297709,24827
24397859,24927
24498009,25027
24598158,25127
24698291,25227
24798432,25327
24898582,25427
24998732,25527
25098883,25627
25200016,25728
25300157,25828
25400308,25928
25500457,26028
25600609,26128
25700742,26228
25800882,26328
25901032,26428
26001183,26528
26101332,26628
26202467,26729
26302608,26829
26402758,26929
26502908,27029
26603057,27129
26703190,27229
26803332,27329
26903482,27429
27003632,27529
27103781,27629
27204915,27730
27305057,27830
27405207,27930
27505357,28030
27605507,28130
27705640,28230
27805781,28330
27905932,28430
28006082,28530
28106234,28630
28207369,28731
28307510,28831
28407660,28931
28507811,29031
28607959,29131
28708092,29231
28808235,29331
28908388,29431
29008542,29531
29108691,29631
29209822,29732
29309962,29832
29410112,29932
29510262,30032
29610411,30132
29710544,30232
29810685,30332
29910835,30432
30010985,30532
30111134,30632
30211268,30732
30311408,30832
30411558,30932
30511708,31032
TS,1
102577,0
202727,0
302876,0
403026,0
503178,0
603316,0
703447,0
803597,0
903747,0
1003899,0
1105039,0
1205170,0
1305320,0
1405470,0
1505622,0
1605763,0
1705895,0
1806045,0
1906195,0
2006346,0
2107487,0
2207619,0
2307769,0
2407919,0
2508071,0
2608210,0
2708341,0
2808490,0
2908641,0
3008793,0
3109931,0
3210062,0
3310212,0
3410362,0
3510514,0
3610650,0
3710783,0
3810933,0
3911083,0
4011236,0
4112373,0
4212505,0
4312655,0
4412805,0
4512956,0
4613097,0
4713231,0
4813381,0
4913531,0
5013684,0
5121862,0
5222024,0
5322183,0
5422359,0
5522539,0
5622712,0
5722872,0
5823034,0
5923205,0
6023385,0
6124558,0
6224720,0
6324879,0
6425053,0
6525236,0
6625409,0
6725570,0
6825735,0
6925908,0
7026087,0
7127261,0
7227424,0
7327590,0
7427765,0
7527946,0
7628121,0
7728284,0
7828449,0
7928623,0
8028805,0
8129977,0
8230142,0
8330307,0
8430480,0
8530662,0
8630836,0
8730999,0
8831163,0
8931336,0
9031517,0
9132694,0
9232859,0
9333024,0
9433197,0
9533377,0
9633556,0
9733722,0
9833891,0
9934062,0
10034243,0
10143475,0
10243692,0
10343908,0
10444124,0
10544351,0
10644576,0
10744792,0
10845008,0
10945221,0
11045447,0
11146673,0
11246892,0
11347110,0
11447333,0
11547557,0
11647782,0
11747998,0
11848217,0
11948438,0
12048661,0
12149884,0
12250101,0
12350318,0
12450535,0
12550757,0
12650982,0
12751199,0
12851418,0
12951637,0
13051861,0
13153086,0
13253305,0
13353520,0
13453740,0
13553965,0
13654192,0
13754410,0
13854632,0
13954847,0
14055071,0
14156295,0
14256512,0
14356728,0
14456947,0
14557172,0
14657397,0
14757615,0
14857836,0
14958053,0
15058277,0
15167564,0
15267826,0
15368095,0
15468365,0
15568631,0
15668902,0
15769176,0
15869439,0
15969707,0
16069977,0
16171252,0
16271521,0
16371789,0
16472060,0
16572327,0
16672596,0
16772866,0
16873133,0
16973399,0
17073670,0
17174944,0
17275210,0
17375475,0
17475741,0
17576011,0
17676279,0
17776551,0
17876818,0
17977083,0
18077349,0
18178622,0
18278891,0
18379158,0
18479426,0
18579692,0
18679960,0
18780229,0
18880494,0
18980763,0
19081032,0
19182304,0
19282572,0
19382840,0
19483109,0
19583373,0
19683644,0
19783914,0
19884178,0
19984444,0
20084711,0
20187857,0
20287989,0
20388122,0
20488254,0
20588389,0
20688530,0
20788659,0
20888793,0
20988943,0
21089093,0
21190227,0
21290366,0
21390516,0
21490666,0
21590816,0
21690948,0
21791088,0
21891238,0
21991388,0
22091540,0
22192672,0
22292813,0
22392963,0
22493113,0
22593265,0
22693395,0
22793536,0
22893686,0
22993836,0
23093989,0
23195121,0
23295261,0
23395411,0
23495561,0
23595713,0
23695845,0
23795985,0
23896135,0
23996285,0
24096437,0
24197570,0
24297709,0
24397859,0
24498009,0
24598159,0
24698292,0
24798433,0
24898582,0
24998732,0
25098884,0
25200017,0
25300158,0
25400308,0
25500458,0
25600609,0
25700742,0
25800883,0
25901033,0
26001183,0
26101333,0
26202468,0
26302609,0
26402758,0
26502908,0
26603057,0
26703191,0
26803332,0
26903482,0
27003632,0
27103782,0
27204915,0
27305057,0
27405207,0
27505357,0
27605508,0
27705640,0
27805782,0
27905932,0
28006082,0
28106234,0
28207370,0
28307511,0
28407660,0
28507811,0
28607960,0
28708092,0
28808236,0
28908388,0
29008542,0
29108692,0
29209823,0
29309962,0
29410112,0
29510262,0
29610411,0
29710544,0
29810685,0
29910835,0
30010985,0
30111135,0
30211268,0
30311409,0
30411558,0
30511708,0
TS,2
102577,0
202727,0
302877,0
403027,0
503179,0
603316,0
703448,0
803597,0
903747,0
1003900,0
1105040,0
1205171,0
1305320,0
1405470,0
1505623,0
1605764,0
1705895,0
1806045,0
1906195,0
2006347,0
2107488,0
2207620,0
2307769,0
2407919,0
2508071,0
2608210,0
2708341,0
2808491,0
2908641,0
3008793,0
3109931,0
3210062,0
3310212,0
3410362,0
3510514,0
3610651,0
3710783,0
3810933,0
3911083,0
4011236,0
4112373,0
4212506,0
4312655,0
4412805,0
4512957,0
4613097,0
4713231,0
4813381,0
4913531,0
5013685,0
5121863,0
5222025,0
5322184,0
5422359,0
5522540,0
5622713,0
5722873,0
5823035,0
5923205,0
6023387,0
6124559,0
6224721,0
6324880,0
6425054,0
6525237,0
6625410,0
6725571,0
6825736,0
6925908,0
7026088,0
7127262,0
7227426,0
7327591,0
7427765,0
7527948,0
7628123,0
7728285,0
7828450,0
7928623,0
8028806,0
8129978,0
8230143,0
8330308,0
8430481,0
8530663,0
8630837,0
8731000,0
8831164,0
8931337,0
9031518,0
9132695,0
9232860,0
9333025,0
9433197,0
9533378,0
9633557,0
9733723,0
9833892,0
9934062,0
10034244,0
10143477,0
10243693,0
10343909,0
10444126,0
10544353,0
10644577,0
10744793,0
10845009,0
10945222,0
11045449,0
11146674,0
11246894,0
11347111,0
11447334,0
11547558,0
11647784,0
11748000,0
11848218,0
11948439,0
12048663,0
12149886,0
12250102,0
12350319,0
12450537,0
12550758,0
12650984,0
12751200,0
12851419,0
12951638,0
13051862,0
13153087,0
13253306,0
13353521,0
13453741,0
13553967,0
13654194,0
13754411,0
13854633,0
13954848,0
14055073,0
14156296,0
14256513,0
14356729,0
14456948,0
14557173,0
14657399,0
14757616,0
14857837,0
14958054,0
15058278,0
15167566,0
15267828,0
15368096,0
15468367,0
15568632,0
15668903,0
15769178,0
15869441,0
15969708,0
16069979,0
16171253,0
16271523,0
16371791,0
16472062,0
16572329,0
16672598,0
16772868,0
16873135,0
16973401,0
17073671,0
17174945,0
17275212,0
17375476,0
17475742,0
17576012,0
17676281,0
17776553,0
17876819,0
17977084,0
18077351,0
18178623,0
18278892,0
18379159,0
18479427,0
18579693,0
18679961,0
18780230,0
18880496,0
18980764,0
19081033,0
19182305,0
19282574,0
19382842,0
19483110,0
19583375,0
19683646,0
19783916,0
19884180,0
19984446,0
20084713,0
20187858,0
20287990,0
20388123,0
20488255,0
20588390,0
20688531,0
20788659,0
20888793,0
20988943,0
21089094,0
21190227,0
21290366,0
21390516,0
21490666,0
21590817,0
21690949,0
21791089,0
21891238,0
21991388,0
22091540,0
22192673,0
22292813,0
22392963,0
22493113,0
22593266,0
22693396,0
22793536,0
22893686,0
22993836,0
23093990,0
23195122,0
23295261,0
23395411,0
23495561,0
23595713,0
23695845,0
23795986,0
23896135,0
23996285,0
24096438,0
24197571,0
24297710,0
24397859,0
24498009,0
24598159,0
24698293,0
24798433,0
24898583,0
24998733,0
25098884,0
25200018,0
25300158,0
25400308,0
25500458,0
25600610,0
25700743,0
25800883,0
25901033,0
26001183,0
26101334,0
26202469,0
26302609,0
26402759,0
26502909,0
26603058,0
26703191,0
26803332,0
26903482,0
27003632,0
27103783,0
27204916,0
27305057,0
27405207,0
27505357,0
27605509,0
27705641,0
27805782,0
27905932,0
28006082,0
28106235,0
28207371,0
28307511,0
28407661,0
28507811,0
28607961,0
28708093,0
28808236,0
28908389,0
29008542,0
29108693,0
29209823,0
29309963,0
29410112,0
29510262,0
29610412,0
29710545,0
29810685,0
29910835,0
30010985,0
30111136,0
30211269,0
30311409,0
30411559,0
30511709,0
TS,3
102577,4611686018427387903
202727,4611686018427387903
302877,4611686018427387903
403027,4611686018427387903
503180,4611686018427387903
603318,4611686018427387903
703448,4611686018427387903
803598,4611686018427387903
903747,4611686018427387903
1003900,4611686018427387903
1105040,4611686018427387903
1205171,4611686018427387903
1305320,4611686018427387903
1405471,4611686018427387903
1505624,4611686018427387903
1605764,4611686018427387903
1705896,4611686018427387903
1806045,4611686018427387903
1906195,4611686018427387903
2006348,4611686018427387903
2107489,4611686018427387903
2207620,4611686018427387903
2307769,4611686018427387903
2407919,4611686018427387903
2508072,4611686018427387903
2608211,4611686018427387903
2708341,4611686018427387903
2808491,4611686018427387903
2908641,4611686018427387903
3008794,4611686018427387903
3109932,4611686018427387903
3210063,4611686018427387903
3310212,4611686018427387903
3410362,4611686018427387903
3510515,4611686018427387903
3610652,4611686018427387903
3710783,4611686018427387903
3810933,4611686018427387903
3911083,4611686018427387903
4011237,4611686018427387903
4112374,4611686018427387903
4212506,4611686018427387903
4312655,4611686018427387903
4412805,4611686018427387903
4512958,4611686018427387903
4613098,4611686018427387903
4713232,4611686018427387903
4813381,4611686018427387903
4913531,4611686018427387903
5013686,4611686018427387903
5121864,4611686018427387903
5222026,4611686018427387903
5322184,4611686018427387903
5422360,4611686018427387903
5522541,4611686018427387903
5622714,4611686018427387903
5722874,4611686018427387903
5823036,4611686018427387903
5923206,4611686018427387903
6023387,4611686018427387903
6124560,4611686018427387903
6224722,4611686018427387903
6324881,4611686018427387903
6425054,4611686018427387903
6525237,4611686018427387903
6625411,4611686018427387903
6725572,4611686018427387903
6825737,4611686018427387903
6925909,4611686018427387903
7026089,4611686018427387903
7127263,4611686018427387903
7227427,4611686018427387903
7327592,4611686018427387903
7427765,4611686018427387903
7527948,4611686018427387903
7628124,4611686018427387903
7728286,4611686018427387903
7828451,4611686018427387903
7928624,4611686018427387903
8028807,4611686018427387903
8129979,4611686018427387903
8230144,4611686018427387903
8330309,4611686018427387903
8430482,4611686018427387903
8530664,4611686018427387903
8630838,4611686018427387903
8731001,4611686018427387903
8831165,4611686018427387903
8931337,4611686018427387903
9031518,4611686018427387903
9132696,4611686018427387903
9232861,4611686018427387903
9333026,4611686018427387903
9433198,4611686018427387903
9533379,4611686018427387903
9633558,4611686018427387903
9733724,4611686018427387903
9833893,4611686018427387903
9934063,4611686018427387903
10034245,4611686018427387903
10143478,4611686018427387903
10243695,4611686018427387903
10343911,4611686018427387903
10444127,4611686018427387903
10544354,4611686018427387903
10644579,4611686018427387903
10744794,4611686018427387903
10845010,4611686018427387903
10945223,4611686018427387903
11045450,4611686018427387903
11146675,4611686018427387903
11246895,4611686018427387903
11347112,4611686018427387903
11447335,4611686018427387903
11547559,4611686018427387903
11647785,4611686018427387903
11748001,4611686018427387903
11848219,4611686018427387903
11948440,4611686018427387903
12048664,4611686018427387903
12149887,4611686018427387903
12250103,4611686018427387903
12350320,4611686018427387903
12450538,4611686018427387903
12550760,4611686018427387903
12650985,4611686018427387903
12751202,4611686018427387903
12851421,4611686018427387903
12951639,4611686018427387903
13051863,4611686018427387903
13153088,4611686018427387903
13253307,4611686018427387903
13353522,4611686018427387903
13453742,4611686018427387903
13553968,4611686018427387903
13654195,4611686018427387903
13754412,4611686018427387903
13854634,4611686018427387903
13954850,4611686018427387903
14055074,4611686018427387903
14156298,4611686018427387903
14256514,4611686018427387903
14356730,4611686018427387903
14456949,4611686018427387903
14557174,4611686018427387903
14657400,4611686018427387903
14757617,4611686018427387903
14857838,4611686018427387903
14958055,4611686018427387903
15058279,4611686018427387903
15167568,4611686018427387903
15267829,4611686018427387903
15368098,4611686018427387903
15468368,4611686018427387903
15568634,4611686018427387903
15668905,4611686018427387903
15769179,4611686018427387903
15869442,4611686018427387903
15969710,4611686018427387903
16069980,4611686018427387903
16171255,4611686018427387903
16271524,4611686018427387903
16371792,4611686018427387903
16472063,4611686018427387903
16572330,4611686018427387903
16672599,4611686018427387903
16772869,4611686018427387903
16873136,4611686018427387903
16973402,4611686018427387903
17073673,4611686018427387903
17174947,4611686018427387903
17275213,4611686018427387903
17375478,4611686018427387903
17475744,4611686018427387903
17576014,4611686018427387903
17676282,4611686018427387903
17776554,4611686018427387903
17876821,4611686018427387903
17977085,4611686018427387903
18077352,4611686018427387903
18178625,4611686018427387903
18278894,4611686018427387903
18379161,4611686018427387903
18479429,4611686018427387903
18579695,4611686018427387903
18679963,4611686018427387903
18780232,4611686018427387903
18880497,4611686018427387903
18980766,4611686018427387903
19081035,4611686018427387903
19182307,4611686018427387903
19282575,4611686018427387903
19382843,4611686018427387903
19483112,4611686018427387903
19583376,4611686018427387903
19683647,4611686018427387903
19783917,4611686018427387903
19884181,4611686018427387903
19984447,4611686018427387903
20084714,4611686018427387903
20187859,4611686018427387903
20287990,4611686018427387903
20388124,4611686018427387903
20488255,4611686018427387903
20588390,4611686018427387903
20688531,4611686018427387903
20788660,4611686018427387903
20888794,4611686018427387903
20988943,4611686018427387903
21089095,4611686018427387903
21190228,4611686018427387903
21290367,4611686018427387903
21390516,4611686018427387903
21490666,4611686018427387903
21590817,4611686018427387903
21690950,4611686018427387903
21791089,4611686018427387903
21891238,4611686018427387903
21991388,4611686018427387903
22091541,4611686018427387903
22192673,4611686018427387903
22292814,4611686018427387903
22392963,4611686018427387903
22493113,4611686018427387903
22593266,4611686018427387903
22693396,4611686018427387903
22793537,4611686018427387903
22893686,4611686018427387903
22993836,4611686018427387903
23093991,4611686018427387903
23195122,4611686018427387903
23295262,4611686018427387903
23395411,4611686018427387903
23495561,4611686018427387903
23595714,4611686018427387903
23695846,4611686018427387903
23795986,4611686018427387903
23896136,4611686018427387903
23996285,4611686018427387903
24096438,4611686018427387903
24197572,4611686018427387903
24297710,4611686018427387903
24397859,4611686018427387903
24498009,4611686018427387903
24598160,4611686018427387903
24698293,4611686018427387903
24798433,4611686018427387903
24898583,4611686018427387903
24998733,4611686018427387903
25098885,4611686018427387903
25200019,4611686018427387903
25300158,4611686018427387903
25400308,4611686018427387903
25500458,4611686018427387903
25600611,4611686018427387903
25700744,4611686018427387903
25800883,4611686018427387903
25901033,4611686018427387903
26001183,4611686018427387903
26101334,4611686018427387903
26202470,4611686018427387903
26302609,4611686018427387903
26402759,4611686018427387903
26502909,4611686018427387903
26603059,4611686018427387903
26703192,4611686018427387903
26803333,4611686018427387903
26903482,4611686018427387903
27003632,4611686018427387903
27103783,4611686018427387903
27204917,4611686018427387903
27305058,4611686018427387903
27405207,4611686018427387903
27505357,4611686018427387903
27605509,4611686018427387903
27705642,4611686018427387903
27805782,4611686018427387903
27905932,4611686018427387903
28006082,4611686018427387903
28106236,4611686018427387903
28207371,4611686018427387903
28307511,4611686018427387903
28407661,4611686018427387903
28507811,4611686018427387903
28607961,4611686018427387903
28708094,4611686018427387903
28808236,4611686018427387903
28908389,4611686018427387903
29008542,4611686018427387903
29108694,4611686018427387903
29209824,4611686018427387903
29309963,4611686018427387903
29410112,4611686018427387903
29510263,4611686018427387903
29610413,4611686018427387903
29710546,4611686018427387903
29810686,4611686018427387903
29910835,4611686018427387903
30010985,4611686018427387903
30111136,4611686018427387903
30211270,4611686018427387903
30311409,4611686018427387903
30411559,4611686018427387903
30511709,4611686018427387903
TS,4
102578,1207149584
202727,1207149584
302877,1207149584
403027,1207149584
503181,1207149584
603319,1207149584
703448,1207149584
803598,1207149584
903747,1207149584
1003901,1207149584
1105041,1207149584
1205171,1207149584
1305320,1207149584
1405471,1207149584
1505625,1207149584
1605765,1207149584
1705896,1207149584
1806045,1207149584
1906195,1207149584
2006349,1207149584
2107490,1207149584
2207620,1207149584
2307770,1207149584
2407920,1207149584
2508073,1207149584
2608212,1207149584
2708342,1207149584
2808491,1207149584
2908641,1207149584
3008795,1207149584
3109933,1207149584
3210063,1207149584
3310212,1207149584
3410362,1207149584
3510516,1207149584
3610652,1207149584
3710784,1207149584
3810933,1207149584
3911083,1207149584
4011238,1207149584
4112375,1207149584
4212506,1207149584
4312655,1207149584
4412805,1207149584
4512959,1207149584
4613099,1207149584
4713232,1207149584
4813381,1207149584
4913531,1207149584
5013686,1207149584
5121865,1207149584
5222027,1207149584
5322185,1207149584
5422360,1207149584
5522542,1207149584
5622715,1207149584
5722875,1207149584
5823037,1207149584
5923207,1207149584
6023389,1207149584
6124561,1207149584
6224723,1207149584
6324882,1207149584
6425054,1207149584
6525239,1207149584
6625412,1207149584
6725573,1207149584
6825739,1207149584
6925909,1207149584
7026090,1207149584
7127265,1207149584
7227428,1207149584
7327593,1207149584
7427766,1207149584
7527950,1207149584
7628125,1207149584
7728287,1207149584
7828452,1207149584
7928624,1207149584
8028808,1207149584
8129980,1207149584
8230145,1207149584
8330310,1207149584
8430482,1207149584
8530666,1207149584
8630839,1207149584
8731002,1207149584
8831166,1207149584
8931337,1207149584
9031520,1207149584
9132697,1207149584
9232862,1207149584
9333027,1207149584
9433198,1207149584
9533380,1207149584
9633559,1207149584
9733725,1207149584
9833894,1207149584
9934064,1207149584
10034246,1207149584
10143479,1207149584
10243696,1207149584
10343912,1207149584
10444129,1207149584
10544355,1207149584
10644580,1207149584
10744796,1207149584
10845012,1207149584
10945225,1207149584
11045451,1207149584
11146677,1207149584
11246896,1207149584
11347114,1207149584
11447337,1207149584
11547561,1207149584
11647786,1207149584
11748002,1207149584
11848221,1207149584
11948442,1207149584
12048665,1207149584
12149888,1207149584
12250105,1207149584
12350321,1207149584
12450539,1207149584
12550761,1207149584
12650986,1207149584
12751203,1207149584
12851423,1207149584
12951641,1207149584
13051865,1207149584
13153090,1207149584
13253309,1207149584
13353524,1207149584
13453743,1207149584
13553969,1207149584
13654196,1207149584
13754414,1207149584
13854635,1207149584
13954851,1207149584
14055075,1207149584
14156299,1207149584
14256516,1207149584
14356732,1207149584
14456951,1207149584
14557175,1207149584
14657401,1207149584
14757619,1207149584
14857840,1207149584
14958057,1207149584
15058281,1207149584
15167570,1207149584
15267831,1207149584
15368099,1207149584
15468370,1207149584
15568635,1207149584
15668906,1207149584
15769181,1207149584
15869444,1207149584
15969712,1207149584
16069982,1207149584
16171257,1207149584
16271526,1207149584
16371794,1207149584
16472065,1207149584
16572332,1207149584
16672601,1207149584
16772871,1207149584
16873138,1207149584
16973404,1207149584
17073675,1207149584
17174949,1207149584
17275215,1207149584
17375479,1207149584
17475746,1207149584
17576016,1207149584
17676284,1207149584
17776556,1207149584
17876823,1207149584
17977087,1207149584
18077354,1207149584
18178626,1207149584
18278895,1207149584
18379163,1207149584
18479430,1207149584
18579697,1207149584
18679964,1207149584
18780234,1207149584
18880499,1207149584
18980768,1207149584
19081036,1207149584
19182309,1207149584
19282577,1207149584
19382845,1207149584
19483114,1207149584
19583378,1207149584
19683649,1207149584
19783919,1207149584
19884183,1207149584
19984450,1207149584
20084716,1207149584
20187860,1207149584
20287991,1207149584
20388125,1207149584
20488256,1207149584
20588391,1207149584
20688532,1207149584
20788661,1207149584
20888794,1207149584
20988943,1207149584
21089096,1207149584
21190229,1207149584
21290367,1207149584
21390516,1207149584
21490666,1207149584
21590818,1207149584
21690950,1207149584
21791089,1207149584
21891239,1207149584
21991388,1207149584
22091542,1207149584
22192674,1207149584
22292814,1207149584
22392963,1207149584
22493113,1207149584
22593267,1207149584
22693397,1207149584
22793537,1207149584
22893686,1207149584
22993836,1207149584
23093991,1207149584
23195123,1207149584
23295262,1207149584
23395411,1207149584
23495561,1207149584
23595715,1207149584
23695847,1207149584
23795986,1207149584
23896136,1207149584
23996286,1207149584
24096439,1207149584
24197572,1207149584
24297710,1207149584
24397859,1207149584
24498009,1207149584
24598161,1207149584
24698294,1207149584
24798434,1207149584
24898583,1207149584
24998733,1207149584
25098886,1207149584
25200020,1207149584
25300159,1207149584
25400308,1207149584
25500458,1207149584
25600612,1207149584
25700745,1207149584
25800884,1207149584
25901033,1207149584
26001183,1207149584
26101335,1207149584
26202471,1207149584
26302610,1207149584
26402759,1207149584
26502909,1207149584
26603059,1207149584
26703193,1207149584
26803333,1207149584
26903482,1207149584
27003632,1207149584
27103784,1207149584
27204918,1207149584
27305058,1207149584
27405207,1207149584
27505357,1207149584
27605510,1207149584
27705643,1207149584
27805783,1207149584
27905932,1207149584
28006082,1207149584
28106237,1207149584
28207372,1207149584
28307512,1207149584
28407661,1207149584
28507811,1207149584
28607962,1207149584
28708095,1207149584
28808237,1207149584
28908389,1207149584
29008542,1207149584
29108694,1207149584
29209825,1207149584
29309964,1207149584
29410112,1207149584
29510263,1207149584
29610414,1207149584
29710547,1207149584
29810686,1207149584
29910835,1207149584
30010985,1207149584
30111137,1207149584
30211271,1207149584
30311410,1207149584
30411559,1207149584
30511709,1207149584
TS,5
102578,915988241
202727,916021489
302877,916054737
403027,916087985
503181,916122610
603320,916155858
703449,916189106
803598,916222354
903748,916255602
1003902,916289882
1105042,916342043
1205171,916375291
1305321,916408539
1405471,916441787
1505626,916476055
1605766,916509664
1705896,916542912
1806046,916576160
1906195,916609408
2006350,916643688
2107490,916695840
2207620,916729088
2307770,916762336
2407920,916795584
2508074,916829852
2608213,916863444
2708342,916896692
2808491,916929940
2908641,916963188
3008796,916997468
3109934,917049614
3210063,917082862
3310212,917116110
3410362,917149358
3510517,917183626
3610653,917217218
3710784,917250466
3810933,917283714
3911083,917316962
4011239,917351242
4112375,917403403
4212506,917436651
4312655,917469899
4412805,917503147
4512959,917537415
4613100,917571007
4713232,917604255
4813381,917637503
4913531,917670751
5013687,917705031
5121866,918425427
5222028,918458675
5322185,918491923
5422360,918525171
5522543,918559439
5622716,918593048
5722876,918626296
5823038,918659544
5923207,918692792
6023390,918727072
6124562,918778212
6224724,918811460
6324883,918844832
6425054,918878080
6525240,918912348
6625413,918945957
6725574,918979205
6825739,919012453
6925910,919045701
7026092,919079981
7127266,919131937
7227429,919165185
7327594,919198433
7427766,919231681
7527951,919265949
7628126,919299558
7728288,919332806
7828453,919366054
7928624,919399302
8028809,919433582
8129981,919484728
8230146,919517976
8330311,919551224
8430483,919584472
8530667,919618740
8630840,919652349
8731005,919685597
8831168,919718845
8931338,919752093
9031521,919786373
9132698,919837516
9232863,919870764
9333028,919904012
9433198,919937260
9533381,919971528
9633560,920005137
9733726,920038385
9833895,920071633
9934064,920104881
10034247,920139161
10143480,920269032
10243697,920302280
10343913,920335528
10444130,920368776
10544356,920403044
10644581,920436653
10744797,920469901
10845013,920503149
10945226,920536397
11045452,920570677
11146678,920621489
11246898,920654737
11347115,920687985
11447338,920721233
11547562,920755501
11647788,920789110
11748003,920822358
11848222,920857630
11948443,920890878
12048667,920925158
12149889,920975982
12250106,921009230
12350323,921042478
12450540,921075726
12550762,921109994
12650987,921143603
12751205,921176851
12851424,921210099
12951642,921243347
13051866,921277627
13153091,921328460
13253310,921361708
13353525,921394956
13453744,921428204
13553970,921462472
13654198,921496081
13754415,921529329
13854637,921562577
13954853,921595825
14055077,921630105
14156300,921680920
14256518,921714168
14356733,921747416
14456952,921780664
14557177,921816196
14657403,921849805
14757620,921883053
14857841,921916301
14958058,921949549
15058282,921983829
15167572,922106604
15267832,922139852
15368101,922173100
15468371,922206348
15568637,922240633
15668908,922274130
15769182,922307378
15869445,922340626
15969713,922373874
16069983,922408171
16171258,922457583
16271527,922490831
16371796,922524079
16472066,922557343
16572333,922591628
16672602,922625125
16772873,922658373
16873139,922691621
16973405,922724869
17073676,922759166
17174950,922808564
17275216,922841812
17375481,922875060
17475747,922908308
17576017,922942593
17676285,922976090
17776557,923009338
17876824,923042586
17977088,923075834
18077355,923110131
18178628,923159562
18278897,923192810
18379164,923226058
18479432,923259306
18579698,923293591
18679966,923327088
18780235,923360336
18880500,923393584
18980769,923426832
19081038,923461129
19182310,923510524
19282578,923543772
19382846,923577020
19483115,923610268
19583380,923644553
19683651,923678050
19783920,923711298
19884184,923744546
19984451,923777794
20084718,923812091
20187860,924556564
20287992,924589812
20388125,924623060
20488257,924656308
20588392,924690838
20688533,924724086
20788662,924757334
20888794,924790582
20988943,924823830
21089097,924858454
21190230,924911158
21290367,924944406
21390516,924977654
21490667,925010902
21590819,925045510
21690951,925078758
21791090,925112006
21891239,925145254
21991388,925178502
22091543,925213126
22192675,925265831
22292814,925299079
22392963,925332327
22493113,925365575
22593268,925400183
22693398,925433431
22793537,925466679
22893686,925499927
22993836,925533175
23093992,925567799
23195124,925620507
23295262,925653755
23395411,925687003
23495561,925720251
23595716,925754859
23695847,925788107
23795987,925821355
23896136,925854603
23996286,925887851
24096440,925922475
24197573,925975189
24297711,926008437
24397859,926041685
24498009,926074933
24598162,926109541
24698295,926142789
24798434,926176037
24898583,926209285
24998733,926242533
25098886,926277157
25200020,926329859
25300159,926363107
25400308,926396355
25500458,926429603
25600613,926464211
25700745,926497459
25800884,926530707
25901033,926563955
26001183,926597203
26101336,926631827
26202472,926684535
26302610,926717783
26402759,926751031
26502909,926784279
26603060,926818887
26703194,926852135
26803333,926885383
26903482,926918631
27003632,926951879
27103785,926986503
27204918,927039211
27305058,927072459
27405207,927105707
27505357,927138955
27605511,927173563
27705644,927206811
27805783,927240059
27905932,927273307
28006082,927306555
28106238,927341179
28207373,927393890
28307512,927427138
28407661,927460386
28507811,927493634
28607963,927528242
28708095,927561490
28808237,927601206
28908389,927641202
29008542,927680250
29108695,927725770
29209826,927786781
29309964,927820029
29410113,927853277
29510263,927886525
29610414,927921133
29710547,927954381
29810686,927987629
29910836,928020877
30010985,928054125
30111138,928088749
30211271,928123581
30311410,928156829
30411559,928190077
30511709,928223325
CPU1
TS,0
100667,78243524
200817,78267437
300967,78291350
401117,78315263
510276,84377782
616429,129424232
720580,172600239
820730,172624152
920880,172648065
1021027,180285171
1126176,228942796
1231326,266512539
1331476,266536452
1431626,266560365
1531772,275789201
1637926,329184386
1742077,360813229
1842227,360837142
1942377,360861055
2048410,371510798
2157686,433728496
2262839,454009357
2362989,454033270
2463139,454057183
2568291,475294581
2668430,532841327
2773584,547374114
2873734,547398027
2973884,547421940
3079034,574435122
3179175,632019088
3284329,640742195
3384479,640766108
3484629,642199015
3589779,673554012
3689921,731091451
3795075,734116403
3895225,734140316
3995375,737115765
4100525,773019302
4205672,827834060
4305822,827857973
4405972,827881886
4506121,832410186
4611272,872341824
4716418,921381335
4816572,921405248
4916723,921429161
5016872,927512840
5126043,952512655
5226195,986457896
5330360,1015317341
5430536,1015341254
5537710,1021650077
5638868,1043566675
5739020,1077443145
5843179,1109617483
5943355,1109641396
6048521,1117017148
6148673,1143429539
6248825,1177331565
6352987,1202812463
6453163,1202836376
6555297,1210842527
6661491,1240251521
6761644,1274173736
6865811,1296178467
6965987,1296202380
7066148,1305241870
7172310,1336964546
7272460,1370888069
7376625,1389542957
7476801,1389566870
7576957,1399633628
7683117,1433710700
7783269,1467619406
7887438,1482912413
7992622,1483969560
8097781,1497150745
8197935,1530942936
8298087,1564855245
8402258,1576653904
8503435,1578741332
8606595,1593921417
8706749,1627796462
8806900,1661739754
8911074,1670199546
9014250,1673382474
9121416,1691343994
9221566,1725246574
9321719,1759191505
9425897,1764111771
9535079,1769424976
9636238,1789116194
9736391,1823035042
9836544,1856981540
9940724,1858412339
10045899,1864598859
10151097,1880778672
10251273,1904860045
10351456,1928925887
10455643,1951605647
10556843,1957206918
10661032,1971618964
10761214,1995713506
10861399,2019783317
10961584,2043853341
11063493,2050997113
11172981,2067582102
11273161,2091661773
11373341,2115727377
11476531,2138331347
11583724,2145920323
11683909,2163315057
11784089,2187381177
11884273,2211442252
11988467,2231701064
12095660,2240133970
12199853,2259485377
12300037,2283545781
12400217,2307622948
12501408,2326208292
12606596,2334645542
12708780,2355496522
12808966,2379539209
12909151,2403616415
13012346,2420529719
13117532,2429016309
13223724,2451579622
13323906,2475665401
13424089,2499732552
13533293,2516060294
13638482,2524499007
13739668,2548277509
13839854,2572347493
13940035,2596426641
14044225,2611160722
14146405,2622246962
14246587,2646281560
14346767,2670350605
14446949,2694431401
14555153,2705137510
14660347,2718083571
14760526,2742172607
14860707,2766237035
14960890,2790314450
15067087,2799287418
15168295,2808018600
15268498,2826559296
15368706,2845090300
15468916,2863662946
15578146,2883891480
15678346,2890316687
15785566,2901881794
15885787,2920394854
15985993,2938960395
16089209,2956828355
16189411,2963290471
16292618,2974652744
16392826,2993156464
16493039,3011636590
16601260,3029246149
16701463,3035711138
16801665,3048092896
16901872,3066650092
17002079,3085215105
17102302,3101188718
17202503,3107649670
17308716,3120428000
17408923,3138997669
17513140,3158303812
17613349,3173229315
17713554,3179662643
17815765,3192137472
17915972,3210617017
18025203,3230835833
18125408,3244547821
18225608,3251012561
18330827,3267418204
18431036,3285956578
18536269,3305353247
18636474,3317843029
18736668,3324305404
18843887,3341959432
18944098,3360535674
19047313,3379590394
19147516,3390814726
19247717,3397240564
19354935,3416144093
19455143,3434711563
19558360,3453825858
19658563,3463890709
19765778,3471876306
19865994,3490294795
19966202,3508879765
20070419,3528175023
20173580,3548536895
20273720,3605601226
20373863,3662811391
20474006,3720251933
20581158,3781365744
20681302,3809123914
20781442,3866184723
20888594,3916475235
20988744,3916499148
21097903,3932962571
21198044,3990425421
21302198,4010364295
21402348,4010388208
21502498,4010412121
21608651,4032942915
21708791,4090475125
21812945,4104665198
21913095,4104689111
22013245,4104713024
22119398,4131929854
22219539,4189426263
22323692,4197858962
22423842,4197882875
22523993,4199437321
22630146,4231011271
22730288,4288599492
22834443,4291223470
22934593,4291247383
23034744,4294323259
23140892,4330183771
23245040,4384564065
23345190,4384587978
23445340,4384611891
23545489,4389266250
23651640,4429255621
23755789,4477934460
23855939,4477958373
23956089,4477982286
24056238,4484150466
24162390,4528792318
24266541,4571676037
24366691,4571699950
24466841,4571723863
24566990,4579473465
24673142,4628052552
24777293,4665223334
24877443,4665247247
24977593,4665271160
25077741,4674580413
25183893,4727769941
25288044,4759135656
25388194,4759159569
25488344,4759183482
25588492,4770053137
25694643,4827759887
25798794,4853436559
25898944,4853460472
25999094,4853484385
26105254,4869288148
26205397,4926738575
26309549,4946631819
26409699,4946655732
26509849,4946679645
26616007,4968346543
26716151,5025878835
26820303,5039996327
26920453,5040020240
27020604,5040044153
27126763,5067502207
27226905,5124991900
27331059,5133360835
27431209,5133384748
27531359,5134938658
27637515,5166580460
27737656,5224191671
27841811,5226731230
27941961,5226755143
28042113,5229846841
28148267,5266123541
28252414,5320448894
28352564,5320472807
28452714,5320496720
28552863,5325148326
28659016,5365382062
28763165,5413996191
28863319,5414020104
28963471,5414044017
29063623,5420284693
29169774,5465115495
29273921,5507927237
29374071,5507951150
29474221,5507975063
29583380,5517189637
29689536,5570311920
29794687,5602233724
29894836,5602257637
29994987,5602281550
30101127,5612934461
30210294,5675036451
30315447,5695433020
30415597,5695456933
30515747,5695480846
CPU2
TS,0
109691,62400511
209841,62424424
309991,62448337
410141,62472250
519305,62549879
619447,62573792
719590,62597705
819740,62621618
919890,62645531
1020039,62720834
1120177,62744747
1220320,62768660
1320470,62792573
1420620,62816486
1520769,62891789
1620913,62915702
1721056,62939615
1821206,62963528
1921356,62987441
2021505,63062744
2121645,63086657
2221787,63110570
2321937,63134483
2422087,63158396
2522237,63233699
2622376,63257612
2722516,63281525
2822666,63305438
2922816,63329351
3022966,63404654
3123105,63428567
3223247,63452480
3323397,63476393
3423547,63500306
3523697,63575609
3623834,63599522
3723976,63623435
3824126,63647348
3924276,63671261
4024425,63746564
4124564,63770477
4224707,63794390
4324857,63818303
4425007,63842216
4525156,63917519
4625295,63941432
4725431,63965345
4825580,63989258
4925730,64013171
5025882,64088474
5126059,64112387
5226232,64136300
5326402,64160213
5426578,64184126
5526758,64259433
5626939,64283346
5727110,64307259
5827280,64331172
5927454,64355085
6027633,64430388
6127811,64454301
6227982,64478214
6328155,64502127
6428330,64526040
6528508,64601343
6628687,64625256
6728857,64649169
6829027,64673082
6929202,64696995
7029381,64773320
7129558,64797233
7229726,64821146
7329895,64845059
7430070,64868972
7530250,64944275
7630426,64968188
7730593,64992101
7830760,65016014
7930935,65039927
8031115,65115230
8131293,65139143
8231461,65163056
8331631,65186969
8431805,65210882
8531985,65286185
8632163,65310098
8732329,65334011
8832496,65357924
8932671,65381837
9032849,65457140
9133027,65481053
9233193,65504966
9333363,65528879
9433537,65552792
9533715,65628095
9633894,65652008
9734060,65675921
9834229,65699834
9934402,65723747
10034581,65799050
10134801,65822963
10235018,65846876
10335237,65870789
10435454,65894702
10535673,65970009
10635897,65993922
10736115,66017835
10836332,66041748
10936551,66065661
11036770,66140964
11136993,66164877
11237212,66188790
11337428,66212703
11437646,66236616
11537865,66311919
11638090,66335832
11738309,66359745
11838526,66383658
11938743,66407571
12038962,66482876
12139187,66506789
12239405,66530702
12339623,66554615
12439840,66578528
12540061,66656183
12640285,66680096
12740502,66704009
12840719,66727922
12940938,66751835
13041159,66829322
13141383,66853235
13241600,66877148
13341818,66901061
13442035,66924974
13542256,67000277
13642480,67024190
13742697,67048103
13842918,67072016
13943136,67095929
14043357,67171232
14143581,67195145
14243799,67219058
14344018,67242971
14444235,67266884
14544456,67343127
14644680,67367040
14744898,67390953
14845116,67414866
14945336,67438779
15045555,67514082
15145816,67537995
15246084,67561908
15346349,67585821
15446620,67609734
15546884,67685041
15647152,67708954
15747419,67732867
15847685,67756780
15947951,67780693
16048216,67855996
16148482,67879909
16248751,67903822
16349016,67927735
16449282,67951648
16549545,68026951
16649813,68050864
16750080,68074777
16850347,68098690
16950613,68122603
17050880,68197906
17151148,68221819
17251417,68245732
17351686,68269645
17451951,68293558
17552218,68368861
17652488,68392774
17752755,68416687
17853024,68440600
17953288,68464513
18053555,68539816
18153822,68563729
18254088,68587642
18354358,68611555
18454625,68635468
18554891,68710771
18655159,68734684
18755428,68758597
18855695,68782510
18955964,68806423
19056229,68881726
19156498,68905639
19256767,68929552
19357035,68953465
19457302,68977378
19557569,69052681
19657837,69076594
19758105,69100507
19858373,69124420
19958644,69148333
20058906,69223636
20159091,69247549
20259226,69271462
20359358,69295375
20459490,69319288
20559622,69394591
20659766,69418504
20759897,69442417
20860030,69466330
20960177,69490243
21060327,69565546
21160465,69589459
21260602,69613372
21360752,69637285
21460902,69661198
21561052,69736501
21661190,69760414
21761326,69784327
21861476,69808240
21961626,69832153
22061777,69907456
22161915,69931369
22262052,69955282
22362202,69979195
22462352,70003108
22562502,70083411
22662640,70107324
22762777,70131237
22862927,70155150
22963077,70179063
23063229,70259882
23163366,70283795
23263502,70307708
23363652,70331621
23463802,70355534
23563951,70430837
23664087,70454750
23764223,70478663
23864373,70502576
23964523,70526489
24064673,70601792
24164810,70625705
24264946,70649618
24365096,70673531
24465246,70697444
24565396,70772747
24665534,70796660
24765670,70820573
24865820,70844486
24965970,70868399
25066120,70943702
25166258,70967615
25266396,70991528
25366546,71015441
25466696,71039354
25566846,71114657
25666984,71138570
25767120,71162483
25867270,71186396
25967420,71210309
26067570,71285612
26167706,71309525
26267842,71333438
26367992,71357351
26468142,71381264
26568292,71456567
26668429,71480480
26768565,71504393
26868715,71528306
26968865,71552219
27069016,71627522
27169152,71651435
27269290,71675348
27369440,71699261
27469590,71723174
27569741,71798477
27669879,71822390
27770016,71846303
27870166,71870216
27970316,71894129
28070465,71969432
28170600,71993345
28270737,72017258
28370887,72041171
28471037,72065084
28571187,72140387
28671326,72164300
28771448,72188213
28871548,72212126
28971648,72236039
29071773,72311342
29171913,72335255
29272054,72359168
29372204,72383081
29472354,72406994
29572503,72484873
29672640,72508786
29772782,72532699
29872932,72556612
29973082,72580525
30073231,72655828
30173368,72679741
30273508,72703654
30373658,72727567
30473808,72751480
CPU3
TS,0
108697,62396899
208847,62420812
308997,62444725
409147,62468638
509298,62544314
609447,62568227
709596,62592140
809746,62616053
909896,62639966
1010047,62715269
1110196,62739182
1210341,62763095
1310491,62787008
1410641,62810921
1510793,62886224
1610940,62910137
1711086,62934050
1811236,62957963
1911386,62981876
2011538,63057179
2111685,63081092
2211832,63105005
2311982,63128918
2412132,63152831
2512283,63228134
2612429,63252047
2712573,63275960
2812723,63299873
2912873,63323786
3013024,63399089
3113170,63423002
3213314,63446915
3313464,63470828
3413614,63494741
3513765,63570044
3613912,63593957
3714056,63617870
3814206,63641783
3914356,63665696
4014506,63740999
4114654,63764912
4214798,63788825
4314948,63812738
4415098,63836651
4515248,63911954
4615392,63935867
4715525,63959780
4815664,63983693
4915814,64007606
5015965,64082909
5116149,64106822
5216326,64130735
5316506,64154648
5416681,64178561
5516861,64253868
5617045,64277781
5717221,64301694
5817397,64325607
5917572,64349520
6017752,64424823
6117933,64448736
6218109,64472649
6318281,64496562
6418457,64520475
6518636,64595778
6618817,64619691
6718996,64643604
6819171,64667517
6919346,64691430
7019526,64766733
7119707,64790646
7219883,64814559
7320056,64838472
7420231,64862385
7520411,64937690
7620591,64961603
7720765,64985516
7820938,65009429
7921113,65033342
8021292,65108645
8121475,65132558
8221649,65156471
8321822,65180384
8421996,65204297
8522176,65279600
8622358,65303513
8722530,65327426
8822702,65351339
8922876,65375252
9023056,65450555
9123237,65474468
9223409,65498381
9323581,65522294
9423756,65546207
9523935,65621510
9624116,65645423
9724289,65669336
9824462,65693249
9924636,65717162
10024816,65792465
10125036,65816378
10225258,65840291
10325478,65864204
10425700,65888117
10525923,65963424
10626150,65987337
10726372,66011250
10826592,66035163
10926811,66059076
11027036,66134379
11127261,66158292
11227480,66182205
11327699,66206118
11427918,66230031
11528141,66306264
11628365,66330177
11728584,66354090
11828803,66378003
11929022,66401916
12029244,66477219
12129469,66501132
12229691,66525045
12329908,66548958
12430128,66572871
12530351,66650134
12630577,66674047
12730796,66697960
12831015,66721873
12931231,66745786
13031455,66823309
13131679,66847222
13231901,66871135
13332119,66895048
13432337,66918961
13532559,66994264
13632784,67018177
13733005,67042090
13833224,67066003
13933441,67089916
14033664,67165219
14133888,67189132
14234108,67213045
14334325,67236958
14434545,67260871
14534767,67336174
14634990,67360087
14735210,67384000
14835428,67407913
14935645,67431826
15035868,67507129
15136126,67531042
15236397,67554955
15336663,67578868
15436930,67602781
15537200,67678088
15637468,67702001
15737734,67725914
15838003,67749827
15938272,67773740
16038542,67849045
16138809,67872958
16239076,67896871
16339342,67920784
16439611,67944697
16539880,68020000
16640145,68043913
16740415,68067826
16840680,68091739
16940948,68115652
17041216,68190955
17141481,68214868
17241748,68238781
17342015,68262694
17442283,68286607
17542552,68361910
17642818,68385823
17743082,68409736
17843350,68433649
17943621,68457562
18043889,68532865
18144153,68556778
18244419,68580691
18344685,68604604
18444951,68628517
18545218,68703820
18645487,68727733
18745755,68751646
18846020,68775559
18946287,68799472
19046557,68874775
19146824,68898688
19247093,68922601
19347357,68946514
19447623,68970427
19547888,69045730
19648156,69069643
19748420,69093556
19848689,69117469
19948958,69141382
20049224,69216685
20149423,69240598
20249556,69264511
20349688,69288424
20449821,69312337
20549952,69387640
20650094,69411553
20750230,69435466
20850362,69459379
20950508,69483292
21050658,69558595
21150795,69582508
21250931,69606421
21351081,69630334
21451231,69654247
21551382,69729550
21651519,69753463
21751652,69777376
21851802,69801289
21951952,69825202
22052104,69900505
22152242,69924418
22252376,69948331
22352526,69972244
22452676,69996157
22552827,70076772
22652966,70100685
22753101,70124598
22853251,70148511
22953401,70172424
23053553,70252315
23153691,70276228
23253824,70300141
23353974,70324054
23454124,70347967
23554275,70423270
23654413,70447183
23754552,70471096
23854702,70495009
23954852,70518922
24055003,70594225
24155141,70618138
24255275,70642051
24355425,70665964
24455575,70689877
24555725,70765180
24655863,70789093
24756000,70813006
24856150,70836919
24956300,70860832
25056451,70936135
25156589,70960048
25256722,70983961
25356872,71007874
25457022,71031787
25557171,71107090
25657310,71131003
25757443,71154916
25857593,71178829
25957743,71202742
26057894,71278045
26158032,71301958
26258165,71325871
26358315,71349784
26458465,71373697
26558616,71449000
26658756,71472913
26758892,71496826
26859042,71520739
26959192,71544652
27059343,71619955
27159482,71643868
27259615,71667781
27359765,71691694
27459915,71715607
27560064,71790910
27660200,71814823
27760336,71838736
27860486,71862649
27960636,71886562
28060786,71961865
28160926,71985778
28261058,72009691
28361208,72033604
28461358,72057517
28561508,72132820
28661647,72156733
28761782,72180646
28861932,72204559
28962082,72228472
29062233,72303775
29162371,72327688
29262503,72351601
29362653,72375514
29462803,72399427
29562953,72475522
29663090,72499435
29763222,72523348
29863372,72547261
29963522,72571174
30063671,72646477
30163809,72670390
30263942,72694303
30364092,72718216
30464242,72742129
end_data


*** The last thread under control of EPOS has finished.
*** EPOS is shutting down!

(C)StarFive
CCCCCCCCCCCCCCC